url,title,description,content,subjects,grade_level,curriculum,resources,scraped_at,education_level,level,type,grade,grades
https://oer.kec.ac.ke/#content,oer.kec.ac.ke,,"Home About Learning Areas Resources Menu Toggle Learning Areas Forums Events Calendar Mobile App Contact Log In Register Home About Learning Areas Resources Menu Toggle Learning Areas Forums Events Calendar Mobile App Contact Log In Register Home About Learning Areas Resources Menu Toggle Learning Areas Forums Events Calendar Mobile App Contact Log In Register Home About Learning Areas Resources Menu Toggle Learning Areas Forums Events Calendar Mobile App Contact Log In Register Home About Learning Areas Resources Menu Toggle Learning Areas Forums Events Calendar Mobile App Contact Log In Register Main Menu Main Menu Home About Learning Areas Resources Menu Toggle Learning Areas Forums Events Calendar Mobile App Contact Log In Register Home About Learning Areas Resources Menu Toggle Learning Areas Forums Events Calendar Mobile App Contact Log In Register Home About Learning Areas Resources Menu Toggle Learning Areas Forums Events Calendar Mobile App Contact Log In Register Home About Learning Areas Resources Menu Toggle Learning Areas Forums Events Calendar Mobile App Contact Log In Register OER Open Education Resources Platform Building Skills, Shaping Ethics for a Better Future Featured OERs Pre Primary Primary Junior School Senior School OPEN EDUCATION RESOURCES Grade 6 Music Grade 6 Agriculture Grade 6 Social Studies – Strand 2 (Visual Impairment) Grade 6 Christian Religious Education See More WHAT WE OFFER At KICD we are dedicated to empowering learners with tools and curated resources so that they can excel academically and prepare them for an ever evolving future. Here is what you can expect from us: Comprehensive Content Explore a wide range of subjects, from math and science to literature and art. Our interactive courses are designed to engage students with dynamic content, including videos, quizzes, and hands-on projects Expert Instruction Learn from experienced educators and who bring real-world knowledge and insights into the classroom. Our instructors are dedicated to providing clear explanations and fostering a collaborative learning environment Flexible Learning Options Whether you prefer self-paced study or structured schedules, our platform offers flexible learning paths that fit your lifestyle. Access content anytime, and from anywhere, so you can learn at your own pace Exceptional Support Our dedicated support team is always here to help. Whether you have questions about a course or need technical assistance, we’re committed to ensuring you have a smooth and enjoyable learning experience Share on Facebook Share on LinkedIn Email this Page OER Open Education Resources Platform Building Skills, Shaping Ethics for a Better Future Featured OERs Pre Primary Primary Junior School Senior School OPEN EDUCATION RESOURCES Grade 6 Music Grade 6 Agriculture Grade 6 Social Studies – Strand 2 (Visual Impairment) Grade 6 Christian Religious Education See More WHAT WE OFFER At KICD we are dedicated to empowering learners with tools and curated resources so that they can excel academically and prepare them for an ever evolving future. Here is what you can expect from us: Comprehensive Content Explore a wide range of subjects, from math and science to literature and art. Our interactive courses are designed to engage students with dynamic content, including videos, quizzes, and hands-on projects Expert Instruction Learn from experienced educators and who bring real-world knowledge and insights into the classroom. Our instructors are dedicated to providing clear explanations and fostering a collaborative learning environment Flexible Learning Options Whether you prefer self-paced study or structured schedules, our platform offers flexible learning paths that fit your lifestyle. Access content anytime, and from anywhere, so you can learn at your own pace Exceptional Support Our dedicated support team is always here to help. Whether you have questions about a course or need technical assistance, we’re committed to ensuring you have a smooth and enjoyable learning experience Share on Facebook Share on LinkedIn Email this Page OER Open Education Resources Platform Building Skills, Shaping Ethics for a Better Future Featured OERs Pre Primary Primary Junior School Senior School OPEN EDUCATION RESOURCES Grade 6 Music Grade 6 Agriculture Grade 6 Social Studies – Strand 2 (Visual Impairment) Grade 6 Christian Religious Education See More WHAT WE OFFER At KICD we are dedicated to empowering learners with tools and curated resources so that they can excel academically and prepare them for an ever evolving future. Here is what you can expect from us: Comprehensive Content Explore a wide range of subjects, from math and science to literature and art. Our interactive courses are designed to engage students with dynamic content, including videos, quizzes, and hands-on projects Expert Instruction Learn from experienced educators and who bring real-world knowledge and insights into the classroom. Our instructors are dedicated to providing clear explanations and fostering a collaborative learning environment Flexible Learning Options Whether you prefer self-paced study or structured schedules, our platform offers flexible learning paths that fit your lifestyle. Access content anytime, and from anywhere, so you can learn at your own pace Exceptional Support Our dedicated support team is always here to help. Whether you have questions about a course or need technical assistance, we’re committed to ensuring you have a smooth and enjoyable learning experience Share on Facebook Share on LinkedIn Email this Page Featured OERs See More oer.kec.ac.ke Skip to content Home About Learning Areas Resources Menu Toggle Learning Areas Forums Events Calendar Mobile App Contact Log In Register Main Menu Home About Learning Areas Resources Menu Toggle Learning Areas Forums Events Calendar Mobile App Contact Log In Register OER Open Education Resources Platform Building Skills, Shaping Ethics for a Better Future Featured OERs Pre Primary Primary Junior School Senior School OPEN EDUCATION RESOURCES Grade 6 Music Grade 6 Agriculture Grade 6 Social Studies – Strand 2 (Visual Impairment) Grade 6 Christian Religious Education See More WHAT WE OFFER At KICD we are dedicated to empowering learners with tools and curated resources so that they can excel academically and prepare them for an ever evolving future. Here is what you can expect from us: Comprehensive Content Explore a wide range of subjects, from math and science to literature and art. Our interactive courses are designed to engage students with dynamic content, including videos, quizzes, and hands-on projects Expert Instruction Learn from experienced educators and who bring real-world knowledge and insights into the classroom. Our instructors are dedicated to providing clear explanations and fostering a collaborative learning environment Flexible Learning Options Whether you prefer self-paced study or structured schedules, our platform offers flexible learning paths that fit your lifestyle. Access content anytime, and from anywhere, so you can learn at your own pace Exceptional Support Our dedicated support team is always here to help. Whether you have questions about a course or need technical assistance, we’re committed to ensuring you have a smooth and enjoyable learning experience Share on Facebook Share on LinkedIn Email this Page Kenya Institute ofCurriculum DevelopmentOpen Education Resources“Nurturing Every Learners Potential” The Kenya Institute of Curriculum Development(KICD) is an Institute established through the KICDAct No. 4 of 2013 of the laws of Kenya. © 2025 Kenya Institute of Curriculum Development.All Rights Reserved Our Contacts Kenya Institute of Curriculum Development Desai Rd, Off­ Muranga Rd, Nairobi, Kenya. Telephone Contacts +254 20 3749900-9 +254 20 3749900-3 +254 729 327 334 +254 787 883 311 Email Address info@kicd.ac.ke Developed by Darasa Online, a subsidiary of Mashariki Ltd. (Kenya) Notifications","['mathematics', 'english', 'geography', 'agriculture', 'art', 'music', 'religious_education']",grade_6,unknown,[],2025-09-08T00:48:50.849163,unknown,,,,
https://orangebook.kec.ac.ke/all,Advanced search,,"Advanced search Breadcrumb Home Search Title Category - Any -Arts & HumanitiesCRE ActivitiesEnvironmental activitiesHygiene & Nutrition ActivitiesIslamic activitiesLanguagesMathematicsMusic & MovementPhysical healthPsychomotor-Creative artsSciencesSocial studiesSupplementary Content type - Any -Approved BooksApproved Digital contentPublisher Level - Any -Day careClass 1Class 2Class 3Class 4Pre Primary 1Pre Primary 2Grade 1Grade 2Grade 3Grade 4Grade 5 Action Download PDF Title Type Metadata Update this item Language Activities Approved Digital content Languages Pre Primary 1 Ozilas Global Limited Update this item Ozilas Global Limited Publisher Ruiru, Kenya info@ozilasgloballtd.com Update this item ILearn Environmental activities Grade 1 Approved Digital content Environmental activities Grade 1 Atlancis Technologies Update this item ILearn Creative arts activities Grade 1 Approved Digital content Creative arts activities Grade 1 Atlancis Technologies Update this item iLearn Kiswahili activities Grade 1 Approved Digital content Kiswahili activities Grade 1 Atlancis Technologies Update this item iLearn English activities Grade 1 Approved Digital content English activities Grade 1 Atlancis Technologies Update this item ILearn Mathematics Activities Approved Digital content Mathematics Grade 1 Atlancis Technologies Update this item Atlancis Technologies Publisher 5th floor - Top Plaza, off Ngong road, Kilimani, Nairobi. info@atlancis.com Update this item Electronic learning developers and consultants Publisher info@techelimu.co.ke Update this item Grow mobile technologies Publisher info@growmobile.technology Update this item PKK Somo Ber Approved Books Languages Grade 5 East African Educational Publishers Update this item PKK Ekegusii N'ekiya Approved Books Languages Grade 5 East African Educational Publishers Update this item PKK Kusung'al'le Lologooli Approved Books Languages Grade 5 East African Educational Publishers Update this item PKK Khusangalile Lubukusu Approved Books Languages Grade 5 East African Educational Publishers Update this item Foundation French Approved Books Languages Grade 5 Spotlight Publishers EA Ltd Update this item PKK Tutanie Kikamba Approved Books Languages Grade 5 East African Educational Publishers Update this item Fluent Mandarin Chinese Approved Books Languages Grade 5 Moran Publishers Update this item PKK Nifurahie Kigiriama Approved Books Languages Grade 5 East African Educational Publishers Update this item Foundation Music Approved Books Music & Movement Grade 5 Jomo Kenyatta Foundation Update this item Our Lives Today Social Studies Approved Books Arts & Humanities Grade 5 Oxford University Press Update this item Spotlight Social Studies Approved Books Arts & Humanities Grade 5 Spotlight Publishers EA Ltd Update this item Growing in Christ Approved Books CRE Activities Grade 5 Oxford University Press Update this item Super Minds Christian Religious Education Approved Books CRE Activities Grade 5 East African Educational Publishers Update this item One Planet CRE Approved Books CRE Activities Grade 5 One Planet Publishing & Media Services Update this item Roots Social studies Approved Books Arts & Humanities Grade 5 Moran Publishers Update this item KLB Visionary IRE Approved Books Islamic activities Grade 5 Kenya Literature Bureau Update this item Super Minds Social Studies Approved Books Arts & Humanities Grade 5 East African Educational Publishers Update this item Mayamin Arabic Approved Books Languages Grade 5 Mayamin Update this item Spotlight IRE Approved Books Islamic activities Grade 5 Spotlight Publishers EA Ltd Update this item Mentor Social Studies Approved Books Arts & Humanities Grade 5 Mentor Publisher Update this item Longhorn CRE Approved Books CRE Activities Grade 5 Longhorn Publishers Update this item KLB Visionary CRE Approved Books CRE Activities Grade 5 Kenya Literature Bureau Update this item Atfaal Arabic Approved Books Languages Grade 5 Atfaal Publishers Limited Update this item Spotlight Music Approved Books Music & Movement Grade 5 Spotlight Publishers EA Ltd Update this item Longhorn Methode de Francais Approved Books Languages Grade 5 Mentor Publisher Update this item KLB Visionary Music Approved Books Music & Movement Grade 5 Kenya Literature Bureau Update this item Bookmark Art and Craft Approved Books Arts & Humanities Grade 5 Bookmark Africa Ltd Update this item Spotlight Physical and Health Education Approved Books Hygiene & Nutrition Activities Grade 5 Spotlight Publishers EA Ltd Update this item MTP Art and Craft Approved Books Arts & Humanities Grade 5 Mountain Top Publishers Update this item KLB Visionary Art and Craft Approved Books Arts & Humanities Grade 5 Kenya Literature Bureau Update this item KLB Visionary Physical and Health Education Approved Books Hygiene & Nutrition Activities Grade 5 Kenya Literature Bureau Update this item Mentor Art and Craft Approved Books Arts & Humanities Grade 5 Mentor Publisher Update this item Mentor Physical and Health Education Approved Books Hygiene & Nutrition Activities Grade 5 Mentor Publisher Update this item Know More Physical And Health Education Activities Approved Books Hygiene & Nutrition Activities Grade 5 Storymoja Publishers Update this item Beginning Music Approved Books Music & Movement Grade 5 Moran Publishers Update this item Everyday Science and Technology Approved Books Sciences Grade 5 Oxford University Press Update this item New Planet Science and Technology Approved Books Sciences Grade 5 One Planet Publishing & Media Services Update this item Mentor Mathematics Approved Books Sciences Grade 5 Mentor Publisher Update this item Masters Science and Technology Approved Books Sciences Grade 5 Moran Publishers Update this item Queenex Science and Technology Approved Books Sciences Grade 5 Queenix Publishers Ltd Pagination Current page 1 Next page Search Title Category - Any -Arts & HumanitiesCRE ActivitiesEnvironmental activitiesHygiene & Nutrition ActivitiesIslamic activitiesLanguagesMathematicsMusic & MovementPhysical healthPsychomotor-Creative artsSciencesSocial studiesSupplementary Content type - Any -Approved BooksApproved Digital contentPublisher Level - Any -Day careClass 1Class 2Class 3Class 4Pre Primary 1Pre Primary 2Grade 1Grade 2Grade 3Grade 4Grade 5 Action Download PDF Title Type Metadata Update this item Language Activities Approved Digital content Languages Pre Primary 1 Ozilas Global Limited Update this item Ozilas Global Limited Publisher Ruiru, Kenya info@ozilasgloballtd.com Update this item ILearn Environmental activities Grade 1 Approved Digital content Environmental activities Grade 1 Atlancis Technologies Update this item ILearn Creative arts activities Grade 1 Approved Digital content Creative arts activities Grade 1 Atlancis Technologies Update this item iLearn Kiswahili activities Grade 1 Approved Digital content Kiswahili activities Grade 1 Atlancis Technologies Update this item iLearn English activities Grade 1 Approved Digital content English activities Grade 1 Atlancis Technologies Update this item ILearn Mathematics Activities Approved Digital content Mathematics Grade 1 Atlancis Technologies Update this item Atlancis Technologies Publisher 5th floor - Top Plaza, off Ngong road, Kilimani, Nairobi. info@atlancis.com Update this item Electronic learning developers and consultants Publisher info@techelimu.co.ke Update this item Grow mobile technologies Publisher info@growmobile.technology Update this item PKK Somo Ber Approved Books Languages Grade 5 East African Educational Publishers Update this item PKK Ekegusii N'ekiya Approved Books Languages Grade 5 East African Educational Publishers Update this item PKK Kusung'al'le Lologooli Approved Books Languages Grade 5 East African Educational Publishers Update this item PKK Khusangalile Lubukusu Approved Books Languages Grade 5 East African Educational Publishers Update this item Foundation French Approved Books Languages Grade 5 Spotlight Publishers EA Ltd Update this item PKK Tutanie Kikamba Approved Books Languages Grade 5 East African Educational Publishers Update this item Fluent Mandarin Chinese Approved Books Languages Grade 5 Moran Publishers Update this item PKK Nifurahie Kigiriama Approved Books Languages Grade 5 East African Educational Publishers Update this item Foundation Music Approved Books Music & Movement Grade 5 Jomo Kenyatta Foundation Update this item Our Lives Today Social Studies Approved Books Arts & Humanities Grade 5 Oxford University Press Update this item Spotlight Social Studies Approved Books Arts & Humanities Grade 5 Spotlight Publishers EA Ltd Update this item Growing in Christ Approved Books CRE Activities Grade 5 Oxford University Press Update this item Super Minds Christian Religious Education Approved Books CRE Activities Grade 5 East African Educational Publishers Update this item One Planet CRE Approved Books CRE Activities Grade 5 One Planet Publishing & Media Services Update this item Roots Social studies Approved Books Arts & Humanities Grade 5 Moran Publishers Update this item KLB Visionary IRE Approved Books Islamic activities Grade 5 Kenya Literature Bureau Update this item Super Minds Social Studies Approved Books Arts & Humanities Grade 5 East African Educational Publishers Update this item Mayamin Arabic Approved Books Languages Grade 5 Mayamin Update this item Spotlight IRE Approved Books Islamic activities Grade 5 Spotlight Publishers EA Ltd Update this item Mentor Social Studies Approved Books Arts & Humanities Grade 5 Mentor Publisher Update this item Longhorn CRE Approved Books CRE Activities Grade 5 Longhorn Publishers Update this item KLB Visionary CRE Approved Books CRE Activities Grade 5 Kenya Literature Bureau Update this item Atfaal Arabic Approved Books Languages Grade 5 Atfaal Publishers Limited Update this item Spotlight Music Approved Books Music & Movement Grade 5 Spotlight Publishers EA Ltd Update this item Longhorn Methode de Francais Approved Books Languages Grade 5 Mentor Publisher Update this item KLB Visionary Music Approved Books Music & Movement Grade 5 Kenya Literature Bureau Update this item Bookmark Art and Craft Approved Books Arts & Humanities Grade 5 Bookmark Africa Ltd Update this item Spotlight Physical and Health Education Approved Books Hygiene & Nutrition Activities Grade 5 Spotlight Publishers EA Ltd Update this item MTP Art and Craft Approved Books Arts & Humanities Grade 5 Mountain Top Publishers Update this item KLB Visionary Art and Craft Approved Books Arts & Humanities Grade 5 Kenya Literature Bureau Update this item KLB Visionary Physical and Health Education Approved Books Hygiene & Nutrition Activities Grade 5 Kenya Literature Bureau Update this item Mentor Art and Craft Approved Books Arts & Humanities Grade 5 Mentor Publisher Update this item Mentor Physical and Health Education Approved Books Hygiene & Nutrition Activities Grade 5 Mentor Publisher Update this item Know More Physical And Health Education Activities Approved Books Hygiene & Nutrition Activities Grade 5 Storymoja Publishers Update this item Beginning Music Approved Books Music & Movement Grade 5 Moran Publishers Update this item Everyday Science and Technology Approved Books Sciences Grade 5 Oxford University Press Update this item New Planet Science and Technology Approved Books Sciences Grade 5 One Planet Publishing & Media Services Update this item Mentor Mathematics Approved Books Sciences Grade 5 Mentor Publisher Update this item Masters Science and Technology Approved Books Sciences Grade 5 Moran Publishers Update this item Queenex Science and Technology Approved Books Sciences Grade 5 Queenix Publishers Ltd Pagination Current page 1 Next page Search Title Category - Any -Arts & HumanitiesCRE ActivitiesEnvironmental activitiesHygiene & Nutrition ActivitiesIslamic activitiesLanguagesMathematicsMusic & MovementPhysical healthPsychomotor-Creative artsSciencesSocial studiesSupplementary Content type - Any -Approved BooksApproved Digital contentPublisher Level - Any -Day careClass 1Class 2Class 3Class 4Pre Primary 1Pre Primary 2Grade 1Grade 2Grade 3Grade 4Grade 5 Action Download PDF Title Type Metadata Update this item Language Activities Approved Digital content Languages Pre Primary 1 Ozilas Global Limited Update this item Ozilas Global Limited Publisher Ruiru, Kenya info@ozilasgloballtd.com Update this item ILearn Environmental activities Grade 1 Approved Digital content Environmental activities Grade 1 Atlancis Technologies Update this item ILearn Creative arts activities Grade 1 Approved Digital content Creative arts activities Grade 1 Atlancis Technologies Update this item iLearn Kiswahili activities Grade 1 Approved Digital content Kiswahili activities Grade 1 Atlancis Technologies Update this item iLearn English activities Grade 1 Approved Digital content English activities Grade 1 Atlancis Technologies Update this item ILearn Mathematics Activities Approved Digital content Mathematics Grade 1 Atlancis Technologies Update this item Atlancis Technologies Publisher 5th floor - Top Plaza, off Ngong road, Kilimani, Nairobi. info@atlancis.com Update this item Electronic learning developers and consultants Publisher info@techelimu.co.ke Update this item Grow mobile technologies Publisher info@growmobile.technology Update this item PKK Somo Ber Approved Books Languages Grade 5 East African Educational Publishers Update this item PKK Ekegusii N'ekiya Approved Books Languages Grade 5 East African Educational Publishers Update this item PKK Kusung'al'le Lologooli Approved Books Languages Grade 5 East African Educational Publishers Update this item PKK Khusangalile Lubukusu Approved Books Languages Grade 5 East African Educational Publishers Update this item Foundation French Approved Books Languages Grade 5 Spotlight Publishers EA Ltd Update this item PKK Tutanie Kikamba Approved Books Languages Grade 5 East African Educational Publishers Update this item Fluent Mandarin Chinese Approved Books Languages Grade 5 Moran Publishers Update this item PKK Nifurahie Kigiriama Approved Books Languages Grade 5 East African Educational Publishers Update this item Foundation Music Approved Books Music & Movement Grade 5 Jomo Kenyatta Foundation Update this item Our Lives Today Social Studies Approved Books Arts & Humanities Grade 5 Oxford University Press Update this item Spotlight Social Studies Approved Books Arts & Humanities Grade 5 Spotlight Publishers EA Ltd Update this item Growing in Christ Approved Books CRE Activities Grade 5 Oxford University Press Update this item Super Minds Christian Religious Education Approved Books CRE Activities Grade 5 East African Educational Publishers Update this item One Planet CRE Approved Books CRE Activities Grade 5 One Planet Publishing & Media Services Update this item Roots Social studies Approved Books Arts & Humanities Grade 5 Moran Publishers Update this item KLB Visionary IRE Approved Books Islamic activities Grade 5 Kenya Literature Bureau Update this item Super Minds Social Studies Approved Books Arts & Humanities Grade 5 East African Educational Publishers Update this item Mayamin Arabic Approved Books Languages Grade 5 Mayamin Update this item Spotlight IRE Approved Books Islamic activities Grade 5 Spotlight Publishers EA Ltd Update this item Mentor Social Studies Approved Books Arts & Humanities Grade 5 Mentor Publisher Update this item Longhorn CRE Approved Books CRE Activities Grade 5 Longhorn Publishers Update this item KLB Visionary CRE Approved Books CRE Activities Grade 5 Kenya Literature Bureau Update this item Atfaal Arabic Approved Books Languages Grade 5 Atfaal Publishers Limited Update this item Spotlight Music Approved Books Music & Movement Grade 5 Spotlight Publishers EA Ltd Update this item Longhorn Methode de Francais Approved Books Languages Grade 5 Mentor Publisher Update this item KLB Visionary Music Approved Books Music & Movement Grade 5 Kenya Literature Bureau Update this item Bookmark Art and Craft Approved Books Arts & Humanities Grade 5 Bookmark Africa Ltd Update this item Spotlight Physical and Health Education Approved Books Hygiene & Nutrition Activities Grade 5 Spotlight Publishers EA Ltd Update this item MTP Art and Craft Approved Books Arts & Humanities Grade 5 Mountain Top Publishers Update this item KLB Visionary Art and Craft Approved Books Arts & Humanities Grade 5 Kenya Literature Bureau Update this item KLB Visionary Physical and Health Education Approved Books Hygiene & Nutrition Activities Grade 5 Kenya Literature Bureau Update this item Mentor Art and Craft Approved Books Arts & Humanities Grade 5 Mentor Publisher Update this item Mentor Physical and Health Education Approved Books Hygiene & Nutrition Activities Grade 5 Mentor Publisher Update this item Know More Physical And Health Education Activities Approved Books Hygiene & Nutrition Activities Grade 5 Storymoja Publishers Update this item Beginning Music Approved Books Music & Movement Grade 5 Moran Publishers Update this item Everyday Science and Technology Approved Books Sciences Grade 5 Oxford University Press Update this item New Planet Science and Technology Approved Books Sciences Grade 5 One Planet Publishing & Media Services Update this item Mentor Mathematics Approved Books Sciences Grade 5 Mentor Publisher Update this item Masters Science and Technology Approved Books Sciences Grade 5 Moran Publishers Update this item Queenex Science and Technology Approved Books Sciences Grade 5 Queenix Publishers Ltd Pagination Current page 1 Next page Search Title Category - Any -Arts & HumanitiesCRE ActivitiesEnvironmental activitiesHygiene & Nutrition ActivitiesIslamic activitiesLanguagesMathematicsMusic & MovementPhysical healthPsychomotor-Creative artsSciencesSocial studiesSupplementary Content type - Any -Approved BooksApproved Digital contentPublisher Level - Any -Day careClass 1Class 2Class 3Class 4Pre Primary 1Pre Primary 2Grade 1Grade 2Grade 3Grade 4Grade 5 Action Download PDF Title Type Metadata Update this item Language Activities Approved Digital content Languages Pre Primary 1 Ozilas Global Limited Update this item Ozilas Global Limited Publisher Ruiru, Kenya info@ozilasgloballtd.com Update this item ILearn Environmental activities Grade 1 Approved Digital content Environmental activities Grade 1 Atlancis Technologies Update this item ILearn Creative arts activities Grade 1 Approved Digital content Creative arts activities Grade 1 Atlancis Technologies Update this item iLearn Kiswahili activities Grade 1 Approved Digital content Kiswahili activities Grade 1 Atlancis Technologies Update this item iLearn English activities Grade 1 Approved Digital content English activities Grade 1 Atlancis Technologies Update this item ILearn Mathematics Activities Approved Digital content Mathematics Grade 1 Atlancis Technologies Update this item Atlancis Technologies Publisher 5th floor - Top Plaza, off Ngong road, Kilimani, Nairobi. info@atlancis.com Update this item Electronic learning developers and consultants Publisher info@techelimu.co.ke Update this item Grow mobile technologies Publisher info@growmobile.technology Update this item PKK Somo Ber Approved Books Languages Grade 5 East African Educational Publishers Update this item PKK Ekegusii N'ekiya Approved Books Languages Grade 5 East African Educational Publishers Update this item PKK Kusung'al'le Lologooli Approved Books Languages Grade 5 East African Educational Publishers Update this item PKK Khusangalile Lubukusu Approved Books Languages Grade 5 East African Educational Publishers Update this item Foundation French Approved Books Languages Grade 5 Spotlight Publishers EA Ltd Update this item PKK Tutanie Kikamba Approved Books Languages Grade 5 East African Educational Publishers Update this item Fluent Mandarin Chinese Approved Books Languages Grade 5 Moran Publishers Update this item PKK Nifurahie Kigiriama Approved Books Languages Grade 5 East African Educational Publishers Update this item Foundation Music Approved Books Music & Movement Grade 5 Jomo Kenyatta Foundation Update this item Our Lives Today Social Studies Approved Books Arts & Humanities Grade 5 Oxford University Press Update this item Spotlight Social Studies Approved Books Arts & Humanities Grade 5 Spotlight Publishers EA Ltd Update this item Growing in Christ Approved Books CRE Activities Grade 5 Oxford University Press Update this item Super Minds Christian Religious Education Approved Books CRE Activities Grade 5 East African Educational Publishers Update this item One Planet CRE Approved Books CRE Activities Grade 5 One Planet Publishing & Media Services Update this item Roots Social studies Approved Books Arts & Humanities Grade 5 Moran Publishers Update this item KLB Visionary IRE Approved Books Islamic activities Grade 5 Kenya Literature Bureau Update this item Super Minds Social Studies Approved Books Arts & Humanities Grade 5 East African Educational Publishers Update this item Mayamin Arabic Approved Books Languages Grade 5 Mayamin Update this item Spotlight IRE Approved Books Islamic activities Grade 5 Spotlight Publishers EA Ltd Update this item Mentor Social Studies Approved Books Arts & Humanities Grade 5 Mentor Publisher Update this item Longhorn CRE Approved Books CRE Activities Grade 5 Longhorn Publishers Update this item KLB Visionary CRE Approved Books CRE Activities Grade 5 Kenya Literature Bureau Update this item Atfaal Arabic Approved Books Languages Grade 5 Atfaal Publishers Limited Update this item Spotlight Music Approved Books Music & Movement Grade 5 Spotlight Publishers EA Ltd Update this item Longhorn Methode de Francais Approved Books Languages Grade 5 Mentor Publisher Update this item KLB Visionary Music Approved Books Music & Movement Grade 5 Kenya Literature Bureau Update this item Bookmark Art and Craft Approved Books Arts & Humanities Grade 5 Bookmark Africa Ltd Update this item Spotlight Physical and Health Education Approved Books Hygiene & Nutrition Activities Grade 5 Spotlight Publishers EA Ltd Update this item MTP Art and Craft Approved Books Arts & Humanities Grade 5 Mountain Top Publishers Update this item KLB Visionary Art and Craft Approved Books Arts & Humanities Grade 5 Kenya Literature Bureau Update this item KLB Visionary Physical and Health Education Approved Books Hygiene & Nutrition Activities Grade 5 Kenya Literature Bureau Update this item Mentor Art and Craft Approved Books Arts & Humanities Grade 5 Mentor Publisher Update this item Mentor Physical and Health Education Approved Books Hygiene & Nutrition Activities Grade 5 Mentor Publisher Update this item Know More Physical And Health Education Activities Approved Books Hygiene & Nutrition Activities Grade 5 Storymoja Publishers Update this item Beginning Music Approved Books Music & Movement Grade 5 Moran Publishers Update this item Everyday Science and Technology Approved Books Sciences Grade 5 Oxford University Press Update this item New Planet Science and Technology Approved Books Sciences Grade 5 One Planet Publishing & Media Services Update this item Mentor Mathematics Approved Books Sciences Grade 5 Mentor Publisher Update this item Masters Science and Technology Approved Books Sciences Grade 5 Moran Publishers Update this item Queenex Science and Technology Approved Books Sciences Grade 5 Queenix Publishers Ltd Pagination Current page 1 Next page Action Download PDF Title Type Metadata Update this item Language Activities Approved Digital content Languages Pre Primary 1 Ozilas Global Limited Update this item Ozilas Global Limited Publisher Ruiru, Kenya info@ozilasgloballtd.com Update this item ILearn Environmental activities Grade 1 Approved Digital content Environmental activities Grade 1 Atlancis Technologies Update this item ILearn Creative arts activities Grade 1 Approved Digital content Creative arts activities Grade 1 Atlancis Technologies Update this item iLearn Kiswahili activities Grade 1 Approved Digital content Kiswahili activities Grade 1 Atlancis Technologies Update this item iLearn English activities Grade 1 Approved Digital content English activities Grade 1 Atlancis Technologies Update this item ILearn Mathematics Activities Approved Digital content Mathematics Grade 1 Atlancis Technologies Update this item Atlancis Technologies Publisher 5th floor - Top Plaza, off Ngong road, Kilimani, Nairobi. info@atlancis.com Update this item Electronic learning developers and consultants Publisher info@techelimu.co.ke Update this item Grow mobile technologies Publisher info@growmobile.technology Update this item PKK Somo Ber Approved Books Languages Grade 5 East African Educational Publishers Update this item PKK Ekegusii N'ekiya Approved Books Languages Grade 5 East African Educational Publishers Update this item PKK Kusung'al'le Lologooli Approved Books Languages Grade 5 East African Educational Publishers Update this item PKK Khusangalile Lubukusu Approved Books Languages Grade 5 East African Educational Publishers Update this item Foundation French Approved Books Languages Grade 5 Spotlight Publishers EA Ltd Update this item PKK Tutanie Kikamba Approved Books Languages Grade 5 East African Educational Publishers Update this item Fluent Mandarin Chinese Approved Books Languages Grade 5 Moran Publishers Update this item PKK Nifurahie Kigiriama Approved Books Languages Grade 5 East African Educational Publishers Update this item Foundation Music Approved Books Music & Movement Grade 5 Jomo Kenyatta Foundation Update this item Our Lives Today Social Studies Approved Books Arts & Humanities Grade 5 Oxford University Press Update this item Spotlight Social Studies Approved Books Arts & Humanities Grade 5 Spotlight Publishers EA Ltd Update this item Growing in Christ Approved Books CRE Activities Grade 5 Oxford University Press Update this item Super Minds Christian Religious Education Approved Books CRE Activities Grade 5 East African Educational Publishers Update this item One Planet CRE Approved Books CRE Activities Grade 5 One Planet Publishing & Media Services Update this item Roots Social studies Approved Books Arts & Humanities Grade 5 Moran Publishers Update this item KLB Visionary IRE Approved Books Islamic activities Grade 5 Kenya Literature Bureau Update this item Super Minds Social Studies Approved Books Arts & Humanities Grade 5 East African Educational Publishers Update this item Mayamin Arabic Approved Books Languages Grade 5 Mayamin Update this item Spotlight IRE Approved Books Islamic activities Grade 5 Spotlight Publishers EA Ltd Update this item Mentor Social Studies Approved Books Arts & Humanities Grade 5 Mentor Publisher Update this item Longhorn CRE Approved Books CRE Activities Grade 5 Longhorn Publishers Update this item KLB Visionary CRE Approved Books CRE Activities Grade 5 Kenya Literature Bureau Update this item Atfaal Arabic Approved Books Languages Grade 5 Atfaal Publishers Limited Update this item Spotlight Music Approved Books Music & Movement Grade 5 Spotlight Publishers EA Ltd Update this item Longhorn Methode de Francais Approved Books Languages Grade 5 Mentor Publisher Update this item KLB Visionary Music Approved Books Music & Movement Grade 5 Kenya Literature Bureau Update this item Bookmark Art and Craft Approved Books Arts & Humanities Grade 5 Bookmark Africa Ltd Update this item Spotlight Physical and Health Education Approved Books Hygiene & Nutrition Activities Grade 5 Spotlight Publishers EA Ltd Update this item MTP Art and Craft Approved Books Arts & Humanities Grade 5 Mountain Top Publishers Update this item KLB Visionary Art and Craft Approved Books Arts & Humanities Grade 5 Kenya Literature Bureau Update this item KLB Visionary Physical and Health Education Approved Books Hygiene & Nutrition Activities Grade 5 Kenya Literature Bureau Update this item Mentor Art and Craft Approved Books Arts & Humanities Grade 5 Mentor Publisher Update this item Mentor Physical and Health Education Approved Books Hygiene & Nutrition Activities Grade 5 Mentor Publisher Update this item Know More Physical And Health Education Activities Approved Books Hygiene & Nutrition Activities Grade 5 Storymoja Publishers Update this item Beginning Music Approved Books Music & Movement Grade 5 Moran Publishers Update this item Everyday Science and Technology Approved Books Sciences Grade 5 Oxford University Press Update this item New Planet Science and Technology Approved Books Sciences Grade 5 One Planet Publishing & Media Services Update this item Mentor Mathematics Approved Books Sciences Grade 5 Mentor Publisher Update this item Masters Science and Technology Approved Books Sciences Grade 5 Moran Publishers Update this item Queenex Science and Technology Approved Books Sciences Grade 5 Queenix Publishers Ltd Advanced search | Verify Skip to main content Advanced search Breadcrumb Home Search Title Category - Any -Arts & HumanitiesCRE ActivitiesEnvironmental activitiesHygiene & Nutrition ActivitiesIslamic activitiesLanguagesMathematicsMusic & MovementPhysical healthPsychomotor-Creative artsSciencesSocial studiesSupplementary Content type - Any -Approved BooksApproved Digital contentPublisher Level - Any -Day careClass 1Class 2Class 3Class 4Pre Primary 1Pre Primary 2Grade 1Grade 2Grade 3Grade 4Grade 5 Action Download PDF Title Type Metadata Update this item Language Activities Approved Digital content Languages Pre Primary 1 Ozilas Global Limited Update this item Ozilas Global Limited Publisher Ruiru, Kenya info@ozilasgloballtd.com Update this item ILearn Environmental activities Grade 1 Approved Digital content Environmental activities Grade 1 Atlancis Technologies Update this item ILearn Creative arts activities Grade 1 Approved Digital content Creative arts activities Grade 1 Atlancis Technologies Update this item iLearn Kiswahili activities Grade 1 Approved Digital content Kiswahili activities Grade 1 Atlancis Technologies Update this item iLearn English activities Grade 1 Approved Digital content English activities Grade 1 Atlancis Technologies Update this item ILearn Mathematics Activities Approved Digital content Mathematics Grade 1 Atlancis Technologies Update this item Atlancis Technologies Publisher 5th floor - Top Plaza, off Ngong road, Kilimani, Nairobi. info@atlancis.com Update this item Electronic learning developers and consultants Publisher info@techelimu.co.ke Update this item Grow mobile technologies Publisher info@growmobile.technology Update this item PKK Somo Ber Approved Books Languages Grade 5 East African Educational Publishers Update this item PKK Ekegusii N'ekiya Approved Books Languages Grade 5 East African Educational Publishers Update this item PKK Kusung'al'le Lologooli Approved Books Languages Grade 5 East African Educational Publishers Update this item PKK Khusangalile Lubukusu Approved Books Languages Grade 5 East African Educational Publishers Update this item Foundation French Approved Books Languages Grade 5 Spotlight Publishers EA Ltd Update this item PKK Tutanie Kikamba Approved Books Languages Grade 5 East African Educational Publishers Update this item Fluent Mandarin Chinese Approved Books Languages Grade 5 Moran Publishers Update this item PKK Nifurahie Kigiriama Approved Books Languages Grade 5 East African Educational Publishers Update this item Foundation Music Approved Books Music & Movement Grade 5 Jomo Kenyatta Foundation Update this item Our Lives Today Social Studies Approved Books Arts & Humanities Grade 5 Oxford University Press Update this item Spotlight Social Studies Approved Books Arts & Humanities Grade 5 Spotlight Publishers EA Ltd Update this item Growing in Christ Approved Books CRE Activities Grade 5 Oxford University Press Update this item Super Minds Christian Religious Education Approved Books CRE Activities Grade 5 East African Educational Publishers Update this item One Planet CRE Approved Books CRE Activities Grade 5 One Planet Publishing & Media Services Update this item Roots Social studies Approved Books Arts & Humanities Grade 5 Moran Publishers Update this item KLB Visionary IRE Approved Books Islamic activities Grade 5 Kenya Literature Bureau Update this item Super Minds Social Studies Approved Books Arts & Humanities Grade 5 East African Educational Publishers Update this item Mayamin Arabic Approved Books Languages Grade 5 Mayamin Update this item Spotlight IRE Approved Books Islamic activities Grade 5 Spotlight Publishers EA Ltd Update this item Mentor Social Studies Approved Books Arts & Humanities Grade 5 Mentor Publisher Update this item Longhorn CRE Approved Books CRE Activities Grade 5 Longhorn Publishers Update this item KLB Visionary CRE Approved Books CRE Activities Grade 5 Kenya Literature Bureau Update this item Atfaal Arabic Approved Books Languages Grade 5 Atfaal Publishers Limited Update this item Spotlight Music Approved Books Music & Movement Grade 5 Spotlight Publishers EA Ltd Update this item Longhorn Methode de Francais Approved Books Languages Grade 5 Mentor Publisher Update this item KLB Visionary Music Approved Books Music & Movement Grade 5 Kenya Literature Bureau Update this item Bookmark Art and Craft Approved Books Arts & Humanities Grade 5 Bookmark Africa Ltd Update this item Spotlight Physical and Health Education Approved Books Hygiene & Nutrition Activities Grade 5 Spotlight Publishers EA Ltd Update this item MTP Art and Craft Approved Books Arts & Humanities Grade 5 Mountain Top Publishers Update this item KLB Visionary Art and Craft Approved Books Arts & Humanities Grade 5 Kenya Literature Bureau Update this item KLB Visionary Physical and Health Education Approved Books Hygiene & Nutrition Activities Grade 5 Kenya Literature Bureau Update this item Mentor Art and Craft Approved Books Arts & Humanities Grade 5 Mentor Publisher Update this item Mentor Physical and Health Education Approved Books Hygiene & Nutrition Activities Grade 5 Mentor Publisher Update this item Know More Physical And Health Education Activities Approved Books Hygiene & Nutrition Activities Grade 5 Storymoja Publishers Update this item Beginning Music Approved Books Music & Movement Grade 5 Moran Publishers Update this item Everyday Science and Technology Approved Books Sciences Grade 5 Oxford University Press Update this item New Planet Science and Technology Approved Books Sciences Grade 5 One Planet Publishing & Media Services Update this item Mentor Mathematics Approved Books Sciences Grade 5 Mentor Publisher Update this item Masters Science and Technology Approved Books Sciences Grade 5 Moran Publishers Update this item Queenex Science and Technology Approved Books Sciences Grade 5 Queenix Publishers Ltd Pagination Current page 1 Next page","['mathematics', 'english', 'kiswahili', 'geography', 'computer', 'home_science', 'art', 'music', 'physical_education', 'religious_education']",grade_1,unknown,[],2025-09-08T00:48:51.182383,unknown,,,,
https://lms.kec.ac.ke/#frontpage-cards,Digital Content | Kenya Education Cloud | Unlimited Learning Experiences,Powered by Kenya Education Cloud,"Digital Content | Kenya Education Cloud | Unlimited Learning Experiences Skip to main content (Login) KENYA EDUCATIONCLOUD Unlimited learning experiences Start here Explore our digital content Our mission is to provide curated, grade-wise, high-quality, engaging, and accessible digital content to all learners, anywhere.We believe that digital content has the potential to transform education and to make learning more accessible and engaging for everyone. Access digital content for the following categories Explore resources created by KICD, publishers and content creators to inspire creativity, and encourage hands-on learning. Our resources supports learning in the classroom and at home, and includes Interactive digital content, Radio audio lesson, Educhannel TV lessons, and more. Interactive Digital Content Access digital content that is aligned to competency-based curriculum (CBC). Educhanel TV Lessons Access KICD's educhannel broadcasted live lessons on-demand, students can watch multiple times Radio Lessons Interactive radio and audio instruction resources,that foster continuous interaction between learners and the radio characters E-Books Get access to electronic books from KICD Pre-Primary Education Access digital content for the first level of education under the Competency Based Curriculum (CBC) where learners are engaged in their early years of education. Pre-primary 1 Pre-primary 2 Primary Education Access digital content for Primary school education, that provide engaging materials such as interactive lessons, videos, games, and quizzes, that cover essential learning areas and designed to support both in-classroom and at-home learning. Grade 1 Grade 2 Grade 3 Grade 4 Grade 5 Grade 6 Secondary Education Access digital content for Grade 7, Form1, Form 2, Form 3, and Form 4 Grade 7 Form 1 Form 2 Form 3 Form 4 Special Needs Education Adapted Interactive Digital Content for Learners with Hearing Impairment (HI) and Visual Impairment (VI) is designed to ensure inclusive, accessible, and engaging educational experiences for all learners, regardless of their sensory abilities. By utilizing a range of assistive technologies and content modifications, this adapted digital content makes learning more effective and meaningful for students with hearing and visual impairments. Learners with Hearing impairments Learners with Visual impairment Foundational and Stage-based Open Education Resourses(OERs) Open Educational Resources (OER) are freely accessible, openly licensed educational materials that educators, students, and self-learners can use, modify, and redistribute without financial or legal restrictions. These resources provide a flexible and cost-effective way to enhance teaching and learning while promoting the sharing and continuous improvement of educational content. OER Catalogue ABRACADABRA Grade 1,2 and 3 READs E-Books Health Literacy Virtual Labs Simulations Cutting-edge, interactive simulations designed to enhance science, engineering, and technology education. These labs provide a safe and scalable environment where students can perform experiments, explore complex concepts, and reinforce their theoretical understanding through practical applications.. Chemistry Physics Biology Mathematics Information, Education and Communication(IEC) Materials Information, Education, and Communication (IEC) materials are resources designed to inform and educate learners and teachers about specific topics, usually related to health, safety, community development, and other social issues. These materials aim to change knowledge, attitudes, and practices by making information accessible and understandable to the learners and teachers. Child Online Safety Child Road Safety Additional Resources Accessible Digital Textbooks Teacher Resources Parental Resources General Knowledge Educhannel TV Lessons Search lessons Search Home Pre-primary Pre-Primary 1 Pre-Primary 2 Primary Grade 1 Grade 2 Grade 3 Grade 4 Grade 5 Grade 6 Secondary Grade 7 Grade 8 Form 1 Form 2 Form 3 Form 4 OER's SNE The Kenya Education Cloud (KEC) is a digital platform designed to enhance teaching and learning in Kenya by providing a wide range of digital educational resources. Serving as a centralized hub for e-learning, it promotes access to interactive content, supports modern pedagogical methods, and fosters collaboration among educators and learners. External Links Ministry of Education Kenya National Examinations Council Teachers Service Commission Kenya Kenya Institute of Special Education (KISE) ICT Authority TVET Authority Elimika Additional Resources Accessible Digital Textbook (ADT) Curriculum Reports Parental Resources Child Online Protection Guidelines Our Contacts Kenya Institute of Curriculum DevelopmentDesai Rd, Off Muranga Rd,Nairobi, Kenya. Telephone Contacts+254 729327331 +254 729327334 Email Addressinfo@kicd.ac.ke Kenya Education Cloud © 2024. All rights reserved. Privacy Policy Terms & Conditions (Login) Data retention summary","['mathematics', 'biology', 'chemistry', 'physics', 'geography', 'computer', 'art', 'physical_education', 'religious_education']",form_1,cbc,[],2025-09-08T00:48:51.415480,unknown,,,,
https://oer.kec.ac.ke/about/,About – oer.kec.ac.ke,,"Home About Learning Areas Resources Menu Toggle Learning Areas Forums Events Calendar Mobile App Contact Log In Register Home About Learning Areas Resources Menu Toggle Learning Areas Forums Events Calendar Mobile App Contact Log In Register Home About Learning Areas Resources Menu Toggle Learning Areas Forums Events Calendar Mobile App Contact Log In Register Home About Learning Areas Resources Menu Toggle Learning Areas Forums Events Calendar Mobile App Contact Log In Register Home About Learning Areas Resources Menu Toggle Learning Areas Forums Events Calendar Mobile App Contact Log In Register Main Menu Main Menu Home About Learning Areas Resources Menu Toggle Learning Areas Forums Events Calendar Mobile App Contact Log In Register Home About Learning Areas Resources Menu Toggle Learning Areas Forums Events Calendar Mobile App Contact Log In Register Home About Learning Areas Resources Menu Toggle Learning Areas Forums Events Calendar Mobile App Contact Log In Register Home About Learning Areas Resources Menu Toggle Learning Areas Forums Events Calendar Mobile App Contact Log In Register About Us Who Are We? The Kenya Institute of Curriculum Development (KICD) is at the forefront of transforming education by developing quality curriculum and curriculum support materials in Kenya. As part of our core mandate to provide relevant, accessible, and equitable education for all, we have launched the Open Education Resource (OER) platform—a cutting-edge initiative designed to enhance learning through free, openly licensed digital educational resources. Our Mandate As stipulated in the KICD Act No. 4 of 2013, our mandate includes the development, review, and dissemination of curriculum and curriculum support materials for all levels of education. This OER platform directly supports our role by: Ensuring that educational content is available to all learners in an open, accessible format Promoting the use of innovative technologies in curriculum delivery. Supporting teachers with resources to guide effective implementation of the CompetencyBased Curriculum (CBC). A partnership for education This OER platform has been developed with the invaluable support of the Communications Authority of Kenya (CA). This partnership is key in ensuring broad access to quality educational materials. why open education resources? Open Education Resources (OER) are part of KICD’s support to digital learning. With OER, we: Enhance accessibility to curriculum content, ensuring all learners, regardless of their location, can access free and high-quality learning materials. Promote equity by providing content that can be adapted to meet the diverse needs of learners. Empower educators with the ability to customize and modify resources to improve learning outcome. The OER platform offers a wealth of curriculum-aligned resources. By leveraging the power of OER, KICD is ensuring that both educators and learners have the tools they need to succeed in a fast-evolving digital world. Share on Facebook Share on LinkedIn Email this Page About Us Who Are We? The Kenya Institute of Curriculum Development (KICD) is at the forefront of transforming education by developing quality curriculum and curriculum support materials in Kenya. As part of our core mandate to provide relevant, accessible, and equitable education for all, we have launched the Open Education Resource (OER) platform—a cutting-edge initiative designed to enhance learning through free, openly licensed digital educational resources. Our Mandate As stipulated in the KICD Act No. 4 of 2013, our mandate includes the development, review, and dissemination of curriculum and curriculum support materials for all levels of education. This OER platform directly supports our role by: Ensuring that educational content is available to all learners in an open, accessible format Promoting the use of innovative technologies in curriculum delivery. Supporting teachers with resources to guide effective implementation of the CompetencyBased Curriculum (CBC). A partnership for education This OER platform has been developed with the invaluable support of the Communications Authority of Kenya (CA). This partnership is key in ensuring broad access to quality educational materials. why open education resources? Open Education Resources (OER) are part of KICD’s support to digital learning. With OER, we: Enhance accessibility to curriculum content, ensuring all learners, regardless of their location, can access free and high-quality learning materials. Promote equity by providing content that can be adapted to meet the diverse needs of learners. Empower educators with the ability to customize and modify resources to improve learning outcome. The OER platform offers a wealth of curriculum-aligned resources. By leveraging the power of OER, KICD is ensuring that both educators and learners have the tools they need to succeed in a fast-evolving digital world. Share on Facebook Share on LinkedIn Email this Page About Us Who Are We? The Kenya Institute of Curriculum Development (KICD) is at the forefront of transforming education by developing quality curriculum and curriculum support materials in Kenya. As part of our core mandate to provide relevant, accessible, and equitable education for all, we have launched the Open Education Resource (OER) platform—a cutting-edge initiative designed to enhance learning through free, openly licensed digital educational resources. Our Mandate As stipulated in the KICD Act No. 4 of 2013, our mandate includes the development, review, and dissemination of curriculum and curriculum support materials for all levels of education. This OER platform directly supports our role by: Ensuring that educational content is available to all learners in an open, accessible format Promoting the use of innovative technologies in curriculum delivery. Supporting teachers with resources to guide effective implementation of the CompetencyBased Curriculum (CBC). A partnership for education This OER platform has been developed with the invaluable support of the Communications Authority of Kenya (CA). This partnership is key in ensuring broad access to quality educational materials. why open education resources? Open Education Resources (OER) are part of KICD’s support to digital learning. With OER, we: Enhance accessibility to curriculum content, ensuring all learners, regardless of their location, can access free and high-quality learning materials. Promote equity by providing content that can be adapted to meet the diverse needs of learners. Empower educators with the ability to customize and modify resources to improve learning outcome. The OER platform offers a wealth of curriculum-aligned resources. By leveraging the power of OER, KICD is ensuring that both educators and learners have the tools they need to succeed in a fast-evolving digital world. Share on Facebook Share on LinkedIn Email this Page About – oer.kec.ac.ke Skip to content Home About Learning Areas Resources Menu Toggle Learning Areas Forums Events Calendar Mobile App Contact Log In Register Main Menu Home About Learning Areas Resources Menu Toggle Learning Areas Forums Events Calendar Mobile App Contact Log In Register About Us Who Are We? The Kenya Institute of Curriculum Development (KICD) is at the forefront of transforming education by developing quality curriculum and curriculum support materials in Kenya. As part of our core mandate to provide relevant, accessible, and equitable education for all, we have launched the Open Education Resource (OER) platform—a cutting-edge initiative designed to enhance learning through free, openly licensed digital educational resources. Our Mandate As stipulated in the KICD Act No. 4 of 2013, our mandate includes the development, review, and dissemination of curriculum and curriculum support materials for all levels of education. This OER platform directly supports our role by: Ensuring that educational content is available to all learners in an open, accessible format Promoting the use of innovative technologies in curriculum delivery. Supporting teachers with resources to guide effective implementation of the CompetencyBased Curriculum (CBC). A partnership for education This OER platform has been developed with the invaluable support of the Communications Authority of Kenya (CA). This partnership is key in ensuring broad access to quality educational materials. why open education resources? Open Education Resources (OER) are part of KICD’s support to digital learning. With OER, we: Enhance accessibility to curriculum content, ensuring all learners, regardless of their location, can access free and high-quality learning materials. Promote equity by providing content that can be adapted to meet the diverse needs of learners. Empower educators with the ability to customize and modify resources to improve learning outcome. The OER platform offers a wealth of curriculum-aligned resources. By leveraging the power of OER, KICD is ensuring that both educators and learners have the tools they need to succeed in a fast-evolving digital world. Share on Facebook Share on LinkedIn Email this Page Kenya Institute ofCurriculum DevelopmentOpen Education Resources“Nurturing Every Learners Potential” The Kenya Institute of Curriculum Development(KICD) is an Institute established through the KICDAct No. 4 of 2013 of the laws of Kenya. © 2025 Kenya Institute of Curriculum Development.All Rights Reserved Our Contacts Kenya Institute of Curriculum Development Desai Rd, Off­ Muranga Rd, Nairobi, Kenya. Telephone Contacts +254 20 3749900-9 +254 20 3749900-3 +254 729 327 334 +254 787 883 311 Email Address info@kicd.ac.ke Developed by Darasa Online, a subsidiary of Mashariki Ltd. (Kenya)","['computer', 'art', 'religious_education']",unknown,cbc,[],2025-09-08T00:48:52.548703,unknown,,,,
https://oer.kec.ac.ke/events/,Events for September 2025 – oer.kec.ac.ke,,"Home About Learning Areas Resources Menu Toggle Learning Areas Forums Events Calendar Mobile App Contact Log In Register Home About Learning Areas Resources Menu Toggle Learning Areas Forums Events Calendar Mobile App Contact Log In Register Home About Learning Areas Resources Menu Toggle Learning Areas Forums Events Calendar Mobile App Contact Log In Register Home About Learning Areas Resources Menu Toggle Learning Areas Forums Events Calendar Mobile App Contact Log In Register Home About Learning Areas Resources Menu Toggle Learning Areas Forums Events Calendar Mobile App Contact Log In Register Main Menu Main Menu Home About Learning Areas Resources Menu Toggle Learning Areas Forums Events Calendar Mobile App Contact Log In Register Home About Learning Areas Resources Menu Toggle Learning Areas Forums Events Calendar Mobile App Contact Log In Register Home About Learning Areas Resources Menu Toggle Learning Areas Forums Events Calendar Mobile App Contact Log In Register Home About Learning Areas Resources Menu Toggle Learning Areas Forums Events Calendar Mobile App Contact Log In Register 35 events found. There are no upcoming events. There are no upcoming events. Events Search and Views Navigation Search Enter Keyword. Search for Events by Keyword. Find Events Event Views Navigation Month List Month Day This Month 9/2025 September 2025 Select date. Calendar of Events There are no upcoming events. Latest Past Events Apr 23 2025 April 23 @ 8:00 am - April 25 @ 5:00 pm OER Training Training to provide a collective walkthrough of the OER platform from the standpoint of various users, e.g., Learner, Teacher, Administrator. List Month Day Events for September 2025 – oer.kec.ac.ke Skip to content Home About Learning Areas Resources Menu Toggle Learning Areas Forums Events Calendar Mobile App Contact Log In Register Main Menu Home About Learning Areas Resources Menu Toggle Learning Areas Forums Events Calendar Mobile App Contact Log In Register 35 events found. There are no upcoming events. There are no upcoming events. Events Search and Views Navigation Search Enter Keyword. Search for Events by Keyword. Find Events Event Views Navigation Month List Month Day This Month 9/2025 September 2025 Select date. Calendar of Events There are no upcoming events. Latest Past Events Apr 23 2025 April 23 @ 8:00 am - April 25 @ 5:00 pm OER Training Training to provide a collective walkthrough of the OER platform from the standpoint of various users, e.g., Learner, Teacher, Administrator. Kenya Institute ofCurriculum DevelopmentOpen Education Resources“Nurturing Every Learners Potential” The Kenya Institute of Curriculum Development(KICD) is an Institute established through the KICDAct No. 4 of 2013 of the laws of Kenya. © 2025 Kenya Institute of Curriculum Development.All Rights Reserved Our Contacts Kenya Institute of Curriculum Development Desai Rd, Off­ Muranga Rd, Nairobi, Kenya. Telephone Contacts +254 20 3749900-9 +254 20 3749900-3 +254 729 327 334 +254 787 883 311 Email Address info@kicd.ac.ke Developed by Darasa Online, a subsidiary of Mashariki Ltd. (Kenya)",[],unknown,unknown,[],2025-09-08T00:48:53.122929,unknown,,,,
https://www.facebook.com/sharer/sharer.php?u=https%3A%2F%2Foer.kec.ac.ke%2F&title=Main,"Sorry, something went wrong.",,"ErrorSorry, something went wrong.We're working on getting this fixed as soon as we can.Go back Meta © 2025 · Help",[],unknown,unknown,[],2025-09-08T00:48:53.808888,unknown,,,,
https://elimika.kec.ac.ke/course/view.php?id=15,Elimika Platform | Kenya Education Cloud | Unlimited Learning Experinces,"Elimika is an online teacher training platform , offering Competency Based Curriculum (CBC)-aligned courses developed by the Kenya Institute of Curriculum Development (KICD). Learn anytime, anywhere and enhance your skills in ICT integration, assessment, pedagogy, and professional teaching under Kenya’s Competency Based Curriculum.","Sign Up and Start Learning!. By signing up, you agree to our Terms of Use and Privacy Policy. Elimika Skip to create new account Sign In Username / email Password Remember username Forgot Password? Log in No Account? Sign up Alternatively, you can Log in to the Elimika platform using your account on: Microsoft Google Skip to create new account Sign In Username / email Password Remember username Forgot Password? Log in No Account? Sign up Alternatively, you can Log in to the Elimika platform using your account on: Microsoft Google Sign In Username / email Password Remember username Forgot Password? Log in No Account? Sign up Alternatively, you can Log in to the Elimika platform using your account on: Microsoft Google Elimika Platform | Kenya Education Cloud | Unlimited Learning Experinces Skip to main content Sign Up and Start Learning!. By signing up, you agree to our Terms of Use and Privacy Policy. Elimika Skip to create new account Sign In Username / email Password Remember username Forgot Password? Log in No Account? Sign up Alternatively, you can Log in to the Elimika platform using your account on: Microsoft Google You are not logged in. Home","['art', 'religious_education']",unknown,unknown,[],2025-09-08T00:48:55.022558,unknown,,,,
https://lms.kec.ac.ke/course/index.php?categoryid=530,Child Online Safety,"Kenya Education Cloud is your ultimate digital learning hub, providing access to curated e-learning resources, educational tools, and innovative content for students, teachers, and institutions.","Child Online Safety Home Lessons Information, Education and Communication(IEC) Materials Child Online Safety Lesson categories: Pre-Primary Pre-Primary / Radio Lessons Pre-Primary / Educhannel Video Lessons Pre-Primary / Educhannel Video Lessons / Language Activities Pre-Primary / Educhannel Video Lessons / Mathematics Pre-Primary / Educhannel Video Lessons / Our School Pre-Primary / Educhannel Video Lessons / Picture Making Pre-Primary / Educhannel Video Lessons / Social Environment Pre-Primary / Educhannel Video Lessons / Pre-Primary 1 Pre-Primary / Educhannel Video Lessons / Pre-Primary 2 Pre-Primary / Interactive digital Content Pre-Primary / Ebooks Primary Education Primary Education / Grade 1 Primary Education / Grade 1 / Educhannel TV Lessons Primary Education / Grade 1 / Educhannel TV Lessons / English Primary Education / Grade 1 / Educhannel TV Lessons / Mathematics Primary Education / Grade 1 / Educhannel TV Lessons / Kiswahili Primary Education / Grade 1 / Educhannel TV Lessons / Kenya Sign Language(KSL) Primary Education / Grade 1 / Educhannel TV Lessons / Hygiene and nutrition Primary Education / Grade 1 / Educhannel TV Lessons / Environmental Activities Primary Education / Grade 1 / Interactive Digital Content Primary Education / Grade 1 / Radio Lessons Primary Education / Grade 1 / Radio Lessons / Mathematics Primary Education / Grade 1 / Radio Lessons / Mathematics / Grade 1 Term 2 Primary Education / Grade 1 / Radio Lessons / Mathematics / Grade 1 Term 3 Primary Education / Grade 1 / Radio Lessons / Kiswahili Primary Education / Grade 1 / Radio Lessons / Kiswahili / Grade 1 Term 2 Primary Education / Grade 1 / Radio Lessons / Kiswahili / Grade 1 Term 3 Primary Education / Grade 1 / Radio Lessons / English Primary Education / Grade 1 / Radio Lessons / English / Grade 1 Term 2 Primary Education / Grade 1 / Radio Lessons / English / Grade 1 Term 3 Primary Education / Grade 1 / Ebooks Primary Education / Grade 1 / Ebooks / Tusome readers Primary Education / Grade 1 / Ebooks / Indigenous Languages Primary Education / Grade 2 Primary Education / Grade 2 / Interactive Digital Content Primary Education / Grade 2 / Educhannel Tv Lessons Primary Education / Grade 2 / Educhannel Tv Lessons / Mathematics Primary Education / Grade 2 / Educhannel Tv Lessons / English Primary Education / Grade 2 / Radio Lessons Primary Education / Grade 2 / Radio Lessons / Mathematics Primary Education / Grade 2 / Radio Lessons / Mathematics / Grade 2 Term 2 Primary Education / Grade 2 / Radio Lessons / English Primary Education / Grade 2 / Radio Lessons / English / Grade 2 Term 2 Primary Education / Grade 2 / Radio Lessons / English / Grade 2 Term 3 Primary Education / Grade 2 / Radio Lessons / Kiswahili Primary Education / Grade 2 / Radio Lessons / Kiswahili / Grade 2 Term 3 Primary Education / Grade 2 / Hygiene and Nutrition Primary Education / Grade 2 / Hygiene and Nutrition / Grade 2 Term 2 Primary Education / Grade 2 / E-books Primary Education / Grade 2 / E-books / Tusome Readers Primary Education / Grade 3 Primary Education / Grade 3 / Radio Lessons Primary Education / Grade 3 / Radio Lessons / Mathematics Primary Education / Grade 3 / Radio Lessons / Mathematics / Grade 3 Term 2 Primary Education / Grade 3 / Radio Lessons / Mathematics / Grade 3 Term 3 Primary Education / Grade 3 / Radio Lessons / English Primary Education / Grade 3 / Radio Lessons / English / Grade 3 Term 2 Primary Education / Grade 3 / Radio Lessons / English / Grade 3 Term 3 Primary Education / Grade 3 / Radio Lessons / Environmental Activities Primary Education / Grade 3 / Radio Lessons / Environmental Activities / Grade 3 Term 2 Primary Education / Grade 3 / Radio Lessons / Kiswahili Primary Education / Grade 3 / Radio Lessons / Kiswahili / Grade 3 Term 3 Primary Education / Grade 3 / Educhannel TV Lessons Primary Education / Grade 3 / Educhannel TV Lessons / Mathematics Primary Education / Grade 3 / Educhannel TV Lessons / English Primary Education / Grade 3 / Educhannel TV Lessons / Kiswahili Primary Education / Grade 3 / Educhannel TV Lessons / Hygiene and Nutrition Primary Education / Grade 3 / Educhannel TV Lessons / Environmental Activities Primary Education / Grade 3 / Interactive Digital Content Primary Education / Grade 3 / EBooks Primary Education / Grade 3 / Tusome English Video Lessons Primary Education / Grade 3 / Tusome English Video Lessons / Tusome English Grade 3 Lessons Primary Education / Grade 4 Primary Education / Grade 4 / Educhannel Tv Lessons Primary Education / Grade 4 / Educhannel Tv Lessons / Home Science Primary Education / Grade 4 / Educhannel Tv Lessons / Agriculture Primary Education / Grade 4 / Educhannel Tv Lessons / Music Primary Education / Grade 4 / Educhannel Tv Lessons / Physical Education Primary Education / Grade 4 / Educhannel Tv Lessons / Art and Craft Primary Education / Grade 4 / Educhannel Tv Lessons / Kenya Sign Language Primary Education / Grade 4 / Educhannel Tv Lessons / Mathematics Primary Education / Grade 4 / Educhannel Tv Lessons / Science and Technology Primary Education / Grade 4 / Educhannel Tv Lessons / Social Studies Primary Education / Grade 4 / Educhannel Tv Lessons / English Primary Education / Grade 4 / Educhannel Tv Lessons / Kiswahili Primary Education / Grade 4 / Educhannel Tv Lessons / Environmental Activity Primary Education / Grade 4 / Radio lessons Primary Education / Grade 4 / Radio lessons / Social Studies Primary Education / Grade 4 / Radio lessons / Social Studies / Grade 4 Term 2 Primary Education / Grade 4 / Radio lessons / Social Studies / Grade 4 Term 3 Primary Education / Grade 4 / Radio lessons / CRE Primary Education / Grade 4 / Radio lessons / CRE / Grade 4 Term 2 Primary Education / Grade 4 / Radio lessons / English Primary Education / Grade 4 / Radio lessons / English / Grade 4 Term 2 Primary Education / Grade 4 / Radio lessons / English / Grade 4 Term 3 Primary Education / Grade 4 / Radio lessons / Hygiene and Nutrition Primary Education / Grade 4 / Radio lessons / Hygiene and Nutrition / Grade 4 Term 1 Primary Education / Grade 4 / Radio lessons / IRE Primary Education / Grade 4 / Radio lessons / IRE / Grade 4 Term 2 Primary Education / Grade 4 / Radio lessons / Science and Technology Primary Education / Grade 4 / Radio lessons / Science and Technology / Grade 4 Term 3 Primary Education / Grade 4 / Radio lessons / Agriculture Primary Education / Grade 4 / Radio lessons / Agriculture / Grade 4 Term 3 Primary Education / Grade 4 / Radio lessons / Mathematics Primary Education / Grade 4 / Radio lessons / Mathematics / Grade 4 Term 3 Primary Education / Grade 4 / SNE Primary Education / Grade 4 / Interactive Digital Content Primary Education / Grade 5 Primary Education / Grade 5 / Educhannel Tv Lessons Primary Education / Grade 5 / Educhannel Tv Lessons / English Primary Education / Grade 5 / Educhannel Tv Lessons / Kiswahili Primary Education / Grade 5 / Educhannel Tv Lessons / Mathematics Primary Education / Grade 5 / Radio Lessons Primary Education / Grade 5 / Radio Lessons / English Primary Education / Grade 5 / Radio Lessons / Science and Technology Primary Education / Grade 5 / Radio Lessons / Agriculture Primary Education / Grade 5 / Radio Lessons / Social studies Primary Education / Grade 5 / Radio Lessons / Christian Religious Education Primary Education / Grade 5 / Radio Lessons / Mathematics Primary Education / Grade 5 / Interactive Digital Content Primary Education / Grade 6 Primary Education / Grade 6 / Radio Lessons Primary Education / Grade 6 / Radio Lessons / CRE Primary Education / Grade 6 / Radio Lessons / Social Studies Primary Education / Grade 6 / Radio Lessons / Science Primary Education / Grade 6 / Radio Lessons / Kiswahili Primary Education / Grade 6 / Radio Lessons / English Primary Education / Grade 6 / Radio Lessons / Mathematics Primary Education / Grade 6 / Educhannel TV Lessons Primary Education / Grade 6 / Educhannel TV Lessons / Kiswahili Primary Education / Grade 6 / Educhannel TV Lessons / Agriculture Primary Education / Grade 6 / Educhannel TV Lessons / Art and Craft Primary Education / Grade 6 / Educhannel TV Lessons / English Primary Education / Grade 6 / Educhannel TV Lessons / Home Science Primary Education / Grade 6 / Educhannel TV Lessons / Music Primary Education / Grade 6 / Educhannel TV Lessons / Science and technology Primary Education / Grade 6 / Educhannel TV Lessons / Physical health education Primary Education / Grade 6 / Interactive Digital Content Junior School Junior School / Grade 8 Junior School / Grade 8 / Educhannel Tv Lessons Junior School / Grade 8 / Radio Lessons Junior School / Grade 8 / Interactive Digital Content Junior School / Grade 7 Junior School / Grade 7 / Educhannel TV lessons Junior School / Grade 7 / Radio Lessons Junior School / Grade 7 / Radio Lessons / Mathematics Junior School / Grade 7 / Radio Lessons / Kiswahili Junior School / Grade 7 / Radio Lessons / English Junior School / Grade 7 / Radio Lessons / Christian Religious Education Junior School / Grade 7 / Radio Lessons / Integrated Science Junior School / Grade 7 / Radio Lessons / Social Studies Junior School / Grade 7 / Radio Lessons / Pre-Technical Studies Junior School / Grade 7 / Interactive Digital Content Secondary Education Secondary Education / Form 1 Secondary Education / Form 1 / Interactive Digital Content Secondary Education / Form 1 / Educhannel Tv Lessons Secondary Education / Form 1 / Educhannel Tv Lessons / Mathematics Secondary Education / Form 1 / Educhannel Tv Lessons / English Secondary Education / Form 1 / Educhannel Tv Lessons / Physics Secondary Education / Form 1 / Educhannel Tv Lessons / Biology Secondary Education / Form 1 / Educhannel Tv Lessons / Chemistry Secondary Education / Form 1 / Educhannel Tv Lessons / Kiswahili Secondary Education / Form 1 / Educhannel Tv Lessons / History and Government Secondary Education / Form 1 / Educhannel Tv Lessons / Business Studies Secondary Education / Form 1 / Radio Lessons Secondary Education / Form 1 / Ebooks Secondary Education / Form 2 Secondary Education / Form 2 / Interactive Digital Content Secondary Education / Form 2 / Educhannel Tv Lessons Secondary Education / Form 2 / Educhannel Tv Lessons / Physics Secondary Education / Form 2 / Radio Lessons Secondary Education / Form 2 / Radio Lessons / Biology Secondary Education / Form 3 Secondary Education / Form 3 / Interactive Digital Content Secondary Education / Form 3 / Educhannel Tv Lessons Secondary Education / Form 3 / Educhannel Tv Lessons / Mathematics Secondary Education / Form 3 / Educhannel Tv Lessons / English Secondary Education / Form 3 / Educhannel Tv Lessons / Kiswahili Secondary Education / Form 3 / Educhannel Tv Lessons / Biology Secondary Education / Form 3 / Educhannel Tv Lessons / Chemistry Secondary Education / Form 3 / Educhannel Tv Lessons / Physics Secondary Education / Form 3 / Educhannel Tv Lessons / Business Studies Secondary Education / Form 3 / Educhannel Tv Lessons / History and Government Secondary Education / Form 3 / Radio Lessons Secondary Education / Form 4 Secondary Education / Form 4 / Interactive Digital Content Secondary Education / Form 4 / Educhannel Tv Lessons Secondary Education / Form 4 / Educhannel Tv Lessons / Form 4 Mathematics Secondary Education / Form 4 / Educhannel Tv Lessons / Form 4 English Secondary Education / Form 4 / Educhannel Tv Lessons / Form 4 Physics Secondary Education / Form 4 / Educhannel Tv Lessons / Form 4 Biology Secondary Education / Form 4 / Educhannel Tv Lessons / Form 4 Kiswahili Secondary Education / Form 4 / Educhannel Tv Lessons / Form 4 Chemistry Secondary Education / Form 4 / Educhannel Tv Lessons / Form 4 History and Government Secondary Education / Form 4 / Educhannel Tv Lessons / Form 4 Business Studies Secondary Education / Form 4 / Radio Lessons Secondary Education / Form 4 / Radio Lessons / Mathematics Secondary Education / Form 4 / Radio Lessons / Mathematics / Form 4 Term 1 Secondary Education / Form 4 / Radio Lessons / Mathematics / Form 4 Term 2 Secondary Education / Form 4 / Radio Lessons / Mathematics / Form 4 Term 3 General Knowledge General Knowledge / VOA Connect General Knowledge / Ask the expert General Knowledge / Citizenship and Democracy General Knowledge / Digital Story General Knowledge / Impacted Educhannel Lessons Educhannel Lessons / English Educhannel Lessons / English / Transport and travel Educhannel Lessons / English / Pronunciation skills Educhannel Lessons / English / Listening and speaking Educhannel Lessons / English / Family Educhannel Lessons / English / Environment Educhannel Lessons / English / Drug and Substance Educhannel Lessons / Agriculture Educhannel Lessons / Biology Educhannel Lessons / Biology / Living Things Educhannel Lessons / Biology / Secretion and homeostasis Educhannel Lessons / Biology / Support and movement Educhannel Lessons / Business Studies Educhannel Lessons / Chemistry Educhannel Lessons / Earth Movement and Volcanicity Educhannel Lessons / Environmental Activities Educhannel Lessons / Geograpghy Educhannel Lessons / History Educhannel Lessons / History / Kenyan History Educhannel Lessons / Homescience Educhannel Lessons / Homescience / Basic care clothing Educhannel Lessons / Kiswahili Educhannel Lessons / Kiswahili / Primary Educhannel Lessons / Kiswahili / Primary / Darasa 4-5 Educhannel Lessons / Kiswahili / Secondary Educhannel Lessons / Kiswahili / Secondary / Isimu Jamii Educhannel Lessons / Kiswahili / Secondary / Sarufi Educhannel Lessons / Mathematics Educhannel Lessons / Mathematics / Secondary Educhannel Lessons / Mathematics / Secondary / Commercial Arithmetics Educhannel Lessons / Mathematics / Primary Educhannel Lessons / Mathematics / Primary / Class 5-8 Educhannel Lessons / Mathematics / Primary / Class 5-8 / Practical uses of Money Educhannel Lessons / Mathematics / Primary / Class 5-8 / Measurement Educhannel Lessons / Organic Chemistry Educhannel Lessons / Performing Music Educhannel Lessons / Homescience Educhannel Lessons / Homescience / Basic care of clothing Educhannel Lessons / Art and Craft Educhannel Lessons / Physics Educhannel Lessons / Physics / Thermodynamics Educhannel Lessons / Physics / Mechanics Educhannel Lessons / Physics / Electricity and Magnetism Educhannel Lessons / The Doyen Exposition Educhannel Lessons / Science Educhannel Lessons / Science / Making work easier Educhannel Lessons / Science / Living Things Educhannel Lessons / Science / Energy conservation Educhannel Lessons / Physical and Health Education Educhannel Lessons / Physical and Health Education / Grade 1-4 Open Education Resourses(OERs) Open Education Resourses(OERs) / Movement and Creative Activities Open Education Resourses(OERs) / 	Religious Education Activities Open Education Resourses(OERs) / Mathematical Activities Open Education Resourses(OERs) / Environmental Activities Open Education Resourses(OERs) / Kiswahili Language Open Education Resourses(OERs) / LTK | Concordia University Open Education Resourses(OERs) / Hygiene and Nutrition Open Education Resourses(OERs) / ENGLISH LANGUAGE ACTIVITIES Open Education Resourses(OERs) / Casio Materials Open Education Resourses(OERs) / Health Education Open Education Resourses(OERs) / Carbon Literacy Special Needs Education Special Needs Education / Grade 1 Special Needs Education / Grade 1 / Adapted Interactive Digital Content for Hearing Impaired(HI) Special Needs Education / Grade 1 / Adapted Interactive Digital Content for Hearing Impaired(HI) / English Activities Special Needs Education / Grade 1 / Adapted Interactive Digital Content for Hearing Impaired(HI) / Environmental Activities Special Needs Education / Grade 1 / Adapted Interactive Digital Content for Hearing Impaired(HI) / Creative Activities Special Needs Education / Grade 1 / Adapted Interactive Digital Content for Visual Impaired(VI) Special Needs Education / Grade 2 Special Needs Education / Grade 2 / Adapted Interactive Digital Content for Hearing Impaired(HI) Special Needs Education / Grade 2 / Adapted Interactive Digital Content for Hearing Impaired(HI) / Mathematics Grade 2 Special Needs Education / Grade 2 / Adapted Interactive Digital Content for Hearing Impaired(HI) / Environmental Activities Grade 2 Special Needs Education / Grade 2 / Adapted Interactive Digital Content for Hearing Impaired(HI) / Hygiene and Nutrition Grade 2 Special Needs Education / Grade 2 / Adapted Interactive Digital Content for Hearing Impaired(HI) / Christian Religious Education Grade 2 (HI) Special Needs Education / Grade 2 / Adapted Interactive Digital Content for Hearing Impaired(HI) / Literacy Activities Grade2 (HI) Special Needs Education / Grade 2 / Adapted Interactive Digital Content for Hearing Impaired(HI) / English Activities Grad2 H.I Special Needs Education / Grade 2 / Adapted Interactive Digital Content for Hearing Impaired(HI) / Creative Activities Grade2 -H.I Special Needs Education / Grade 2 / Adapted Interactive Digital Content for Visual Impaired(VI) Special Needs Education / Grade 2 / Adapted Interactive Digital Content for Visual Impaired(VI) / Mathematics Special Needs Education / Grade 2 / Adapted Interactive Digital Content for Visual Impaired(VI) / Kiswahili Special Needs Education / Grade 2 / Adapted Interactive Digital Content for Visual Impaired(VI) / English Special Needs Education / Grade 2 / Adapted Interactive Digital Content for Visual Impaired(VI) / Creative Activities Special Needs Education / Grade 2 / Adapted Interactive Digital Content for Visual Impaired(VI) / CRE Special Needs Education / Grade 3 Special Needs Education / Grade 3 / Adapted Interactive Digital Content for Learners with Hearing Impairment (HI) Special Needs Education / Grade 3 / Adapted Interactive Digital Content for Learners with Hearing Impairment (HI) / Visual Arts Special Needs Education / Grade 3 / Adapted Interactive Digital Content for Learners with Hearing Impairment (HI) / English Special Needs Education / Grade 3 / Adapted Interactive Digital Content for Learners with Hearing Impairment (HI) / Hygiene and Nutrition Special Needs Education / Grade 3 / Adapted Interactive Digital Content for Learners with Hearing Impairment (HI) / Music Special Needs Education / Grade 3 / Adapted Interactive Digital Content for Learners with Hearing Impairment (HI) / Mathematics Special Needs Education / Grade 3 / Adapted Interactive Digital Content for Learners with Hearing Impairment (HI) / Environmental Special Needs Education / Grade 3 / Adapted Interactive Digital Content for Learners with Hearing Impairment (HI) / CRE Special Needs Education / Grade 3 / Adapted Interactive Digital Content for Learners with Visual Impairment (VI) Special Needs Education / Grade 3 / Adapted Interactive Digital Content for Learners with Visual Impairment (VI) / Music Special Needs Education / Grade 3 / Adapted Interactive Digital Content for Learners with Visual Impairment (VI) / Mathematics Special Needs Education / Grade 3 / Adapted Interactive Digital Content for Learners with Visual Impairment (VI) / Visual Arts Special Needs Education / Grade 3 / Adapted Interactive Digital Content for Learners with Visual Impairment (VI) / Kiswahili Special Needs Education / Grade 3 / Adapted Interactive Digital Content for Learners with Visual Impairment (VI) / Hygiene and Nutrition Special Needs Education / Grade 3 / Adapted Interactive Digital Content for Learners with Visual Impairment (VI) / Environmental Special Needs Education / Grade 3 / Adapted Interactive Digital Content for Learners with Visual Impairment (VI) / English Special Needs Education / Grade 3 / Adapted Interactive Digital Content for Learners with Visual Impairment (VI) / CRE Special Needs Education / Grade 4 Special Needs Education / Grade 4 / Adapted Interactive Digital Content for Learners with Hearing Impairment (HI) Special Needs Education / Grade 4 / Adapted Interactive Digital Content for Learners with Hearing Impairment (HI) / Mathematics Special Needs Education / Grade 4 / Adapted Interactive Digital Content for Learners with Hearing Impairment (HI) / English Special Needs Education / Grade 4 / Adapted Interactive Digital Content for Learners with Hearing Impairment (HI) / Science and Technology Special Needs Education / Grade 4 / Adapted Interactive Digital Content for Learners with Hearing Impairment (HI) / Agriculture Special Needs Education / Grade 4 / Adapted Interactive Digital Content for Learners with Hearing Impairment (HI) / Social Studies Special Needs Education / Grade 4 / Adapted Interactive Digital Content for Learners with Hearing Impairment (HI) / Home Science Special Needs Education / Grade 4 / Adapted Interactive Digital Content for Learners with Hearing Impairment (HI) / Art and Craft Special Needs Education / Grade 4 / Adapted Interactive Digital Content for Learners with Hearing Impairment (HI) / Music Special Needs Education / Grade 4 / Adapted Interactive Digital Content for Learners with Hearing Impairment (HI) / Christian Religious Education (CRE) Special Needs Education / Grade 4 / Adapted Interactive Digital Content for Learners with Visual Impairment (VI) Special Needs Education / Grade 4 / Adapted Interactive Digital Content for Learners with Visual Impairment (VI) / Mathematics Special Needs Education / Grade 4 / Adapted Interactive Digital Content for Learners with Visual Impairment (VI) / English Special Needs Education / Grade 4 / Adapted Interactive Digital Content for Learners with Visual Impairment (VI) / Kiswahili Special Needs Education / Grade 4 / Adapted Interactive Digital Content for Learners with Visual Impairment (VI) / Science and Technology Special Needs Education / Grade 4 / Adapted Interactive Digital Content for Learners with Visual Impairment (VI) / Agriculture Special Needs Education / Grade 4 / Adapted Interactive Digital Content for Learners with Visual Impairment (VI) / Social Studies Special Needs Education / Grade 4 / Adapted Interactive Digital Content for Learners with Visual Impairment (VI) / Home Science Special Needs Education / Grade 4 / Adapted Interactive Digital Content for Learners with Visual Impairment (VI) / Art and Craft Special Needs Education / Grade 4 / Adapted Interactive Digital Content for Learners with Visual Impairment (VI) / Christian Religious Education (CRE) Special Needs Education / Grade 4 / Adapted Interactive Digital Content for Learners with Visual Impairment (VI) / Music Special Needs Education / Grade 5 Special Needs Education / Grade 5 / Adapted Interactive Digital Content for Learners with Hearing Impairment (HI) Special Needs Education / Grade 5 / Adapted Interactive Digital Content for Learners with Hearing Impairment (HI) / English Special Needs Education / Grade 5 / Adapted Interactive Digital Content for Learners with Hearing Impairment (HI) / Christian Religious Education Special Needs Education / Grade 5 / Adapted Interactive Digital Content for Learners with Hearing Impairment (HI) / Social Studies Special Needs Education / Grade 5 / Adapted Interactive Digital Content for Learners with Hearing Impairment (HI) / Agriculture and Nutrition Special Needs Education / Grade 5 / Adapted Interactive Digital Content for Learners with Hearing Impairment (HI) / Creative Arts Special Needs Education / Grade 5 / Adapted Interactive Digital Content for Learners with Hearing Impairment (HI) / Mathematics Special Needs Education / Grade 5 / Adapted Interactive Digital Content for Learners with Hearing Impairment (HI) / Science and Technology Special Needs Education / Grade 5 / Adapted Interactive Digital Content for Learners with Hearing Impairment (HI) / Islamic Religious Education Special Needs Education / Grade 5 / Adapted Interactive Digital Content for Learners with Visual Impairment (VI) Special Needs Education / Grade 5 / Adapted Interactive Digital Content for Learners with Visual Impairment (VI) / Creative Arts Special Needs Education / Grade 5 / Adapted Interactive Digital Content for Learners with Visual Impairment (VI) / Social Studies Special Needs Education / Grade 5 / Adapted Interactive Digital Content for Learners with Visual Impairment (VI) / Kiswahili Special Needs Education / Grade 5 / Adapted Interactive Digital Content for Learners with Visual Impairment (VI) / Christian Religious Education Special Needs Education / Grade 5 / Adapted Interactive Digital Content for Learners with Visual Impairment (VI) / Science and Technology Special Needs Education / Grade 5 / Adapted Interactive Digital Content for Learners with Visual Impairment (VI) / Agriculture and Nutrition Special Needs Education / Grade 5 / Adapted Interactive Digital Content for Learners with Visual Impairment (VI) / Islamic Religious Education Special Needs Education / Grade 5 / Adapted Interactive Digital Content for Learners with Visual Impairment (VI) / Mathematics Special Needs Education / Grade 5 / Adapted Interactive Digital Content for Learners with Visual Impairment (VI) / English Special Needs Education / Grade 6 Special Needs Education / Grade 6 / Adapted Interactive Digital Content for Learners with Hearing Impairment (HI) Special Needs Education / Grade 6 / Adapted Interactive Digital Content for Learners with Hearing Impairment (HI) / Science and Technology Special Needs Education / Grade 6 / Adapted Interactive Digital Content for Learners with Hearing Impairment (HI) / Christian Religious Education Special Needs Education / Grade 6 / Adapted Interactive Digital Content for Learners with Hearing Impairment (HI) / Creative Arts Special Needs Education / Grade 6 / Adapted Interactive Digital Content for Learners with Hearing Impairment (HI) / Islamic Religious Education Special Needs Education / Grade 6 / Adapted Interactive Digital Content for Learners with Hearing Impairment (HI) / English Special Needs Education / Grade 6 / Adapted Interactive Digital Content for Learners with Hearing Impairment (HI) / Social Studies Special Needs Education / Grade 6 / Adapted Interactive Digital Content for Learners with Hearing Impairment (HI) / Agriculture Special Needs Education / Grade 6 / Adapted Interactive Digital Content for Learners with Hearing Impairment (HI) / Mathematics Special Needs Education / Grade 6 / Adapted Interactive Digital Content for Learners with Visual Impairment (VI) Special Needs Education / Grade 6 / Adapted Interactive Digital Content for Learners with Visual Impairment (VI) / Christian Religious Education Special Needs Education / Grade 6 / Adapted Interactive Digital Content for Learners with Visual Impairment (VI) / Kiswahili Special Needs Education / Grade 6 / Adapted Interactive Digital Content for Learners with Visual Impairment (VI) / English Special Needs Education / Grade 6 / Adapted Interactive Digital Content for Learners with Visual Impairment (VI) / Creative Arts Special Needs Education / Grade 6 / Adapted Interactive Digital Content for Learners with Visual Impairment (VI) / Mathematics Special Needs Education / Grade 6 / Adapted Interactive Digital Content for Learners with Visual Impairment (VI) / Science and Technology Special Needs Education / Grade 6 / Adapted Interactive Digital Content for Learners with Visual Impairment (VI) / Islamic Religious Education Special Needs Education / Grade 6 / Adapted Interactive Digital Content for Learners with Visual Impairment (VI) / Social Studies Special Needs Education / Grade 6 / Adapted Interactive Digital Content for Learners with Visual Impairment (VI) / Agriculture and Nutrition Special Needs Education / Ebooks Special Needs Education / Videos Special Needs Education / Foundational and Stage-Based Special Needs Education / Prevocational Level Special Needs Education / Prevocational Level / Music Special Needs Education / Prevocational Level / Hindu Religious Education Special Needs Education / Prevocational Level / Christian Religious Education Special Needs Education / Prevocational Level / Physical Education Special Needs Education / Prevocational Level / Islamic Religious Education Special Needs Education / Prevocational Level / Social Studies Special Needs Education / Prevocational Level / Prevocational Skills 1 Special Needs Education / Prevocational Level / Prevocational Skills 2 Special Needs Education / Prevocational Level / Prevocational Skills 3 Accessible Digital Textbooks Interactive Simulations for Sciences and Mathematics Interactive Simulations for Sciences and Mathematics / Physics Interactive Simulations for Sciences and Mathematics / Chemistry Interactive Simulations for Sciences and Mathematics / Mathematics Information, Education and Communication(IEC) Materials Information, Education and Communication(IEC) Materials / Child Online Safety Information, Education and Communication(IEC) Materials / Child Road Safety Information, Education and Communication(IEC) Materials / Child Road Safety / Integration Matrices Information, Education and Communication(IEC) Materials / Child Road Safety / Integration Matrices / Early Years Education Information, Education and Communication(IEC) Materials / Child Road Safety / Integration Matrices / Upper Primary Information, Education and Communication(IEC) Materials / Child Road Safety / Integration Matrices / Junior School Information, Education and Communication(IEC) Materials / Child Road Safety / Integration Matrices / Senior School Information, Education and Communication(IEC) Materials / Child Road Safety / Information, Education and Communication(IEC) Materials on Child Road Safety Information, Education and Communication(IEC) Materials / Child Road Safety / Information, Education and Communication(IEC) Materials on Child Road Safety / Early Years Education Information, Education and Communication(IEC) Materials / Child Road Safety / Information, Education and Communication(IEC) Materials on Child Road Safety / Upper Primary Information, Education and Communication(IEC) Materials / Child Road Safety / Information, Education and Communication(IEC) Materials on Child Road Safety / Junior School Information, Education and Communication(IEC) Materials / Child Road Safety / Information, Education and Communication(IEC) Materials on Child Road Safety / Senior School Information, Education and Communication(IEC) Materials / Child Road Safety / Teacher's Handbook Information, Education and Communication(IEC) Materials / Financial Literacy Learners’ Toolkit Teacher Resources Teacher Resources / Educational Resources Materials Development Teacher Resources / Educational Resources Materials Development / CRE Teacher Resources / Educational Resources Materials Development / English Teacher Resources / Educational Resources Materials Development / Environment Teacher Resources / Educational Resources Materials Development / Foundations Teacher Resources / Educational Resources Materials Development / H.R.E Teacher Resources / Educational Resources Materials Development / Hygiene and Nutrition Teacher Resources / Educational Resources Materials Development / I.R.E Teacher Resources / Educational Resources Materials Development / Kiswahili Teacher Resources / Educational Resources Materials Development / Language Activities Teacher Resources / Educational Resources Materials Development / Literacy Skills Teacher Resources / Educational Resources Materials Development / Mathematics Teacher Resources / Educational Resources Materials Development / Movements and Arts Teacher Resources / Pre-Primary Teacher Radio Programmes Teacher Resources / CBC Courses Teacher Resources / Special Needs Educations Teacher Resources / Interactive Digital Content for Teacher Education Teacher Resources / Interactive Digital Content for Teacher Education / English Teacher Resources / Interactive Digital Content for Teacher Education / Music Teacher Resources / Interactive Digital Content for Teacher Education / Christian Religious Education Teacher Resources / Interactive Digital Content for Teacher Education / Art and Craft Teacher Resources / Interactive Digital Content for Teacher Education / Indigenous Languages Teacher Resources / Interactive Digital Content for Teacher Education / Home science Teacher Resources / Interactive Digital Content for Teacher Education / Science and Technology Teacher Resources / Interactive Digital Content for Teacher Education / Islamic Religious Education Teacher Resources / Interactive Digital Content for Teacher Education / Mandarin Teacher Resources / Interactive Digital Content for Teacher Education / Agriculture Teacher Resources / Interactive Digital Content for Teacher Education / Mathematics Teacher Resources / Interactive Digital Content for Teacher Education / French Teacher Resources / Interactive Digital Content for Teacher Education / Hindu Religious Education Teacher Resources / Interactive Digital Content for Teacher Education / Social Studies Teacher Resources / Interactive Digital Content for Teacher Education / Kiswahili Teacher Resources / Interactive Digital Content for Teacher Education / Physical Education Teacher Resources / Interactive Digital Content for Teacher Education / Arabic Parental Resources Financial Literacy Financial Literacy / Financial Literacy for Junior School Financial Literacy / Financial Literacy for Junior School / Taxation Financial Literacy / Financial Literacy for Senior School Financial Literacy / Financial Literacy for Senior School / Taxation Search lessons Search Guidelines For Learners on Online Safety(4-7 Years)See moreGuidelines for Learners on Online Safety (Age 8-12) See moreGuidelines For Learners on Online Safety (13 - 18 Years)See more Guidelines For Learners on Online Safety(4-7 Years)See moreGuidelines for Learners on Online Safety (Age 8-12) See moreGuidelines For Learners on Online Safety (13 - 18 Years)See more Guidelines For Learners on Online Safety(4-7 Years) Guidelines for Learners on Online Safety (Age 8-12) Guidelines For Learners on Online Safety (13 - 18 Years) Digital Content | Kenya Education Cloud | Unlimited Learning Experiences Skip to main content (Login) Child Online Safety Home Lessons Information, Education and Communication(IEC) Materials Child Online Safety Lesson categories: Pre-Primary Pre-Primary / Radio Lessons Pre-Primary / Educhannel Video Lessons Pre-Primary / Educhannel Video Lessons / Language Activities Pre-Primary / Educhannel Video Lessons / Mathematics Pre-Primary / Educhannel Video Lessons / Our School Pre-Primary / Educhannel Video Lessons / Picture Making Pre-Primary / Educhannel Video Lessons / Social Environment Pre-Primary / Educhannel Video Lessons / Pre-Primary 1 Pre-Primary / Educhannel Video Lessons / Pre-Primary 2 Pre-Primary / Interactive digital Content Pre-Primary / Ebooks Primary Education Primary Education / Grade 1 Primary Education / Grade 1 / Educhannel TV Lessons Primary Education / Grade 1 / Educhannel TV Lessons / English Primary Education / Grade 1 / Educhannel TV Lessons / Mathematics Primary Education / Grade 1 / Educhannel TV Lessons / Kiswahili Primary Education / Grade 1 / Educhannel TV Lessons / Kenya Sign Language(KSL) Primary Education / Grade 1 / Educhannel TV Lessons / Hygiene and nutrition Primary Education / Grade 1 / Educhannel TV Lessons / Environmental Activities Primary Education / Grade 1 / Interactive Digital Content Primary Education / Grade 1 / Radio Lessons Primary Education / Grade 1 / Radio Lessons / Mathematics Primary Education / Grade 1 / Radio Lessons / Mathematics / Grade 1 Term 2 Primary Education / Grade 1 / Radio Lessons / Mathematics / Grade 1 Term 3 Primary Education / Grade 1 / Radio Lessons / Kiswahili Primary Education / Grade 1 / Radio Lessons / Kiswahili / Grade 1 Term 2 Primary Education / Grade 1 / Radio Lessons / Kiswahili / Grade 1 Term 3 Primary Education / Grade 1 / Radio Lessons / English Primary Education / Grade 1 / Radio Lessons / English / Grade 1 Term 2 Primary Education / Grade 1 / Radio Lessons / English / Grade 1 Term 3 Primary Education / Grade 1 / Ebooks Primary Education / Grade 1 / Ebooks / Tusome readers Primary Education / Grade 1 / Ebooks / Indigenous Languages Primary Education / Grade 2 Primary Education / Grade 2 / Interactive Digital Content Primary Education / Grade 2 / Educhannel Tv Lessons Primary Education / Grade 2 / Educhannel Tv Lessons / Mathematics Primary Education / Grade 2 / Educhannel Tv Lessons / English Primary Education / Grade 2 / Radio Lessons Primary Education / Grade 2 / Radio Lessons / Mathematics Primary Education / Grade 2 / Radio Lessons / Mathematics / Grade 2 Term 2 Primary Education / Grade 2 / Radio Lessons / English Primary Education / Grade 2 / Radio Lessons / English / Grade 2 Term 2 Primary Education / Grade 2 / Radio Lessons / English / Grade 2 Term 3 Primary Education / Grade 2 / Radio Lessons / Kiswahili Primary Education / Grade 2 / Radio Lessons / Kiswahili / Grade 2 Term 3 Primary Education / Grade 2 / Hygiene and Nutrition Primary Education / Grade 2 / Hygiene and Nutrition / Grade 2 Term 2 Primary Education / Grade 2 / E-books Primary Education / Grade 2 / E-books / Tusome Readers Primary Education / Grade 3 Primary Education / Grade 3 / Radio Lessons Primary Education / Grade 3 / Radio Lessons / Mathematics Primary Education / Grade 3 / Radio Lessons / Mathematics / Grade 3 Term 2 Primary Education / Grade 3 / Radio Lessons / Mathematics / Grade 3 Term 3 Primary Education / Grade 3 / Radio Lessons / English Primary Education / Grade 3 / Radio Lessons / English / Grade 3 Term 2 Primary Education / Grade 3 / Radio Lessons / English / Grade 3 Term 3 Primary Education / Grade 3 / Radio Lessons / Environmental Activities Primary Education / Grade 3 / Radio Lessons / Environmental Activities / Grade 3 Term 2 Primary Education / Grade 3 / Radio Lessons / Kiswahili Primary Education / Grade 3 / Radio Lessons / Kiswahili / Grade 3 Term 3 Primary Education / Grade 3 / Educhannel TV Lessons Primary Education / Grade 3 / Educhannel TV Lessons / Mathematics Primary Education / Grade 3 / Educhannel TV Lessons / English Primary Education / Grade 3 / Educhannel TV Lessons / Kiswahili Primary Education / Grade 3 / Educhannel TV Lessons / Hygiene and Nutrition Primary Education / Grade 3 / Educhannel TV Lessons / Environmental Activities Primary Education / Grade 3 / Interactive Digital Content Primary Education / Grade 3 / EBooks Primary Education / Grade 3 / Tusome English Video Lessons Primary Education / Grade 3 / Tusome English Video Lessons / Tusome English Grade 3 Lessons Primary Education / Grade 4 Primary Education / Grade 4 / Educhannel Tv Lessons Primary Education / Grade 4 / Educhannel Tv Lessons / Home Science Primary Education / Grade 4 / Educhannel Tv Lessons / Agriculture Primary Education / Grade 4 / Educhannel Tv Lessons / Music Primary Education / Grade 4 / Educhannel Tv Lessons / Physical Education Primary Education / Grade 4 / Educhannel Tv Lessons / Art and Craft Primary Education / Grade 4 / Educhannel Tv Lessons / Kenya Sign Language Primary Education / Grade 4 / Educhannel Tv Lessons / Mathematics Primary Education / Grade 4 / Educhannel Tv Lessons / Science and Technology Primary Education / Grade 4 / Educhannel Tv Lessons / Social Studies Primary Education / Grade 4 / Educhannel Tv Lessons / English Primary Education / Grade 4 / Educhannel Tv Lessons / Kiswahili Primary Education / Grade 4 / Educhannel Tv Lessons / Environmental Activity Primary Education / Grade 4 / Radio lessons Primary Education / Grade 4 / Radio lessons / Social Studies Primary Education / Grade 4 / Radio lessons / Social Studies / Grade 4 Term 2 Primary Education / Grade 4 / Radio lessons / Social Studies / Grade 4 Term 3 Primary Education / Grade 4 / Radio lessons / CRE Primary Education / Grade 4 / Radio lessons / CRE / Grade 4 Term 2 Primary Education / Grade 4 / Radio lessons / English Primary Education / Grade 4 / Radio lessons / English / Grade 4 Term 2 Primary Education / Grade 4 / Radio lessons / English / Grade 4 Term 3 Primary Education / Grade 4 / Radio lessons / Hygiene and Nutrition Primary Education / Grade 4 / Radio lessons / Hygiene and Nutrition / Grade 4 Term 1 Primary Education / Grade 4 / Radio lessons / IRE Primary Education / Grade 4 / Radio lessons / IRE / Grade 4 Term 2 Primary Education / Grade 4 / Radio lessons / Science and Technology Primary Education / Grade 4 / Radio lessons / Science and Technology / Grade 4 Term 3 Primary Education / Grade 4 / Radio lessons / Agriculture Primary Education / Grade 4 / Radio lessons / Agriculture / Grade 4 Term 3 Primary Education / Grade 4 / Radio lessons / Mathematics Primary Education / Grade 4 / Radio lessons / Mathematics / Grade 4 Term 3 Primary Education / Grade 4 / SNE Primary Education / Grade 4 / Interactive Digital Content Primary Education / Grade 5 Primary Education / Grade 5 / Educhannel Tv Lessons Primary Education / Grade 5 / Educhannel Tv Lessons / English Primary Education / Grade 5 / Educhannel Tv Lessons / Kiswahili Primary Education / Grade 5 / Educhannel Tv Lessons / Mathematics Primary Education / Grade 5 / Radio Lessons Primary Education / Grade 5 / Radio Lessons / English Primary Education / Grade 5 / Radio Lessons / Science and Technology Primary Education / Grade 5 / Radio Lessons / Agriculture Primary Education / Grade 5 / Radio Lessons / Social studies Primary Education / Grade 5 / Radio Lessons / Christian Religious Education Primary Education / Grade 5 / Radio Lessons / Mathematics Primary Education / Grade 5 / Interactive Digital Content Primary Education / Grade 6 Primary Education / Grade 6 / Radio Lessons Primary Education / Grade 6 / Radio Lessons / CRE Primary Education / Grade 6 / Radio Lessons / Social Studies Primary Education / Grade 6 / Radio Lessons / Science Primary Education / Grade 6 / Radio Lessons / Kiswahili Primary Education / Grade 6 / Radio Lessons / English Primary Education / Grade 6 / Radio Lessons / Mathematics Primary Education / Grade 6 / Educhannel TV Lessons Primary Education / Grade 6 / Educhannel TV Lessons / Kiswahili Primary Education / Grade 6 / Educhannel TV Lessons / Agriculture Primary Education / Grade 6 / Educhannel TV Lessons / Art and Craft Primary Education / Grade 6 / Educhannel TV Lessons / English Primary Education / Grade 6 / Educhannel TV Lessons / Home Science Primary Education / Grade 6 / Educhannel TV Lessons / Music Primary Education / Grade 6 / Educhannel TV Lessons / Science and technology Primary Education / Grade 6 / Educhannel TV Lessons / Physical health education Primary Education / Grade 6 / Interactive Digital Content Junior School Junior School / Grade 8 Junior School / Grade 8 / Educhannel Tv Lessons Junior School / Grade 8 / Radio Lessons Junior School / Grade 8 / Interactive Digital Content Junior School / Grade 7 Junior School / Grade 7 / Educhannel TV lessons Junior School / Grade 7 / Radio Lessons Junior School / Grade 7 / Radio Lessons / Mathematics Junior School / Grade 7 / Radio Lessons / Kiswahili Junior School / Grade 7 / Radio Lessons / English Junior School / Grade 7 / Radio Lessons / Christian Religious Education Junior School / Grade 7 / Radio Lessons / Integrated Science Junior School / Grade 7 / Radio Lessons / Social Studies Junior School / Grade 7 / Radio Lessons / Pre-Technical Studies Junior School / Grade 7 / Interactive Digital Content Secondary Education Secondary Education / Form 1 Secondary Education / Form 1 / Interactive Digital Content Secondary Education / Form 1 / Educhannel Tv Lessons Secondary Education / Form 1 / Educhannel Tv Lessons / Mathematics Secondary Education / Form 1 / Educhannel Tv Lessons / English Secondary Education / Form 1 / Educhannel Tv Lessons / Physics Secondary Education / Form 1 / Educhannel Tv Lessons / Biology Secondary Education / Form 1 / Educhannel Tv Lessons / Chemistry Secondary Education / Form 1 / Educhannel Tv Lessons / Kiswahili Secondary Education / Form 1 / Educhannel Tv Lessons / History and Government Secondary Education / Form 1 / Educhannel Tv Lessons / Business Studies Secondary Education / Form 1 / Radio Lessons Secondary Education / Form 1 / Ebooks Secondary Education / Form 2 Secondary Education / Form 2 / Interactive Digital Content Secondary Education / Form 2 / Educhannel Tv Lessons Secondary Education / Form 2 / Educhannel Tv Lessons / Physics Secondary Education / Form 2 / Radio Lessons Secondary Education / Form 2 / Radio Lessons / Biology Secondary Education / Form 3 Secondary Education / Form 3 / Interactive Digital Content Secondary Education / Form 3 / Educhannel Tv Lessons Secondary Education / Form 3 / Educhannel Tv Lessons / Mathematics Secondary Education / Form 3 / Educhannel Tv Lessons / English Secondary Education / Form 3 / Educhannel Tv Lessons / Kiswahili Secondary Education / Form 3 / Educhannel Tv Lessons / Biology Secondary Education / Form 3 / Educhannel Tv Lessons / Chemistry Secondary Education / Form 3 / Educhannel Tv Lessons / Physics Secondary Education / Form 3 / Educhannel Tv Lessons / Business Studies Secondary Education / Form 3 / Educhannel Tv Lessons / History and Government Secondary Education / Form 3 / Radio Lessons Secondary Education / Form 4 Secondary Education / Form 4 / Interactive Digital Content Secondary Education / Form 4 / Educhannel Tv Lessons Secondary Education / Form 4 / Educhannel Tv Lessons / Form 4 Mathematics Secondary Education / Form 4 / Educhannel Tv Lessons / Form 4 English Secondary Education / Form 4 / Educhannel Tv Lessons / Form 4 Physics Secondary Education / Form 4 / Educhannel Tv Lessons / Form 4 Biology Secondary Education / Form 4 / Educhannel Tv Lessons / Form 4 Kiswahili Secondary Education / Form 4 / Educhannel Tv Lessons / Form 4 Chemistry Secondary Education / Form 4 / Educhannel Tv Lessons / Form 4 History and Government Secondary Education / Form 4 / Educhannel Tv Lessons / Form 4 Business Studies Secondary Education / Form 4 / Radio Lessons Secondary Education / Form 4 / Radio Lessons / Mathematics Secondary Education / Form 4 / Radio Lessons / Mathematics / Form 4 Term 1 Secondary Education / Form 4 / Radio Lessons / Mathematics / Form 4 Term 2 Secondary Education / Form 4 / Radio Lessons / Mathematics / Form 4 Term 3 General Knowledge General Knowledge / VOA Connect General Knowledge / Ask the expert General Knowledge / Citizenship and Democracy General Knowledge / Digital Story General Knowledge / Impacted Educhannel Lessons Educhannel Lessons / English Educhannel Lessons / English / Transport and travel Educhannel Lessons / English / Pronunciation skills Educhannel Lessons / English / Listening and speaking Educhannel Lessons / English / Family Educhannel Lessons / English / Environment Educhannel Lessons / English / Drug and Substance Educhannel Lessons / Agriculture Educhannel Lessons / Biology Educhannel Lessons / Biology / Living Things Educhannel Lessons / Biology / Secretion and homeostasis Educhannel Lessons / Biology / Support and movement Educhannel Lessons / Business Studies Educhannel Lessons / Chemistry Educhannel Lessons / Earth Movement and Volcanicity Educhannel Lessons / Environmental Activities Educhannel Lessons / Geograpghy Educhannel Lessons / History Educhannel Lessons / History / Kenyan History Educhannel Lessons / Homescience Educhannel Lessons / Homescience / Basic care clothing Educhannel Lessons / Kiswahili Educhannel Lessons / Kiswahili / Primary Educhannel Lessons / Kiswahili / Primary / Darasa 4-5 Educhannel Lessons / Kiswahili / Secondary Educhannel Lessons / Kiswahili / Secondary / Isimu Jamii Educhannel Lessons / Kiswahili / Secondary / Sarufi Educhannel Lessons / Mathematics Educhannel Lessons / Mathematics / Secondary Educhannel Lessons / Mathematics / Secondary / Commercial Arithmetics Educhannel Lessons / Mathematics / Primary Educhannel Lessons / Mathematics / Primary / Class 5-8 Educhannel Lessons / Mathematics / Primary / Class 5-8 / Practical uses of Money Educhannel Lessons / Mathematics / Primary / Class 5-8 / Measurement Educhannel Lessons / Organic Chemistry Educhannel Lessons / Performing Music Educhannel Lessons / Homescience Educhannel Lessons / Homescience / Basic care of clothing Educhannel Lessons / Art and Craft Educhannel Lessons / Physics Educhannel Lessons / Physics / Thermodynamics Educhannel Lessons / Physics / Mechanics Educhannel Lessons / Physics / Electricity and Magnetism Educhannel Lessons / The Doyen Exposition Educhannel Lessons / Science Educhannel Lessons / Science / Making work easier Educhannel Lessons / Science / Living Things Educhannel Lessons / Science / Energy conservation Educhannel Lessons / Physical and Health Education Educhannel Lessons / Physical and Health Education / Grade 1-4 Open Education Resourses(OERs) Open Education Resourses(OERs) / Movement and Creative Activities Open Education Resourses(OERs) / 	Religious Education Activities Open Education Resourses(OERs) / Mathematical Activities Open Education Resourses(OERs) / Environmental Activities Open Education Resourses(OERs) / Kiswahili Language Open Education Resourses(OERs) / LTK | Concordia University Open Education Resourses(OERs) / Hygiene and Nutrition Open Education Resourses(OERs) / ENGLISH LANGUAGE ACTIVITIES Open Education Resourses(OERs) / Casio Materials Open Education Resourses(OERs) / Health Education Open Education Resourses(OERs) / Carbon Literacy Special Needs Education Special Needs Education / Grade 1 Special Needs Education / Grade 1 / Adapted Interactive Digital Content for Hearing Impaired(HI) Special Needs Education / Grade 1 / Adapted Interactive Digital Content for Hearing Impaired(HI) / English Activities Special Needs Education / Grade 1 / Adapted Interactive Digital Content for Hearing Impaired(HI) / Environmental Activities Special Needs Education / Grade 1 / Adapted Interactive Digital Content for Hearing Impaired(HI) / Creative Activities Special Needs Education / Grade 1 / Adapted Interactive Digital Content for Visual Impaired(VI) Special Needs Education / Grade 2 Special Needs Education / Grade 2 / Adapted Interactive Digital Content for Hearing Impaired(HI) Special Needs Education / Grade 2 / Adapted Interactive Digital Content for Hearing Impaired(HI) / Mathematics Grade 2 Special Needs Education / Grade 2 / Adapted Interactive Digital Content for Hearing Impaired(HI) / Environmental Activities Grade 2 Special Needs Education / Grade 2 / Adapted Interactive Digital Content for Hearing Impaired(HI) / Hygiene and Nutrition Grade 2 Special Needs Education / Grade 2 / Adapted Interactive Digital Content for Hearing Impaired(HI) / Christian Religious Education Grade 2 (HI) Special Needs Education / Grade 2 / Adapted Interactive Digital Content for Hearing Impaired(HI) / Literacy Activities Grade2 (HI) Special Needs Education / Grade 2 / Adapted Interactive Digital Content for Hearing Impaired(HI) / English Activities Grad2 H.I Special Needs Education / Grade 2 / Adapted Interactive Digital Content for Hearing Impaired(HI) / Creative Activities Grade2 -H.I Special Needs Education / Grade 2 / Adapted Interactive Digital Content for Visual Impaired(VI) Special Needs Education / Grade 2 / Adapted Interactive Digital Content for Visual Impaired(VI) / Mathematics Special Needs Education / Grade 2 / Adapted Interactive Digital Content for Visual Impaired(VI) / Kiswahili Special Needs Education / Grade 2 / Adapted Interactive Digital Content for Visual Impaired(VI) / English Special Needs Education / Grade 2 / Adapted Interactive Digital Content for Visual Impaired(VI) / Creative Activities Special Needs Education / Grade 2 / Adapted Interactive Digital Content for Visual Impaired(VI) / CRE Special Needs Education / Grade 3 Special Needs Education / Grade 3 / Adapted Interactive Digital Content for Learners with Hearing Impairment (HI) Special Needs Education / Grade 3 / Adapted Interactive Digital Content for Learners with Hearing Impairment (HI) / Visual Arts Special Needs Education / Grade 3 / Adapted Interactive Digital Content for Learners with Hearing Impairment (HI) / English Special Needs Education / Grade 3 / Adapted Interactive Digital Content for Learners with Hearing Impairment (HI) / Hygiene and Nutrition Special Needs Education / Grade 3 / Adapted Interactive Digital Content for Learners with Hearing Impairment (HI) / Music Special Needs Education / Grade 3 / Adapted Interactive Digital Content for Learners with Hearing Impairment (HI) / Mathematics Special Needs Education / Grade 3 / Adapted Interactive Digital Content for Learners with Hearing Impairment (HI) / Environmental Special Needs Education / Grade 3 / Adapted Interactive Digital Content for Learners with Hearing Impairment (HI) / CRE Special Needs Education / Grade 3 / Adapted Interactive Digital Content for Learners with Visual Impairment (VI) Special Needs Education / Grade 3 / Adapted Interactive Digital Content for Learners with Visual Impairment (VI) / Music Special Needs Education / Grade 3 / Adapted Interactive Digital Content for Learners with Visual Impairment (VI) / Mathematics Special Needs Education / Grade 3 / Adapted Interactive Digital Content for Learners with Visual Impairment (VI) / Visual Arts Special Needs Education / Grade 3 / Adapted Interactive Digital Content for Learners with Visual Impairment (VI) / Kiswahili Special Needs Education / Grade 3 / Adapted Interactive Digital Content for Learners with Visual Impairment (VI) / Hygiene and Nutrition Special Needs Education / Grade 3 / Adapted Interactive Digital Content for Learners with Visual Impairment (VI) / Environmental Special Needs Education / Grade 3 / Adapted Interactive Digital Content for Learners with Visual Impairment (VI) / English Special Needs Education / Grade 3 / Adapted Interactive Digital Content for Learners with Visual Impairment (VI) / CRE Special Needs Education / Grade 4 Special Needs Education / Grade 4 / Adapted Interactive Digital Content for Learners with Hearing Impairment (HI) Special Needs Education / Grade 4 / Adapted Interactive Digital Content for Learners with Hearing Impairment (HI) / Mathematics Special Needs Education / Grade 4 / Adapted Interactive Digital Content for Learners with Hearing Impairment (HI) / English Special Needs Education / Grade 4 / Adapted Interactive Digital Content for Learners with Hearing Impairment (HI) / Science and Technology Special Needs Education / Grade 4 / Adapted Interactive Digital Content for Learners with Hearing Impairment (HI) / Agriculture Special Needs Education / Grade 4 / Adapted Interactive Digital Content for Learners with Hearing Impairment (HI) / Social Studies Special Needs Education / Grade 4 / Adapted Interactive Digital Content for Learners with Hearing Impairment (HI) / Home Science Special Needs Education / Grade 4 / Adapted Interactive Digital Content for Learners with Hearing Impairment (HI) / Art and Craft Special Needs Education / Grade 4 / Adapted Interactive Digital Content for Learners with Hearing Impairment (HI) / Music Special Needs Education / Grade 4 / Adapted Interactive Digital Content for Learners with Hearing Impairment (HI) / Christian Religious Education (CRE) Special Needs Education / Grade 4 / Adapted Interactive Digital Content for Learners with Visual Impairment (VI) Special Needs Education / Grade 4 / Adapted Interactive Digital Content for Learners with Visual Impairment (VI) / Mathematics Special Needs Education / Grade 4 / Adapted Interactive Digital Content for Learners with Visual Impairment (VI) / English Special Needs Education / Grade 4 / Adapted Interactive Digital Content for Learners with Visual Impairment (VI) / Kiswahili Special Needs Education / Grade 4 / Adapted Interactive Digital Content for Learners with Visual Impairment (VI) / Science and Technology Special Needs Education / Grade 4 / Adapted Interactive Digital Content for Learners with Visual Impairment (VI) / Agriculture Special Needs Education / Grade 4 / Adapted Interactive Digital Content for Learners with Visual Impairment (VI) / Social Studies Special Needs Education / Grade 4 / Adapted Interactive Digital Content for Learners with Visual Impairment (VI) / Home Science Special Needs Education / Grade 4 / Adapted Interactive Digital Content for Learners with Visual Impairment (VI) / Art and Craft Special Needs Education / Grade 4 / Adapted Interactive Digital Content for Learners with Visual Impairment (VI) / Christian Religious Education (CRE) Special Needs Education / Grade 4 / Adapted Interactive Digital Content for Learners with Visual Impairment (VI) / Music Special Needs Education / Grade 5 Special Needs Education / Grade 5 / Adapted Interactive Digital Content for Learners with Hearing Impairment (HI) Special Needs Education / Grade 5 / Adapted Interactive Digital Content for Learners with Hearing Impairment (HI) / English Special Needs Education / Grade 5 / Adapted Interactive Digital Content for Learners with Hearing Impairment (HI) / Christian Religious Education Special Needs Education / Grade 5 / Adapted Interactive Digital Content for Learners with Hearing Impairment (HI) / Social Studies Special Needs Education / Grade 5 / Adapted Interactive Digital Content for Learners with Hearing Impairment (HI) / Agriculture and Nutrition Special Needs Education / Grade 5 / Adapted Interactive Digital Content for Learners with Hearing Impairment (HI) / Creative Arts Special Needs Education / Grade 5 / Adapted Interactive Digital Content for Learners with Hearing Impairment (HI) / Mathematics Special Needs Education / Grade 5 / Adapted Interactive Digital Content for Learners with Hearing Impairment (HI) / Science and Technology Special Needs Education / Grade 5 / Adapted Interactive Digital Content for Learners with Hearing Impairment (HI) / Islamic Religious Education Special Needs Education / Grade 5 / Adapted Interactive Digital Content for Learners with Visual Impairment (VI) Special Needs Education / Grade 5 / Adapted Interactive Digital Content for Learners with Visual Impairment (VI) / Creative Arts Special Needs Education / Grade 5 / Adapted Interactive Digital Content for Learners with Visual Impairment (VI) / Social Studies Special Needs Education / Grade 5 / Adapted Interactive Digital Content for Learners with Visual Impairment (VI) / Kiswahili Special Needs Education / Grade 5 / Adapted Interactive Digital Content for Learners with Visual Impairment (VI) / Christian Religious Education Special Needs Education / Grade 5 / Adapted Interactive Digital Content for Learners with Visual Impairment (VI) / Science and Technology Special Needs Education / Grade 5 / Adapted Interactive Digital Content for Learners with Visual Impairment (VI) / Agriculture and Nutrition Special Needs Education / Grade 5 / Adapted Interactive Digital Content for Learners with Visual Impairment (VI) / Islamic Religious Education Special Needs Education / Grade 5 / Adapted Interactive Digital Content for Learners with Visual Impairment (VI) / Mathematics Special Needs Education / Grade 5 / Adapted Interactive Digital Content for Learners with Visual Impairment (VI) / English Special Needs Education / Grade 6 Special Needs Education / Grade 6 / Adapted Interactive Digital Content for Learners with Hearing Impairment (HI) Special Needs Education / Grade 6 / Adapted Interactive Digital Content for Learners with Hearing Impairment (HI) / Science and Technology Special Needs Education / Grade 6 / Adapted Interactive Digital Content for Learners with Hearing Impairment (HI) / Christian Religious Education Special Needs Education / Grade 6 / Adapted Interactive Digital Content for Learners with Hearing Impairment (HI) / Creative Arts Special Needs Education / Grade 6 / Adapted Interactive Digital Content for Learners with Hearing Impairment (HI) / Islamic Religious Education Special Needs Education / Grade 6 / Adapted Interactive Digital Content for Learners with Hearing Impairment (HI) / English Special Needs Education / Grade 6 / Adapted Interactive Digital Content for Learners with Hearing Impairment (HI) / Social Studies Special Needs Education / Grade 6 / Adapted Interactive Digital Content for Learners with Hearing Impairment (HI) / Agriculture Special Needs Education / Grade 6 / Adapted Interactive Digital Content for Learners with Hearing Impairment (HI) / Mathematics Special Needs Education / Grade 6 / Adapted Interactive Digital Content for Learners with Visual Impairment (VI) Special Needs Education / Grade 6 / Adapted Interactive Digital Content for Learners with Visual Impairment (VI) / Christian Religious Education Special Needs Education / Grade 6 / Adapted Interactive Digital Content for Learners with Visual Impairment (VI) / Kiswahili Special Needs Education / Grade 6 / Adapted Interactive Digital Content for Learners with Visual Impairment (VI) / English Special Needs Education / Grade 6 / Adapted Interactive Digital Content for Learners with Visual Impairment (VI) / Creative Arts Special Needs Education / Grade 6 / Adapted Interactive Digital Content for Learners with Visual Impairment (VI) / Mathematics Special Needs Education / Grade 6 / Adapted Interactive Digital Content for Learners with Visual Impairment (VI) / Science and Technology Special Needs Education / Grade 6 / Adapted Interactive Digital Content for Learners with Visual Impairment (VI) / Islamic Religious Education Special Needs Education / Grade 6 / Adapted Interactive Digital Content for Learners with Visual Impairment (VI) / Social Studies Special Needs Education / Grade 6 / Adapted Interactive Digital Content for Learners with Visual Impairment (VI) / Agriculture and Nutrition Special Needs Education / Ebooks Special Needs Education / Videos Special Needs Education / Foundational and Stage-Based Special Needs Education / Prevocational Level Special Needs Education / Prevocational Level / Music Special Needs Education / Prevocational Level / Hindu Religious Education Special Needs Education / Prevocational Level / Christian Religious Education Special Needs Education / Prevocational Level / Physical Education Special Needs Education / Prevocational Level / Islamic Religious Education Special Needs Education / Prevocational Level / Social Studies Special Needs Education / Prevocational Level / Prevocational Skills 1 Special Needs Education / Prevocational Level / Prevocational Skills 2 Special Needs Education / Prevocational Level / Prevocational Skills 3 Accessible Digital Textbooks Interactive Simulations for Sciences and Mathematics Interactive Simulations for Sciences and Mathematics / Physics Interactive Simulations for Sciences and Mathematics / Chemistry Interactive Simulations for Sciences and Mathematics / Mathematics Information, Education and Communication(IEC) Materials Information, Education and Communication(IEC) Materials / Child Online Safety Information, Education and Communication(IEC) Materials / Child Road Safety Information, Education and Communication(IEC) Materials / Child Road Safety / Integration Matrices Information, Education and Communication(IEC) Materials / Child Road Safety / Integration Matrices / Early Years Education Information, Education and Communication(IEC) Materials / Child Road Safety / Integration Matrices / Upper Primary Information, Education and Communication(IEC) Materials / Child Road Safety / Integration Matrices / Junior School Information, Education and Communication(IEC) Materials / Child Road Safety / Integration Matrices / Senior School Information, Education and Communication(IEC) Materials / Child Road Safety / Information, Education and Communication(IEC) Materials on Child Road Safety Information, Education and Communication(IEC) Materials / Child Road Safety / Information, Education and Communication(IEC) Materials on Child Road Safety / Early Years Education Information, Education and Communication(IEC) Materials / Child Road Safety / Information, Education and Communication(IEC) Materials on Child Road Safety / Upper Primary Information, Education and Communication(IEC) Materials / Child Road Safety / Information, Education and Communication(IEC) Materials on Child Road Safety / Junior School Information, Education and Communication(IEC) Materials / Child Road Safety / Information, Education and Communication(IEC) Materials on Child Road Safety / Senior School Information, Education and Communication(IEC) Materials / Child Road Safety / Teacher's Handbook Information, Education and Communication(IEC) Materials / Financial Literacy Learners’ Toolkit Teacher Resources Teacher Resources / Educational Resources Materials Development Teacher Resources / Educational Resources Materials Development / CRE Teacher Resources / Educational Resources Materials Development / English Teacher Resources / Educational Resources Materials Development / Environment Teacher Resources / Educational Resources Materials Development / Foundations Teacher Resources / Educational Resources Materials Development / H.R.E Teacher Resources / Educational Resources Materials Development / Hygiene and Nutrition Teacher Resources / Educational Resources Materials Development / I.R.E Teacher Resources / Educational Resources Materials Development / Kiswahili Teacher Resources / Educational Resources Materials Development / Language Activities Teacher Resources / Educational Resources Materials Development / Literacy Skills Teacher Resources / Educational Resources Materials Development / Mathematics Teacher Resources / Educational Resources Materials Development / Movements and Arts Teacher Resources / Pre-Primary Teacher Radio Programmes Teacher Resources / CBC Courses Teacher Resources / Special Needs Educations Teacher Resources / Interactive Digital Content for Teacher Education Teacher Resources / Interactive Digital Content for Teacher Education / English Teacher Resources / Interactive Digital Content for Teacher Education / Music Teacher Resources / Interactive Digital Content for Teacher Education / Christian Religious Education Teacher Resources / Interactive Digital Content for Teacher Education / Art and Craft Teacher Resources / Interactive Digital Content for Teacher Education / Indigenous Languages Teacher Resources / Interactive Digital Content for Teacher Education / Home science Teacher Resources / Interactive Digital Content for Teacher Education / Science and Technology Teacher Resources / Interactive Digital Content for Teacher Education / Islamic Religious Education Teacher Resources / Interactive Digital Content for Teacher Education / Mandarin Teacher Resources / Interactive Digital Content for Teacher Education / Agriculture Teacher Resources / Interactive Digital Content for Teacher Education / Mathematics Teacher Resources / Interactive Digital Content for Teacher Education / French Teacher Resources / Interactive Digital Content for Teacher Education / Hindu Religious Education Teacher Resources / Interactive Digital Content for Teacher Education / Social Studies Teacher Resources / Interactive Digital Content for Teacher Education / Kiswahili Teacher Resources / Interactive Digital Content for Teacher Education / Physical Education Teacher Resources / Interactive Digital Content for Teacher Education / Arabic Parental Resources Financial Literacy Financial Literacy / Financial Literacy for Junior School Financial Literacy / Financial Literacy for Junior School / Taxation Financial Literacy / Financial Literacy for Senior School Financial Literacy / Financial Literacy for Senior School / Taxation Search lessons Search Guidelines For Learners on Online Safety(4-7 Years)See moreGuidelines for Learners on Online Safety (Age 8-12) See moreGuidelines For Learners on Online Safety (13 - 18 Years)See more Home Pre-primary Pre-Primary 1 Pre-Primary 2 Primary Grade 1 Grade 2 Grade 3 Grade 4 Grade 5 Grade 6 Secondary Grade 7 Grade 8 Form 1 Form 2 Form 3 Form 4 OER's SNE The Kenya Education Cloud (KEC) is a digital platform designed to enhance teaching and learning in Kenya by providing a wide range of digital educational resources. Serving as a centralized hub for e-learning, it promotes access to interactive content, supports modern pedagogical methods, and fosters collaboration among educators and learners. External Links Ministry of Education Kenya National Examinations Council Teachers Service Commission Kenya Kenya Institute of Special Education (KISE) ICT Authority TVET Authority Elimika Additional Resources Accessible Digital Textbook (ADT) Curriculum Reports Parental Resources Child Online Protection Guidelines Our Contacts Kenya Institute of Curriculum DevelopmentDesai Rd, Off Muranga Rd,Nairobi, Kenya. Telephone Contacts+254 729327331 +254 729327334 Email Addressinfo@kicd.ac.ke Kenya Education Cloud © 2024. All rights reserved. Privacy Policy Terms & Conditions (Login) Data retention summary","['mathematics', 'english', 'kiswahili', 'biology', 'chemistry', 'physics', 'geography', 'history', 'business', 'computer', 'agriculture', 'home_science', 'art', 'music', 'physical_education', 'religious_education']",form_1,cbc,[],2025-09-08T00:48:55.175037,unknown,special,child_protection,,
https://elimika.kec.ac.ke/course/view.php?id=10,Elimika Platform | Kenya Education Cloud | Unlimited Learning Experinces,"Elimika is an online teacher training platform , offering Competency Based Curriculum (CBC)-aligned courses developed by the Kenya Institute of Curriculum Development (KICD). Learn anytime, anywhere and enhance your skills in ICT integration, assessment, pedagogy, and professional teaching under Kenya’s Competency Based Curriculum.","Sign Up and Start Learning!. By signing up, you agree to our Terms of Use and Privacy Policy. Elimika Skip to create new account Sign In Username / email Password Remember username Forgot Password? Log in No Account? Sign up Alternatively, you can Log in to the Elimika platform using your account on: Microsoft Google Skip to create new account Sign In Username / email Password Remember username Forgot Password? Log in No Account? Sign up Alternatively, you can Log in to the Elimika platform using your account on: Microsoft Google Sign In Username / email Password Remember username Forgot Password? Log in No Account? Sign up Alternatively, you can Log in to the Elimika platform using your account on: Microsoft Google Elimika Platform | Kenya Education Cloud | Unlimited Learning Experinces Skip to main content Sign Up and Start Learning!. By signing up, you agree to our Terms of Use and Privacy Policy. Elimika Skip to create new account Sign In Username / email Password Remember username Forgot Password? Log in No Account? Sign up Alternatively, you can Log in to the Elimika platform using your account on: Microsoft Google You are not logged in. Home","['art', 'religious_education']",unknown,unknown,[],2025-09-08T00:48:55.772724,unknown,,,,
https://lms.kec.ac.ke/course/index.php?categoryid=108,Digital Content Portal,"Kenya Education Cloud is your ultimate digital learning hub, providing access to curated e-learning resources, educational tools, and innovative content for students, teachers, and institutions.","Digital Content Portal Home You don't have permission to view this list of courses.More information about this error Continue Digital Content | Kenya Education Cloud | Unlimited Learning Experiences Skip to main content (Login) Digital Content Portal Home You don't have permission to view this list of courses.More information about this error Continue Home Pre-primary Pre-Primary 1 Pre-Primary 2 Primary Grade 1 Grade 2 Grade 3 Grade 4 Grade 5 Grade 6 Secondary Grade 7 Grade 8 Form 1 Form 2 Form 3 Form 4 OER's SNE The Kenya Education Cloud (KEC) is a digital platform designed to enhance teaching and learning in Kenya by providing a wide range of digital educational resources. Serving as a centralized hub for e-learning, it promotes access to interactive content, supports modern pedagogical methods, and fosters collaboration among educators and learners. External Links Ministry of Education Kenya National Examinations Council Teachers Service Commission Kenya Kenya Institute of Special Education (KISE) ICT Authority TVET Authority Elimika Additional Resources Accessible Digital Textbook (ADT) Curriculum Reports Parental Resources Child Online Protection Guidelines Our Contacts Kenya Institute of Curriculum DevelopmentDesai Rd, Off Muranga Rd,Nairobi, Kenya. Telephone Contacts+254 729327331 +254 729327334 Email Addressinfo@kicd.ac.ke Kenya Education Cloud © 2024. All rights reserved. Privacy Policy Terms & Conditions (Login) Data retention summary","['computer', 'art']",form_1,cbc,[],2025-09-08T00:48:57.088826,unknown,junior_secondary,,grade_9,
https://lms.kec.ac.ke/course/index.php?categoryid=74,Grade 1,"Kenya Education Cloud is your ultimate digital learning hub, providing access to curated e-learning resources, educational tools, and innovative content for students, teachers, and institutions.","Grade 1 Home Lessons Primary Education Grade 1 Lesson categories: Pre-Primary Pre-Primary / Radio Lessons Pre-Primary / Educhannel Video Lessons Pre-Primary / Educhannel Video Lessons / Language Activities Pre-Primary / Educhannel Video Lessons / Mathematics Pre-Primary / Educhannel Video Lessons / Our School Pre-Primary / Educhannel Video Lessons / Picture Making Pre-Primary / Educhannel Video Lessons / Social Environment Pre-Primary / Educhannel Video Lessons / Pre-Primary 1 Pre-Primary / Educhannel Video Lessons / Pre-Primary 2 Pre-Primary / Interactive digital Content Pre-Primary / Ebooks Primary Education Primary Education / Grade 1 Primary Education / Grade 1 / Educhannel TV Lessons Primary Education / Grade 1 / Educhannel TV Lessons / English Primary Education / Grade 1 / Educhannel TV Lessons / Mathematics Primary Education / Grade 1 / Educhannel TV Lessons / Kiswahili Primary Education / Grade 1 / Educhannel TV Lessons / Kenya Sign Language(KSL) Primary Education / Grade 1 / Educhannel TV Lessons / Hygiene and nutrition Primary Education / Grade 1 / Educhannel TV Lessons / Environmental Activities Primary Education / Grade 1 / Interactive Digital Content Primary Education / Grade 1 / Radio Lessons Primary Education / Grade 1 / Radio Lessons / Mathematics Primary Education / Grade 1 / Radio Lessons / Mathematics / Grade 1 Term 2 Primary Education / Grade 1 / Radio Lessons / Mathematics / Grade 1 Term 3 Primary Education / Grade 1 / Radio Lessons / Kiswahili Primary Education / Grade 1 / Radio Lessons / Kiswahili / Grade 1 Term 2 Primary Education / Grade 1 / Radio Lessons / Kiswahili / Grade 1 Term 3 Primary Education / Grade 1 / Radio Lessons / English Primary Education / Grade 1 / Radio Lessons / English / Grade 1 Term 2 Primary Education / Grade 1 / Radio Lessons / English / Grade 1 Term 3 Primary Education / Grade 1 / Ebooks Primary Education / Grade 1 / Ebooks / Tusome readers Primary Education / Grade 1 / Ebooks / Indigenous Languages Primary Education / Grade 2 Primary Education / Grade 2 / Interactive Digital Content Primary Education / Grade 2 / Educhannel Tv Lessons Primary Education / Grade 2 / Educhannel Tv Lessons / Mathematics Primary Education / Grade 2 / Educhannel Tv Lessons / English Primary Education / Grade 2 / Radio Lessons Primary Education / Grade 2 / Radio Lessons / Mathematics Primary Education / Grade 2 / Radio Lessons / Mathematics / Grade 2 Term 2 Primary Education / Grade 2 / Radio Lessons / English Primary Education / Grade 2 / Radio Lessons / English / Grade 2 Term 2 Primary Education / Grade 2 / Radio Lessons / English / Grade 2 Term 3 Primary Education / Grade 2 / Radio Lessons / Kiswahili Primary Education / Grade 2 / Radio Lessons / Kiswahili / Grade 2 Term 3 Primary Education / Grade 2 / Hygiene and Nutrition Primary Education / Grade 2 / Hygiene and Nutrition / Grade 2 Term 2 Primary Education / Grade 2 / E-books Primary Education / Grade 2 / E-books / Tusome Readers Primary Education / Grade 3 Primary Education / Grade 3 / Radio Lessons Primary Education / Grade 3 / Radio Lessons / Mathematics Primary Education / Grade 3 / Radio Lessons / Mathematics / Grade 3 Term 2 Primary Education / Grade 3 / Radio Lessons / Mathematics / Grade 3 Term 3 Primary Education / Grade 3 / Radio Lessons / English Primary Education / Grade 3 / Radio Lessons / English / Grade 3 Term 2 Primary Education / Grade 3 / Radio Lessons / English / Grade 3 Term 3 Primary Education / Grade 3 / Radio Lessons / Environmental Activities Primary Education / Grade 3 / Radio Lessons / Environmental Activities / Grade 3 Term 2 Primary Education / Grade 3 / Radio Lessons / Kiswahili Primary Education / Grade 3 / Radio Lessons / Kiswahili / Grade 3 Term 3 Primary Education / Grade 3 / Educhannel TV Lessons Primary Education / Grade 3 / Educhannel TV Lessons / Mathematics Primary Education / Grade 3 / Educhannel TV Lessons / English Primary Education / Grade 3 / Educhannel TV Lessons / Kiswahili Primary Education / Grade 3 / Educhannel TV Lessons / Hygiene and Nutrition Primary Education / Grade 3 / Educhannel TV Lessons / Environmental Activities Primary Education / Grade 3 / Interactive Digital Content Primary Education / Grade 3 / EBooks Primary Education / Grade 3 / Tusome English Video Lessons Primary Education / Grade 3 / Tusome English Video Lessons / Tusome English Grade 3 Lessons Primary Education / Grade 4 Primary Education / Grade 4 / Educhannel Tv Lessons Primary Education / Grade 4 / Educhannel Tv Lessons / Home Science Primary Education / Grade 4 / Educhannel Tv Lessons / Agriculture Primary Education / Grade 4 / Educhannel Tv Lessons / Music Primary Education / Grade 4 / Educhannel Tv Lessons / Physical Education Primary Education / Grade 4 / Educhannel Tv Lessons / Art and Craft Primary Education / Grade 4 / Educhannel Tv Lessons / Kenya Sign Language Primary Education / Grade 4 / Educhannel Tv Lessons / Mathematics Primary Education / Grade 4 / Educhannel Tv Lessons / Science and Technology Primary Education / Grade 4 / Educhannel Tv Lessons / Social Studies Primary Education / Grade 4 / Educhannel Tv Lessons / English Primary Education / Grade 4 / Educhannel Tv Lessons / Kiswahili Primary Education / Grade 4 / Educhannel Tv Lessons / Environmental Activity Primary Education / Grade 4 / Radio lessons Primary Education / Grade 4 / Radio lessons / Social Studies Primary Education / Grade 4 / Radio lessons / Social Studies / Grade 4 Term 2 Primary Education / Grade 4 / Radio lessons / Social Studies / Grade 4 Term 3 Primary Education / Grade 4 / Radio lessons / CRE Primary Education / Grade 4 / Radio lessons / CRE / Grade 4 Term 2 Primary Education / Grade 4 / Radio lessons / English Primary Education / Grade 4 / Radio lessons / English / Grade 4 Term 2 Primary Education / Grade 4 / Radio lessons / English / Grade 4 Term 3 Primary Education / Grade 4 / Radio lessons / Hygiene and Nutrition Primary Education / Grade 4 / Radio lessons / Hygiene and Nutrition / Grade 4 Term 1 Primary Education / Grade 4 / Radio lessons / IRE Primary Education / Grade 4 / Radio lessons / IRE / Grade 4 Term 2 Primary Education / Grade 4 / Radio lessons / Science and Technology Primary Education / Grade 4 / Radio lessons / Science and Technology / Grade 4 Term 3 Primary Education / Grade 4 / Radio lessons / Agriculture Primary Education / Grade 4 / Radio lessons / Agriculture / Grade 4 Term 3 Primary Education / Grade 4 / Radio lessons / Mathematics Primary Education / Grade 4 / Radio lessons / Mathematics / Grade 4 Term 3 Primary Education / Grade 4 / SNE Primary Education / Grade 4 / Interactive Digital Content Primary Education / Grade 5 Primary Education / Grade 5 / Educhannel Tv Lessons Primary Education / Grade 5 / Educhannel Tv Lessons / English Primary Education / Grade 5 / Educhannel Tv Lessons / Kiswahili Primary Education / Grade 5 / Educhannel Tv Lessons / Mathematics Primary Education / Grade 5 / Radio Lessons Primary Education / Grade 5 / Radio Lessons / English Primary Education / Grade 5 / Radio Lessons / Science and Technology Primary Education / Grade 5 / Radio Lessons / Agriculture Primary Education / Grade 5 / Radio Lessons / Social studies Primary Education / Grade 5 / Radio Lessons / Christian Religious Education Primary Education / Grade 5 / Radio Lessons / Mathematics Primary Education / Grade 5 / Interactive Digital Content Primary Education / Grade 6 Primary Education / Grade 6 / Radio Lessons Primary Education / Grade 6 / Radio Lessons / CRE Primary Education / Grade 6 / Radio Lessons / Social Studies Primary Education / Grade 6 / Radio Lessons / Science Primary Education / Grade 6 / Radio Lessons / Kiswahili Primary Education / Grade 6 / Radio Lessons / English Primary Education / Grade 6 / Radio Lessons / Mathematics Primary Education / Grade 6 / Educhannel TV Lessons Primary Education / Grade 6 / Educhannel TV Lessons / Kiswahili Primary Education / Grade 6 / Educhannel TV Lessons / Agriculture Primary Education / Grade 6 / Educhannel TV Lessons / Art and Craft Primary Education / Grade 6 / Educhannel TV Lessons / English Primary Education / Grade 6 / Educhannel TV Lessons / Home Science Primary Education / Grade 6 / Educhannel TV Lessons / Music Primary Education / Grade 6 / Educhannel TV Lessons / Science and technology Primary Education / Grade 6 / Educhannel TV Lessons / Physical health education Primary Education / Grade 6 / Interactive Digital Content Junior School Junior School / Grade 8 Junior School / Grade 8 / Educhannel Tv Lessons Junior School / Grade 8 / Radio Lessons Junior School / Grade 8 / Interactive Digital Content Junior School / Grade 7 Junior School / Grade 7 / Educhannel TV lessons Junior School / Grade 7 / Radio Lessons Junior School / Grade 7 / Radio Lessons / Mathematics Junior School / Grade 7 / Radio Lessons / Kiswahili Junior School / Grade 7 / Radio Lessons / English Junior School / Grade 7 / Radio Lessons / Christian Religious Education Junior School / Grade 7 / Radio Lessons / Integrated Science Junior School / Grade 7 / Radio Lessons / Social Studies Junior School / Grade 7 / Radio Lessons / Pre-Technical Studies Junior School / Grade 7 / Interactive Digital Content Secondary Education Secondary Education / Form 1 Secondary Education / Form 1 / Interactive Digital Content Secondary Education / Form 1 / Educhannel Tv Lessons Secondary Education / Form 1 / Educhannel Tv Lessons / Mathematics Secondary Education / Form 1 / Educhannel Tv Lessons / English Secondary Education / Form 1 / Educhannel Tv Lessons / Physics Secondary Education / Form 1 / Educhannel Tv Lessons / Biology Secondary Education / Form 1 / Educhannel Tv Lessons / Chemistry Secondary Education / Form 1 / Educhannel Tv Lessons / Kiswahili Secondary Education / Form 1 / Educhannel Tv Lessons / History and Government Secondary Education / Form 1 / Educhannel Tv Lessons / Business Studies Secondary Education / Form 1 / Radio Lessons Secondary Education / Form 1 / Ebooks Secondary Education / Form 2 Secondary Education / Form 2 / Interactive Digital Content Secondary Education / Form 2 / Educhannel Tv Lessons Secondary Education / Form 2 / Educhannel Tv Lessons / Physics Secondary Education / Form 2 / Radio Lessons Secondary Education / Form 2 / Radio Lessons / Biology Secondary Education / Form 3 Secondary Education / Form 3 / Interactive Digital Content Secondary Education / Form 3 / Educhannel Tv Lessons Secondary Education / Form 3 / Educhannel Tv Lessons / Mathematics Secondary Education / Form 3 / Educhannel Tv Lessons / English Secondary Education / Form 3 / Educhannel Tv Lessons / Kiswahili Secondary Education / Form 3 / Educhannel Tv Lessons / Biology Secondary Education / Form 3 / Educhannel Tv Lessons / Chemistry Secondary Education / Form 3 / Educhannel Tv Lessons / Physics Secondary Education / Form 3 / Educhannel Tv Lessons / Business Studies Secondary Education / Form 3 / Educhannel Tv Lessons / History and Government Secondary Education / Form 3 / Radio Lessons Secondary Education / Form 4 Secondary Education / Form 4 / Interactive Digital Content Secondary Education / Form 4 / Educhannel Tv Lessons Secondary Education / Form 4 / Educhannel Tv Lessons / Form 4 Mathematics Secondary Education / Form 4 / Educhannel Tv Lessons / Form 4 English Secondary Education / Form 4 / Educhannel Tv Lessons / Form 4 Physics Secondary Education / Form 4 / Educhannel Tv Lessons / Form 4 Biology Secondary Education / Form 4 / Educhannel Tv Lessons / Form 4 Kiswahili Secondary Education / Form 4 / Educhannel Tv Lessons / Form 4 Chemistry Secondary Education / Form 4 / Educhannel Tv Lessons / Form 4 History and Government Secondary Education / Form 4 / Educhannel Tv Lessons / Form 4 Business Studies Secondary Education / Form 4 / Radio Lessons Secondary Education / Form 4 / Radio Lessons / Mathematics Secondary Education / Form 4 / Radio Lessons / Mathematics / Form 4 Term 1 Secondary Education / Form 4 / Radio Lessons / Mathematics / Form 4 Term 2 Secondary Education / Form 4 / Radio Lessons / Mathematics / Form 4 Term 3 General Knowledge General Knowledge / VOA Connect General Knowledge / Ask the expert General Knowledge / Citizenship and Democracy General Knowledge / Digital Story General Knowledge / Impacted Educhannel Lessons Educhannel Lessons / English Educhannel Lessons / English / Transport and travel Educhannel Lessons / English / Pronunciation skills Educhannel Lessons / English / Listening and speaking Educhannel Lessons / English / Family Educhannel Lessons / English / Environment Educhannel Lessons / English / Drug and Substance Educhannel Lessons / Agriculture Educhannel Lessons / Biology Educhannel Lessons / Biology / Living Things Educhannel Lessons / Biology / Secretion and homeostasis Educhannel Lessons / Biology / Support and movement Educhannel Lessons / Business Studies Educhannel Lessons / Chemistry Educhannel Lessons / Earth Movement and Volcanicity Educhannel Lessons / Environmental Activities Educhannel Lessons / Geograpghy Educhannel Lessons / History Educhannel Lessons / History / Kenyan History Educhannel Lessons / Homescience Educhannel Lessons / Homescience / Basic care clothing Educhannel Lessons / Kiswahili Educhannel Lessons / Kiswahili / Primary Educhannel Lessons / Kiswahili / Primary / Darasa 4-5 Educhannel Lessons / Kiswahili / Secondary Educhannel Lessons / Kiswahili / Secondary / Isimu Jamii Educhannel Lessons / Kiswahili / Secondary / Sarufi Educhannel Lessons / Mathematics Educhannel Lessons / Mathematics / Secondary Educhannel Lessons / Mathematics / Secondary / Commercial Arithmetics Educhannel Lessons / Mathematics / Primary Educhannel Lessons / Mathematics / Primary / Class 5-8 Educhannel Lessons / Mathematics / Primary / Class 5-8 / Practical uses of Money Educhannel Lessons / Mathematics / Primary / Class 5-8 / Measurement Educhannel Lessons / Organic Chemistry Educhannel Lessons / Performing Music Educhannel Lessons / Homescience Educhannel Lessons / Homescience / Basic care of clothing Educhannel Lessons / Art and Craft Educhannel Lessons / Physics Educhannel Lessons / Physics / Thermodynamics Educhannel Lessons / Physics / Mechanics Educhannel Lessons / Physics / Electricity and Magnetism Educhannel Lessons / The Doyen Exposition Educhannel Lessons / Science Educhannel Lessons / Science / Making work easier Educhannel Lessons / Science / Living Things Educhannel Lessons / Science / Energy conservation Educhannel Lessons / Physical and Health Education Educhannel Lessons / Physical and Health Education / Grade 1-4 Open Education Resourses(OERs) Open Education Resourses(OERs) / Movement and Creative Activities Open Education Resourses(OERs) / 	Religious Education Activities Open Education Resourses(OERs) / Mathematical Activities Open Education Resourses(OERs) / Environmental Activities Open Education Resourses(OERs) / Kiswahili Language Open Education Resourses(OERs) / LTK | Concordia University Open Education Resourses(OERs) / Hygiene and Nutrition Open Education Resourses(OERs) / ENGLISH LANGUAGE ACTIVITIES Open Education Resourses(OERs) / Casio Materials Open Education Resourses(OERs) / Health Education Open Education Resourses(OERs) / Carbon Literacy Special Needs Education Special Needs Education / Grade 1 Special Needs Education / Grade 1 / Adapted Interactive Digital Content for Hearing Impaired(HI) Special Needs Education / Grade 1 / Adapted Interactive Digital Content for Hearing Impaired(HI) / English Activities Special Needs Education / Grade 1 / Adapted Interactive Digital Content for Hearing Impaired(HI) / Environmental Activities Special Needs Education / Grade 1 / Adapted Interactive Digital Content for Hearing Impaired(HI) / Creative Activities Special Needs Education / Grade 1 / Adapted Interactive Digital Content for Visual Impaired(VI) Special Needs Education / Grade 2 Special Needs Education / Grade 2 / Adapted Interactive Digital Content for Hearing Impaired(HI) Special Needs Education / Grade 2 / Adapted Interactive Digital Content for Hearing Impaired(HI) / Mathematics Grade 2 Special Needs Education / Grade 2 / Adapted Interactive Digital Content for Hearing Impaired(HI) / Environmental Activities Grade 2 Special Needs Education / Grade 2 / Adapted Interactive Digital Content for Hearing Impaired(HI) / Hygiene and Nutrition Grade 2 Special Needs Education / Grade 2 / Adapted Interactive Digital Content for Hearing Impaired(HI) / Christian Religious Education Grade 2 (HI) Special Needs Education / Grade 2 / Adapted Interactive Digital Content for Hearing Impaired(HI) / Literacy Activities Grade2 (HI) Special Needs Education / Grade 2 / Adapted Interactive Digital Content for Hearing Impaired(HI) / English Activities Grad2 H.I Special Needs Education / Grade 2 / Adapted Interactive Digital Content for Hearing Impaired(HI) / Creative Activities Grade2 -H.I Special Needs Education / Grade 2 / Adapted Interactive Digital Content for Visual Impaired(VI) Special Needs Education / Grade 2 / Adapted Interactive Digital Content for Visual Impaired(VI) / Mathematics Special Needs Education / Grade 2 / Adapted Interactive Digital Content for Visual Impaired(VI) / Kiswahili Special Needs Education / Grade 2 / Adapted Interactive Digital Content for Visual Impaired(VI) / English Special Needs Education / Grade 2 / Adapted Interactive Digital Content for Visual Impaired(VI) / Creative Activities Special Needs Education / Grade 2 / Adapted Interactive Digital Content for Visual Impaired(VI) / CRE Special Needs Education / Grade 3 Special Needs Education / Grade 3 / Adapted Interactive Digital Content for Learners with Hearing Impairment (HI) Special Needs Education / Grade 3 / Adapted Interactive Digital Content for Learners with Hearing Impairment (HI) / Visual Arts Special Needs Education / Grade 3 / Adapted Interactive Digital Content for Learners with Hearing Impairment (HI) / English Special Needs Education / Grade 3 / Adapted Interactive Digital Content for Learners with Hearing Impairment (HI) / Hygiene and Nutrition Special Needs Education / Grade 3 / Adapted Interactive Digital Content for Learners with Hearing Impairment (HI) / Music Special Needs Education / Grade 3 / Adapted Interactive Digital Content for Learners with Hearing Impairment (HI) / Mathematics Special Needs Education / Grade 3 / Adapted Interactive Digital Content for Learners with Hearing Impairment (HI) / Environmental Special Needs Education / Grade 3 / Adapted Interactive Digital Content for Learners with Hearing Impairment (HI) / CRE Special Needs Education / Grade 3 / Adapted Interactive Digital Content for Learners with Visual Impairment (VI) Special Needs Education / Grade 3 / Adapted Interactive Digital Content for Learners with Visual Impairment (VI) / Music Special Needs Education / Grade 3 / Adapted Interactive Digital Content for Learners with Visual Impairment (VI) / Mathematics Special Needs Education / Grade 3 / Adapted Interactive Digital Content for Learners with Visual Impairment (VI) / Visual Arts Special Needs Education / Grade 3 / Adapted Interactive Digital Content for Learners with Visual Impairment (VI) / Kiswahili Special Needs Education / Grade 3 / Adapted Interactive Digital Content for Learners with Visual Impairment (VI) / Hygiene and Nutrition Special Needs Education / Grade 3 / Adapted Interactive Digital Content for Learners with Visual Impairment (VI) / Environmental Special Needs Education / Grade 3 / Adapted Interactive Digital Content for Learners with Visual Impairment (VI) / English Special Needs Education / Grade 3 / Adapted Interactive Digital Content for Learners with Visual Impairment (VI) / CRE Special Needs Education / Grade 4 Special Needs Education / Grade 4 / Adapted Interactive Digital Content for Learners with Hearing Impairment (HI) Special Needs Education / Grade 4 / Adapted Interactive Digital Content for Learners with Hearing Impairment (HI) / Mathematics Special Needs Education / Grade 4 / Adapted Interactive Digital Content for Learners with Hearing Impairment (HI) / English Special Needs Education / Grade 4 / Adapted Interactive Digital Content for Learners with Hearing Impairment (HI) / Science and Technology Special Needs Education / Grade 4 / Adapted Interactive Digital Content for Learners with Hearing Impairment (HI) / Agriculture Special Needs Education / Grade 4 / Adapted Interactive Digital Content for Learners with Hearing Impairment (HI) / Social Studies Special Needs Education / Grade 4 / Adapted Interactive Digital Content for Learners with Hearing Impairment (HI) / Home Science Special Needs Education / Grade 4 / Adapted Interactive Digital Content for Learners with Hearing Impairment (HI) / Art and Craft Special Needs Education / Grade 4 / Adapted Interactive Digital Content for Learners with Hearing Impairment (HI) / Music Special Needs Education / Grade 4 / Adapted Interactive Digital Content for Learners with Hearing Impairment (HI) / Christian Religious Education (CRE) Special Needs Education / Grade 4 / Adapted Interactive Digital Content for Learners with Visual Impairment (VI) Special Needs Education / Grade 4 / Adapted Interactive Digital Content for Learners with Visual Impairment (VI) / Mathematics Special Needs Education / Grade 4 / Adapted Interactive Digital Content for Learners with Visual Impairment (VI) / English Special Needs Education / Grade 4 / Adapted Interactive Digital Content for Learners with Visual Impairment (VI) / Kiswahili Special Needs Education / Grade 4 / Adapted Interactive Digital Content for Learners with Visual Impairment (VI) / Science and Technology Special Needs Education / Grade 4 / Adapted Interactive Digital Content for Learners with Visual Impairment (VI) / Agriculture Special Needs Education / Grade 4 / Adapted Interactive Digital Content for Learners with Visual Impairment (VI) / Social Studies Special Needs Education / Grade 4 / Adapted Interactive Digital Content for Learners with Visual Impairment (VI) / Home Science Special Needs Education / Grade 4 / Adapted Interactive Digital Content for Learners with Visual Impairment (VI) / Art and Craft Special Needs Education / Grade 4 / Adapted Interactive Digital Content for Learners with Visual Impairment (VI) / Christian Religious Education (CRE) Special Needs Education / Grade 4 / Adapted Interactive Digital Content for Learners with Visual Impairment (VI) / Music Special Needs Education / Grade 5 Special Needs Education / Grade 5 / Adapted Interactive Digital Content for Learners with Hearing Impairment (HI) Special Needs Education / Grade 5 / Adapted Interactive Digital Content for Learners with Hearing Impairment (HI) / English Special Needs Education / Grade 5 / Adapted Interactive Digital Content for Learners with Hearing Impairment (HI) / Christian Religious Education Special Needs Education / Grade 5 / Adapted Interactive Digital Content for Learners with Hearing Impairment (HI) / Social Studies Special Needs Education / Grade 5 / Adapted Interactive Digital Content for Learners with Hearing Impairment (HI) / Agriculture and Nutrition Special Needs Education / Grade 5 / Adapted Interactive Digital Content for Learners with Hearing Impairment (HI) / Creative Arts Special Needs Education / Grade 5 / Adapted Interactive Digital Content for Learners with Hearing Impairment (HI) / Mathematics Special Needs Education / Grade 5 / Adapted Interactive Digital Content for Learners with Hearing Impairment (HI) / Science and Technology Special Needs Education / Grade 5 / Adapted Interactive Digital Content for Learners with Hearing Impairment (HI) / Islamic Religious Education Special Needs Education / Grade 5 / Adapted Interactive Digital Content for Learners with Visual Impairment (VI) Special Needs Education / Grade 5 / Adapted Interactive Digital Content for Learners with Visual Impairment (VI) / Creative Arts Special Needs Education / Grade 5 / Adapted Interactive Digital Content for Learners with Visual Impairment (VI) / Social Studies Special Needs Education / Grade 5 / Adapted Interactive Digital Content for Learners with Visual Impairment (VI) / Kiswahili Special Needs Education / Grade 5 / Adapted Interactive Digital Content for Learners with Visual Impairment (VI) / Christian Religious Education Special Needs Education / Grade 5 / Adapted Interactive Digital Content for Learners with Visual Impairment (VI) / Science and Technology Special Needs Education / Grade 5 / Adapted Interactive Digital Content for Learners with Visual Impairment (VI) / Agriculture and Nutrition Special Needs Education / Grade 5 / Adapted Interactive Digital Content for Learners with Visual Impairment (VI) / Islamic Religious Education Special Needs Education / Grade 5 / Adapted Interactive Digital Content for Learners with Visual Impairment (VI) / Mathematics Special Needs Education / Grade 5 / Adapted Interactive Digital Content for Learners with Visual Impairment (VI) / English Special Needs Education / Grade 6 Special Needs Education / Grade 6 / Adapted Interactive Digital Content for Learners with Hearing Impairment (HI) Special Needs Education / Grade 6 / Adapted Interactive Digital Content for Learners with Hearing Impairment (HI) / Science and Technology Special Needs Education / Grade 6 / Adapted Interactive Digital Content for Learners with Hearing Impairment (HI) / Christian Religious Education Special Needs Education / Grade 6 / Adapted Interactive Digital Content for Learners with Hearing Impairment (HI) / Creative Arts Special Needs Education / Grade 6 / Adapted Interactive Digital Content for Learners with Hearing Impairment (HI) / Islamic Religious Education Special Needs Education / Grade 6 / Adapted Interactive Digital Content for Learners with Hearing Impairment (HI) / English Special Needs Education / Grade 6 / Adapted Interactive Digital Content for Learners with Hearing Impairment (HI) / Social Studies Special Needs Education / Grade 6 / Adapted Interactive Digital Content for Learners with Hearing Impairment (HI) / Agriculture Special Needs Education / Grade 6 / Adapted Interactive Digital Content for Learners with Hearing Impairment (HI) / Mathematics Special Needs Education / Grade 6 / Adapted Interactive Digital Content for Learners with Visual Impairment (VI) Special Needs Education / Grade 6 / Adapted Interactive Digital Content for Learners with Visual Impairment (VI) / Christian Religious Education Special Needs Education / Grade 6 / Adapted Interactive Digital Content for Learners with Visual Impairment (VI) / Kiswahili Special Needs Education / Grade 6 / Adapted Interactive Digital Content for Learners with Visual Impairment (VI) / English Special Needs Education / Grade 6 / Adapted Interactive Digital Content for Learners with Visual Impairment (VI) / Creative Arts Special Needs Education / Grade 6 / Adapted Interactive Digital Content for Learners with Visual Impairment (VI) / Mathematics Special Needs Education / Grade 6 / Adapted Interactive Digital Content for Learners with Visual Impairment (VI) / Science and Technology Special Needs Education / Grade 6 / Adapted Interactive Digital Content for Learners with Visual Impairment (VI) / Islamic Religious Education Special Needs Education / Grade 6 / Adapted Interactive Digital Content for Learners with Visual Impairment (VI) / Social Studies Special Needs Education / Grade 6 / Adapted Interactive Digital Content for Learners with Visual Impairment (VI) / Agriculture and Nutrition Special Needs Education / Ebooks Special Needs Education / Videos Special Needs Education / Foundational and Stage-Based Special Needs Education / Prevocational Level Special Needs Education / Prevocational Level / Music Special Needs Education / Prevocational Level / Hindu Religious Education Special Needs Education / Prevocational Level / Christian Religious Education Special Needs Education / Prevocational Level / Physical Education Special Needs Education / Prevocational Level / Islamic Religious Education Special Needs Education / Prevocational Level / Social Studies Special Needs Education / Prevocational Level / Prevocational Skills 1 Special Needs Education / Prevocational Level / Prevocational Skills 2 Special Needs Education / Prevocational Level / Prevocational Skills 3 Accessible Digital Textbooks Interactive Simulations for Sciences and Mathematics Interactive Simulations for Sciences and Mathematics / Physics Interactive Simulations for Sciences and Mathematics / Chemistry Interactive Simulations for Sciences and Mathematics / Mathematics Information, Education and Communication(IEC) Materials Information, Education and Communication(IEC) Materials / Child Online Safety Information, Education and Communication(IEC) Materials / Child Road Safety Information, Education and Communication(IEC) Materials / Child Road Safety / Integration Matrices Information, Education and Communication(IEC) Materials / Child Road Safety / Integration Matrices / Early Years Education Information, Education and Communication(IEC) Materials / Child Road Safety / Integration Matrices / Upper Primary Information, Education and Communication(IEC) Materials / Child Road Safety / Integration Matrices / Junior School Information, Education and Communication(IEC) Materials / Child Road Safety / Integration Matrices / Senior School Information, Education and Communication(IEC) Materials / Child Road Safety / Information, Education and Communication(IEC) Materials on Child Road Safety Information, Education and Communication(IEC) Materials / Child Road Safety / Information, Education and Communication(IEC) Materials on Child Road Safety / Early Years Education Information, Education and Communication(IEC) Materials / Child Road Safety / Information, Education and Communication(IEC) Materials on Child Road Safety / Upper Primary Information, Education and Communication(IEC) Materials / Child Road Safety / Information, Education and Communication(IEC) Materials on Child Road Safety / Junior School Information, Education and Communication(IEC) Materials / Child Road Safety / Information, Education and Communication(IEC) Materials on Child Road Safety / Senior School Information, Education and Communication(IEC) Materials / Child Road Safety / Teacher's Handbook Information, Education and Communication(IEC) Materials / Financial Literacy Learners’ Toolkit Teacher Resources Teacher Resources / Educational Resources Materials Development Teacher Resources / Educational Resources Materials Development / CRE Teacher Resources / Educational Resources Materials Development / English Teacher Resources / Educational Resources Materials Development / Environment Teacher Resources / Educational Resources Materials Development / Foundations Teacher Resources / Educational Resources Materials Development / H.R.E Teacher Resources / Educational Resources Materials Development / Hygiene and Nutrition Teacher Resources / Educational Resources Materials Development / I.R.E Teacher Resources / Educational Resources Materials Development / Kiswahili Teacher Resources / Educational Resources Materials Development / Language Activities Teacher Resources / Educational Resources Materials Development / Literacy Skills Teacher Resources / Educational Resources Materials Development / Mathematics Teacher Resources / Educational Resources Materials Development / Movements and Arts Teacher Resources / Pre-Primary Teacher Radio Programmes Teacher Resources / CBC Courses Teacher Resources / Special Needs Educations Teacher Resources / Interactive Digital Content for Teacher Education Teacher Resources / Interactive Digital Content for Teacher Education / English Teacher Resources / Interactive Digital Content for Teacher Education / Music Teacher Resources / Interactive Digital Content for Teacher Education / Christian Religious Education Teacher Resources / Interactive Digital Content for Teacher Education / Art and Craft Teacher Resources / Interactive Digital Content for Teacher Education / Indigenous Languages Teacher Resources / Interactive Digital Content for Teacher Education / Home science Teacher Resources / Interactive Digital Content for Teacher Education / Science and Technology Teacher Resources / Interactive Digital Content for Teacher Education / Islamic Religious Education Teacher Resources / Interactive Digital Content for Teacher Education / Mandarin Teacher Resources / Interactive Digital Content for Teacher Education / Agriculture Teacher Resources / Interactive Digital Content for Teacher Education / Mathematics Teacher Resources / Interactive Digital Content for Teacher Education / French Teacher Resources / Interactive Digital Content for Teacher Education / Hindu Religious Education Teacher Resources / Interactive Digital Content for Teacher Education / Social Studies Teacher Resources / Interactive Digital Content for Teacher Education / Kiswahili Teacher Resources / Interactive Digital Content for Teacher Education / Physical Education Teacher Resources / Interactive Digital Content for Teacher Education / Arabic Parental Resources Financial Literacy Financial Literacy / Financial Literacy for Junior School Financial Literacy / Financial Literacy for Junior School / Taxation Financial Literacy / Financial Literacy for Senior School Financial Literacy / Financial Literacy for Senior School / Taxation Resources to support Grade 1 Learning and TeachingHere is a collection of resources to support learning and teaching in grade 1. The resources span a variety of topics to keep learning fresh and exciting. These resources walk hand in hand with CBC .The resources can be used in classroom teaching, or as part of an  home learning programme. The main objective is to entice learners to stay inquisitive. Let's keep learning FUN! Search lessons Search Expand allEduchannel TV Lessons Interactive Digital Content Radio Lessons Ebooks Educhannel TV Lessons Interactive Digital Content Radio Lessons Ebooks Digital Content | Kenya Education Cloud | Unlimited Learning Experiences Skip to main content (Login) Grade 1 Home Lessons Primary Education Grade 1 Lesson categories: Pre-Primary Pre-Primary / Radio Lessons Pre-Primary / Educhannel Video Lessons Pre-Primary / Educhannel Video Lessons / Language Activities Pre-Primary / Educhannel Video Lessons / Mathematics Pre-Primary / Educhannel Video Lessons / Our School Pre-Primary / Educhannel Video Lessons / Picture Making Pre-Primary / Educhannel Video Lessons / Social Environment Pre-Primary / Educhannel Video Lessons / Pre-Primary 1 Pre-Primary / Educhannel Video Lessons / Pre-Primary 2 Pre-Primary / Interactive digital Content Pre-Primary / Ebooks Primary Education Primary Education / Grade 1 Primary Education / Grade 1 / Educhannel TV Lessons Primary Education / Grade 1 / Educhannel TV Lessons / English Primary Education / Grade 1 / Educhannel TV Lessons / Mathematics Primary Education / Grade 1 / Educhannel TV Lessons / Kiswahili Primary Education / Grade 1 / Educhannel TV Lessons / Kenya Sign Language(KSL) Primary Education / Grade 1 / Educhannel TV Lessons / Hygiene and nutrition Primary Education / Grade 1 / Educhannel TV Lessons / Environmental Activities Primary Education / Grade 1 / Interactive Digital Content Primary Education / Grade 1 / Radio Lessons Primary Education / Grade 1 / Radio Lessons / Mathematics Primary Education / Grade 1 / Radio Lessons / Mathematics / Grade 1 Term 2 Primary Education / Grade 1 / Radio Lessons / Mathematics / Grade 1 Term 3 Primary Education / Grade 1 / Radio Lessons / Kiswahili Primary Education / Grade 1 / Radio Lessons / Kiswahili / Grade 1 Term 2 Primary Education / Grade 1 / Radio Lessons / Kiswahili / Grade 1 Term 3 Primary Education / Grade 1 / Radio Lessons / English Primary Education / Grade 1 / Radio Lessons / English / Grade 1 Term 2 Primary Education / Grade 1 / Radio Lessons / English / Grade 1 Term 3 Primary Education / Grade 1 / Ebooks Primary Education / Grade 1 / Ebooks / Tusome readers Primary Education / Grade 1 / Ebooks / Indigenous Languages Primary Education / Grade 2 Primary Education / Grade 2 / Interactive Digital Content Primary Education / Grade 2 / Educhannel Tv Lessons Primary Education / Grade 2 / Educhannel Tv Lessons / Mathematics Primary Education / Grade 2 / Educhannel Tv Lessons / English Primary Education / Grade 2 / Radio Lessons Primary Education / Grade 2 / Radio Lessons / Mathematics Primary Education / Grade 2 / Radio Lessons / Mathematics / Grade 2 Term 2 Primary Education / Grade 2 / Radio Lessons / English Primary Education / Grade 2 / Radio Lessons / English / Grade 2 Term 2 Primary Education / Grade 2 / Radio Lessons / English / Grade 2 Term 3 Primary Education / Grade 2 / Radio Lessons / Kiswahili Primary Education / Grade 2 / Radio Lessons / Kiswahili / Grade 2 Term 3 Primary Education / Grade 2 / Hygiene and Nutrition Primary Education / Grade 2 / Hygiene and Nutrition / Grade 2 Term 2 Primary Education / Grade 2 / E-books Primary Education / Grade 2 / E-books / Tusome Readers Primary Education / Grade 3 Primary Education / Grade 3 / Radio Lessons Primary Education / Grade 3 / Radio Lessons / Mathematics Primary Education / Grade 3 / Radio Lessons / Mathematics / Grade 3 Term 2 Primary Education / Grade 3 / Radio Lessons / Mathematics / Grade 3 Term 3 Primary Education / Grade 3 / Radio Lessons / English Primary Education / Grade 3 / Radio Lessons / English / Grade 3 Term 2 Primary Education / Grade 3 / Radio Lessons / English / Grade 3 Term 3 Primary Education / Grade 3 / Radio Lessons / Environmental Activities Primary Education / Grade 3 / Radio Lessons / Environmental Activities / Grade 3 Term 2 Primary Education / Grade 3 / Radio Lessons / Kiswahili Primary Education / Grade 3 / Radio Lessons / Kiswahili / Grade 3 Term 3 Primary Education / Grade 3 / Educhannel TV Lessons Primary Education / Grade 3 / Educhannel TV Lessons / Mathematics Primary Education / Grade 3 / Educhannel TV Lessons / English Primary Education / Grade 3 / Educhannel TV Lessons / Kiswahili Primary Education / Grade 3 / Educhannel TV Lessons / Hygiene and Nutrition Primary Education / Grade 3 / Educhannel TV Lessons / Environmental Activities Primary Education / Grade 3 / Interactive Digital Content Primary Education / Grade 3 / EBooks Primary Education / Grade 3 / Tusome English Video Lessons Primary Education / Grade 3 / Tusome English Video Lessons / Tusome English Grade 3 Lessons Primary Education / Grade 4 Primary Education / Grade 4 / Educhannel Tv Lessons Primary Education / Grade 4 / Educhannel Tv Lessons / Home Science Primary Education / Grade 4 / Educhannel Tv Lessons / Agriculture Primary Education / Grade 4 / Educhannel Tv Lessons / Music Primary Education / Grade 4 / Educhannel Tv Lessons / Physical Education Primary Education / Grade 4 / Educhannel Tv Lessons / Art and Craft Primary Education / Grade 4 / Educhannel Tv Lessons / Kenya Sign Language Primary Education / Grade 4 / Educhannel Tv Lessons / Mathematics Primary Education / Grade 4 / Educhannel Tv Lessons / Science and Technology Primary Education / Grade 4 / Educhannel Tv Lessons / Social Studies Primary Education / Grade 4 / Educhannel Tv Lessons / English Primary Education / Grade 4 / Educhannel Tv Lessons / Kiswahili Primary Education / Grade 4 / Educhannel Tv Lessons / Environmental Activity Primary Education / Grade 4 / Radio lessons Primary Education / Grade 4 / Radio lessons / Social Studies Primary Education / Grade 4 / Radio lessons / Social Studies / Grade 4 Term 2 Primary Education / Grade 4 / Radio lessons / Social Studies / Grade 4 Term 3 Primary Education / Grade 4 / Radio lessons / CRE Primary Education / Grade 4 / Radio lessons / CRE / Grade 4 Term 2 Primary Education / Grade 4 / Radio lessons / English Primary Education / Grade 4 / Radio lessons / English / Grade 4 Term 2 Primary Education / Grade 4 / Radio lessons / English / Grade 4 Term 3 Primary Education / Grade 4 / Radio lessons / Hygiene and Nutrition Primary Education / Grade 4 / Radio lessons / Hygiene and Nutrition / Grade 4 Term 1 Primary Education / Grade 4 / Radio lessons / IRE Primary Education / Grade 4 / Radio lessons / IRE / Grade 4 Term 2 Primary Education / Grade 4 / Radio lessons / Science and Technology Primary Education / Grade 4 / Radio lessons / Science and Technology / Grade 4 Term 3 Primary Education / Grade 4 / Radio lessons / Agriculture Primary Education / Grade 4 / Radio lessons / Agriculture / Grade 4 Term 3 Primary Education / Grade 4 / Radio lessons / Mathematics Primary Education / Grade 4 / Radio lessons / Mathematics / Grade 4 Term 3 Primary Education / Grade 4 / SNE Primary Education / Grade 4 / Interactive Digital Content Primary Education / Grade 5 Primary Education / Grade 5 / Educhannel Tv Lessons Primary Education / Grade 5 / Educhannel Tv Lessons / English Primary Education / Grade 5 / Educhannel Tv Lessons / Kiswahili Primary Education / Grade 5 / Educhannel Tv Lessons / Mathematics Primary Education / Grade 5 / Radio Lessons Primary Education / Grade 5 / Radio Lessons / English Primary Education / Grade 5 / Radio Lessons / Science and Technology Primary Education / Grade 5 / Radio Lessons / Agriculture Primary Education / Grade 5 / Radio Lessons / Social studies Primary Education / Grade 5 / Radio Lessons / Christian Religious Education Primary Education / Grade 5 / Radio Lessons / Mathematics Primary Education / Grade 5 / Interactive Digital Content Primary Education / Grade 6 Primary Education / Grade 6 / Radio Lessons Primary Education / Grade 6 / Radio Lessons / CRE Primary Education / Grade 6 / Radio Lessons / Social Studies Primary Education / Grade 6 / Radio Lessons / Science Primary Education / Grade 6 / Radio Lessons / Kiswahili Primary Education / Grade 6 / Radio Lessons / English Primary Education / Grade 6 / Radio Lessons / Mathematics Primary Education / Grade 6 / Educhannel TV Lessons Primary Education / Grade 6 / Educhannel TV Lessons / Kiswahili Primary Education / Grade 6 / Educhannel TV Lessons / Agriculture Primary Education / Grade 6 / Educhannel TV Lessons / Art and Craft Primary Education / Grade 6 / Educhannel TV Lessons / English Primary Education / Grade 6 / Educhannel TV Lessons / Home Science Primary Education / Grade 6 / Educhannel TV Lessons / Music Primary Education / Grade 6 / Educhannel TV Lessons / Science and technology Primary Education / Grade 6 / Educhannel TV Lessons / Physical health education Primary Education / Grade 6 / Interactive Digital Content Junior School Junior School / Grade 8 Junior School / Grade 8 / Educhannel Tv Lessons Junior School / Grade 8 / Radio Lessons Junior School / Grade 8 / Interactive Digital Content Junior School / Grade 7 Junior School / Grade 7 / Educhannel TV lessons Junior School / Grade 7 / Radio Lessons Junior School / Grade 7 / Radio Lessons / Mathematics Junior School / Grade 7 / Radio Lessons / Kiswahili Junior School / Grade 7 / Radio Lessons / English Junior School / Grade 7 / Radio Lessons / Christian Religious Education Junior School / Grade 7 / Radio Lessons / Integrated Science Junior School / Grade 7 / Radio Lessons / Social Studies Junior School / Grade 7 / Radio Lessons / Pre-Technical Studies Junior School / Grade 7 / Interactive Digital Content Secondary Education Secondary Education / Form 1 Secondary Education / Form 1 / Interactive Digital Content Secondary Education / Form 1 / Educhannel Tv Lessons Secondary Education / Form 1 / Educhannel Tv Lessons / Mathematics Secondary Education / Form 1 / Educhannel Tv Lessons / English Secondary Education / Form 1 / Educhannel Tv Lessons / Physics Secondary Education / Form 1 / Educhannel Tv Lessons / Biology Secondary Education / Form 1 / Educhannel Tv Lessons / Chemistry Secondary Education / Form 1 / Educhannel Tv Lessons / Kiswahili Secondary Education / Form 1 / Educhannel Tv Lessons / History and Government Secondary Education / Form 1 / Educhannel Tv Lessons / Business Studies Secondary Education / Form 1 / Radio Lessons Secondary Education / Form 1 / Ebooks Secondary Education / Form 2 Secondary Education / Form 2 / Interactive Digital Content Secondary Education / Form 2 / Educhannel Tv Lessons Secondary Education / Form 2 / Educhannel Tv Lessons / Physics Secondary Education / Form 2 / Radio Lessons Secondary Education / Form 2 / Radio Lessons / Biology Secondary Education / Form 3 Secondary Education / Form 3 / Interactive Digital Content Secondary Education / Form 3 / Educhannel Tv Lessons Secondary Education / Form 3 / Educhannel Tv Lessons / Mathematics Secondary Education / Form 3 / Educhannel Tv Lessons / English Secondary Education / Form 3 / Educhannel Tv Lessons / Kiswahili Secondary Education / Form 3 / Educhannel Tv Lessons / Biology Secondary Education / Form 3 / Educhannel Tv Lessons / Chemistry Secondary Education / Form 3 / Educhannel Tv Lessons / Physics Secondary Education / Form 3 / Educhannel Tv Lessons / Business Studies Secondary Education / Form 3 / Educhannel Tv Lessons / History and Government Secondary Education / Form 3 / Radio Lessons Secondary Education / Form 4 Secondary Education / Form 4 / Interactive Digital Content Secondary Education / Form 4 / Educhannel Tv Lessons Secondary Education / Form 4 / Educhannel Tv Lessons / Form 4 Mathematics Secondary Education / Form 4 / Educhannel Tv Lessons / Form 4 English Secondary Education / Form 4 / Educhannel Tv Lessons / Form 4 Physics Secondary Education / Form 4 / Educhannel Tv Lessons / Form 4 Biology Secondary Education / Form 4 / Educhannel Tv Lessons / Form 4 Kiswahili Secondary Education / Form 4 / Educhannel Tv Lessons / Form 4 Chemistry Secondary Education / Form 4 / Educhannel Tv Lessons / Form 4 History and Government Secondary Education / Form 4 / Educhannel Tv Lessons / Form 4 Business Studies Secondary Education / Form 4 / Radio Lessons Secondary Education / Form 4 / Radio Lessons / Mathematics Secondary Education / Form 4 / Radio Lessons / Mathematics / Form 4 Term 1 Secondary Education / Form 4 / Radio Lessons / Mathematics / Form 4 Term 2 Secondary Education / Form 4 / Radio Lessons / Mathematics / Form 4 Term 3 General Knowledge General Knowledge / VOA Connect General Knowledge / Ask the expert General Knowledge / Citizenship and Democracy General Knowledge / Digital Story General Knowledge / Impacted Educhannel Lessons Educhannel Lessons / English Educhannel Lessons / English / Transport and travel Educhannel Lessons / English / Pronunciation skills Educhannel Lessons / English / Listening and speaking Educhannel Lessons / English / Family Educhannel Lessons / English / Environment Educhannel Lessons / English / Drug and Substance Educhannel Lessons / Agriculture Educhannel Lessons / Biology Educhannel Lessons / Biology / Living Things Educhannel Lessons / Biology / Secretion and homeostasis Educhannel Lessons / Biology / Support and movement Educhannel Lessons / Business Studies Educhannel Lessons / Chemistry Educhannel Lessons / Earth Movement and Volcanicity Educhannel Lessons / Environmental Activities Educhannel Lessons / Geograpghy Educhannel Lessons / History Educhannel Lessons / History / Kenyan History Educhannel Lessons / Homescience Educhannel Lessons / Homescience / Basic care clothing Educhannel Lessons / Kiswahili Educhannel Lessons / Kiswahili / Primary Educhannel Lessons / Kiswahili / Primary / Darasa 4-5 Educhannel Lessons / Kiswahili / Secondary Educhannel Lessons / Kiswahili / Secondary / Isimu Jamii Educhannel Lessons / Kiswahili / Secondary / Sarufi Educhannel Lessons / Mathematics Educhannel Lessons / Mathematics / Secondary Educhannel Lessons / Mathematics / Secondary / Commercial Arithmetics Educhannel Lessons / Mathematics / Primary Educhannel Lessons / Mathematics / Primary / Class 5-8 Educhannel Lessons / Mathematics / Primary / Class 5-8 / Practical uses of Money Educhannel Lessons / Mathematics / Primary / Class 5-8 / Measurement Educhannel Lessons / Organic Chemistry Educhannel Lessons / Performing Music Educhannel Lessons / Homescience Educhannel Lessons / Homescience / Basic care of clothing Educhannel Lessons / Art and Craft Educhannel Lessons / Physics Educhannel Lessons / Physics / Thermodynamics Educhannel Lessons / Physics / Mechanics Educhannel Lessons / Physics / Electricity and Magnetism Educhannel Lessons / The Doyen Exposition Educhannel Lessons / Science Educhannel Lessons / Science / Making work easier Educhannel Lessons / Science / Living Things Educhannel Lessons / Science / Energy conservation Educhannel Lessons / Physical and Health Education Educhannel Lessons / Physical and Health Education / Grade 1-4 Open Education Resourses(OERs) Open Education Resourses(OERs) / Movement and Creative Activities Open Education Resourses(OERs) / 	Religious Education Activities Open Education Resourses(OERs) / Mathematical Activities Open Education Resourses(OERs) / Environmental Activities Open Education Resourses(OERs) / Kiswahili Language Open Education Resourses(OERs) / LTK | Concordia University Open Education Resourses(OERs) / Hygiene and Nutrition Open Education Resourses(OERs) / ENGLISH LANGUAGE ACTIVITIES Open Education Resourses(OERs) / Casio Materials Open Education Resourses(OERs) / Health Education Open Education Resourses(OERs) / Carbon Literacy Special Needs Education Special Needs Education / Grade 1 Special Needs Education / Grade 1 / Adapted Interactive Digital Content for Hearing Impaired(HI) Special Needs Education / Grade 1 / Adapted Interactive Digital Content for Hearing Impaired(HI) / English Activities Special Needs Education / Grade 1 / Adapted Interactive Digital Content for Hearing Impaired(HI) / Environmental Activities Special Needs Education / Grade 1 / Adapted Interactive Digital Content for Hearing Impaired(HI) / Creative Activities Special Needs Education / Grade 1 / Adapted Interactive Digital Content for Visual Impaired(VI) Special Needs Education / Grade 2 Special Needs Education / Grade 2 / Adapted Interactive Digital Content for Hearing Impaired(HI) Special Needs Education / Grade 2 / Adapted Interactive Digital Content for Hearing Impaired(HI) / Mathematics Grade 2 Special Needs Education / Grade 2 / Adapted Interactive Digital Content for Hearing Impaired(HI) / Environmental Activities Grade 2 Special Needs Education / Grade 2 / Adapted Interactive Digital Content for Hearing Impaired(HI) / Hygiene and Nutrition Grade 2 Special Needs Education / Grade 2 / Adapted Interactive Digital Content for Hearing Impaired(HI) / Christian Religious Education Grade 2 (HI) Special Needs Education / Grade 2 / Adapted Interactive Digital Content for Hearing Impaired(HI) / Literacy Activities Grade2 (HI) Special Needs Education / Grade 2 / Adapted Interactive Digital Content for Hearing Impaired(HI) / English Activities Grad2 H.I Special Needs Education / Grade 2 / Adapted Interactive Digital Content for Hearing Impaired(HI) / Creative Activities Grade2 -H.I Special Needs Education / Grade 2 / Adapted Interactive Digital Content for Visual Impaired(VI) Special Needs Education / Grade 2 / Adapted Interactive Digital Content for Visual Impaired(VI) / Mathematics Special Needs Education / Grade 2 / Adapted Interactive Digital Content for Visual Impaired(VI) / Kiswahili Special Needs Education / Grade 2 / Adapted Interactive Digital Content for Visual Impaired(VI) / English Special Needs Education / Grade 2 / Adapted Interactive Digital Content for Visual Impaired(VI) / Creative Activities Special Needs Education / Grade 2 / Adapted Interactive Digital Content for Visual Impaired(VI) / CRE Special Needs Education / Grade 3 Special Needs Education / Grade 3 / Adapted Interactive Digital Content for Learners with Hearing Impairment (HI) Special Needs Education / Grade 3 / Adapted Interactive Digital Content for Learners with Hearing Impairment (HI) / Visual Arts Special Needs Education / Grade 3 / Adapted Interactive Digital Content for Learners with Hearing Impairment (HI) / English Special Needs Education / Grade 3 / Adapted Interactive Digital Content for Learners with Hearing Impairment (HI) / Hygiene and Nutrition Special Needs Education / Grade 3 / Adapted Interactive Digital Content for Learners with Hearing Impairment (HI) / Music Special Needs Education / Grade 3 / Adapted Interactive Digital Content for Learners with Hearing Impairment (HI) / Mathematics Special Needs Education / Grade 3 / Adapted Interactive Digital Content for Learners with Hearing Impairment (HI) / Environmental Special Needs Education / Grade 3 / Adapted Interactive Digital Content for Learners with Hearing Impairment (HI) / CRE Special Needs Education / Grade 3 / Adapted Interactive Digital Content for Learners with Visual Impairment (VI) Special Needs Education / Grade 3 / Adapted Interactive Digital Content for Learners with Visual Impairment (VI) / Music Special Needs Education / Grade 3 / Adapted Interactive Digital Content for Learners with Visual Impairment (VI) / Mathematics Special Needs Education / Grade 3 / Adapted Interactive Digital Content for Learners with Visual Impairment (VI) / Visual Arts Special Needs Education / Grade 3 / Adapted Interactive Digital Content for Learners with Visual Impairment (VI) / Kiswahili Special Needs Education / Grade 3 / Adapted Interactive Digital Content for Learners with Visual Impairment (VI) / Hygiene and Nutrition Special Needs Education / Grade 3 / Adapted Interactive Digital Content for Learners with Visual Impairment (VI) / Environmental Special Needs Education / Grade 3 / Adapted Interactive Digital Content for Learners with Visual Impairment (VI) / English Special Needs Education / Grade 3 / Adapted Interactive Digital Content for Learners with Visual Impairment (VI) / CRE Special Needs Education / Grade 4 Special Needs Education / Grade 4 / Adapted Interactive Digital Content for Learners with Hearing Impairment (HI) Special Needs Education / Grade 4 / Adapted Interactive Digital Content for Learners with Hearing Impairment (HI) / Mathematics Special Needs Education / Grade 4 / Adapted Interactive Digital Content for Learners with Hearing Impairment (HI) / English Special Needs Education / Grade 4 / Adapted Interactive Digital Content for Learners with Hearing Impairment (HI) / Science and Technology Special Needs Education / Grade 4 / Adapted Interactive Digital Content for Learners with Hearing Impairment (HI) / Agriculture Special Needs Education / Grade 4 / Adapted Interactive Digital Content for Learners with Hearing Impairment (HI) / Social Studies Special Needs Education / Grade 4 / Adapted Interactive Digital Content for Learners with Hearing Impairment (HI) / Home Science Special Needs Education / Grade 4 / Adapted Interactive Digital Content for Learners with Hearing Impairment (HI) / Art and Craft Special Needs Education / Grade 4 / Adapted Interactive Digital Content for Learners with Hearing Impairment (HI) / Music Special Needs Education / Grade 4 / Adapted Interactive Digital Content for Learners with Hearing Impairment (HI) / Christian Religious Education (CRE) Special Needs Education / Grade 4 / Adapted Interactive Digital Content for Learners with Visual Impairment (VI) Special Needs Education / Grade 4 / Adapted Interactive Digital Content for Learners with Visual Impairment (VI) / Mathematics Special Needs Education / Grade 4 / Adapted Interactive Digital Content for Learners with Visual Impairment (VI) / English Special Needs Education / Grade 4 / Adapted Interactive Digital Content for Learners with Visual Impairment (VI) / Kiswahili Special Needs Education / Grade 4 / Adapted Interactive Digital Content for Learners with Visual Impairment (VI) / Science and Technology Special Needs Education / Grade 4 / Adapted Interactive Digital Content for Learners with Visual Impairment (VI) / Agriculture Special Needs Education / Grade 4 / Adapted Interactive Digital Content for Learners with Visual Impairment (VI) / Social Studies Special Needs Education / Grade 4 / Adapted Interactive Digital Content for Learners with Visual Impairment (VI) / Home Science Special Needs Education / Grade 4 / Adapted Interactive Digital Content for Learners with Visual Impairment (VI) / Art and Craft Special Needs Education / Grade 4 / Adapted Interactive Digital Content for Learners with Visual Impairment (VI) / Christian Religious Education (CRE) Special Needs Education / Grade 4 / Adapted Interactive Digital Content for Learners with Visual Impairment (VI) / Music Special Needs Education / Grade 5 Special Needs Education / Grade 5 / Adapted Interactive Digital Content for Learners with Hearing Impairment (HI) Special Needs Education / Grade 5 / Adapted Interactive Digital Content for Learners with Hearing Impairment (HI) / English Special Needs Education / Grade 5 / Adapted Interactive Digital Content for Learners with Hearing Impairment (HI) / Christian Religious Education Special Needs Education / Grade 5 / Adapted Interactive Digital Content for Learners with Hearing Impairment (HI) / Social Studies Special Needs Education / Grade 5 / Adapted Interactive Digital Content for Learners with Hearing Impairment (HI) / Agriculture and Nutrition Special Needs Education / Grade 5 / Adapted Interactive Digital Content for Learners with Hearing Impairment (HI) / Creative Arts Special Needs Education / Grade 5 / Adapted Interactive Digital Content for Learners with Hearing Impairment (HI) / Mathematics Special Needs Education / Grade 5 / Adapted Interactive Digital Content for Learners with Hearing Impairment (HI) / Science and Technology Special Needs Education / Grade 5 / Adapted Interactive Digital Content for Learners with Hearing Impairment (HI) / Islamic Religious Education Special Needs Education / Grade 5 / Adapted Interactive Digital Content for Learners with Visual Impairment (VI) Special Needs Education / Grade 5 / Adapted Interactive Digital Content for Learners with Visual Impairment (VI) / Creative Arts Special Needs Education / Grade 5 / Adapted Interactive Digital Content for Learners with Visual Impairment (VI) / Social Studies Special Needs Education / Grade 5 / Adapted Interactive Digital Content for Learners with Visual Impairment (VI) / Kiswahili Special Needs Education / Grade 5 / Adapted Interactive Digital Content for Learners with Visual Impairment (VI) / Christian Religious Education Special Needs Education / Grade 5 / Adapted Interactive Digital Content for Learners with Visual Impairment (VI) / Science and Technology Special Needs Education / Grade 5 / Adapted Interactive Digital Content for Learners with Visual Impairment (VI) / Agriculture and Nutrition Special Needs Education / Grade 5 / Adapted Interactive Digital Content for Learners with Visual Impairment (VI) / Islamic Religious Education Special Needs Education / Grade 5 / Adapted Interactive Digital Content for Learners with Visual Impairment (VI) / Mathematics Special Needs Education / Grade 5 / Adapted Interactive Digital Content for Learners with Visual Impairment (VI) / English Special Needs Education / Grade 6 Special Needs Education / Grade 6 / Adapted Interactive Digital Content for Learners with Hearing Impairment (HI) Special Needs Education / Grade 6 / Adapted Interactive Digital Content for Learners with Hearing Impairment (HI) / Science and Technology Special Needs Education / Grade 6 / Adapted Interactive Digital Content for Learners with Hearing Impairment (HI) / Christian Religious Education Special Needs Education / Grade 6 / Adapted Interactive Digital Content for Learners with Hearing Impairment (HI) / Creative Arts Special Needs Education / Grade 6 / Adapted Interactive Digital Content for Learners with Hearing Impairment (HI) / Islamic Religious Education Special Needs Education / Grade 6 / Adapted Interactive Digital Content for Learners with Hearing Impairment (HI) / English Special Needs Education / Grade 6 / Adapted Interactive Digital Content for Learners with Hearing Impairment (HI) / Social Studies Special Needs Education / Grade 6 / Adapted Interactive Digital Content for Learners with Hearing Impairment (HI) / Agriculture Special Needs Education / Grade 6 / Adapted Interactive Digital Content for Learners with Hearing Impairment (HI) / Mathematics Special Needs Education / Grade 6 / Adapted Interactive Digital Content for Learners with Visual Impairment (VI) Special Needs Education / Grade 6 / Adapted Interactive Digital Content for Learners with Visual Impairment (VI) / Christian Religious Education Special Needs Education / Grade 6 / Adapted Interactive Digital Content for Learners with Visual Impairment (VI) / Kiswahili Special Needs Education / Grade 6 / Adapted Interactive Digital Content for Learners with Visual Impairment (VI) / English Special Needs Education / Grade 6 / Adapted Interactive Digital Content for Learners with Visual Impairment (VI) / Creative Arts Special Needs Education / Grade 6 / Adapted Interactive Digital Content for Learners with Visual Impairment (VI) / Mathematics Special Needs Education / Grade 6 / Adapted Interactive Digital Content for Learners with Visual Impairment (VI) / Science and Technology Special Needs Education / Grade 6 / Adapted Interactive Digital Content for Learners with Visual Impairment (VI) / Islamic Religious Education Special Needs Education / Grade 6 / Adapted Interactive Digital Content for Learners with Visual Impairment (VI) / Social Studies Special Needs Education / Grade 6 / Adapted Interactive Digital Content for Learners with Visual Impairment (VI) / Agriculture and Nutrition Special Needs Education / Ebooks Special Needs Education / Videos Special Needs Education / Foundational and Stage-Based Special Needs Education / Prevocational Level Special Needs Education / Prevocational Level / Music Special Needs Education / Prevocational Level / Hindu Religious Education Special Needs Education / Prevocational Level / Christian Religious Education Special Needs Education / Prevocational Level / Physical Education Special Needs Education / Prevocational Level / Islamic Religious Education Special Needs Education / Prevocational Level / Social Studies Special Needs Education / Prevocational Level / Prevocational Skills 1 Special Needs Education / Prevocational Level / Prevocational Skills 2 Special Needs Education / Prevocational Level / Prevocational Skills 3 Accessible Digital Textbooks Interactive Simulations for Sciences and Mathematics Interactive Simulations for Sciences and Mathematics / Physics Interactive Simulations for Sciences and Mathematics / Chemistry Interactive Simulations for Sciences and Mathematics / Mathematics Information, Education and Communication(IEC) Materials Information, Education and Communication(IEC) Materials / Child Online Safety Information, Education and Communication(IEC) Materials / Child Road Safety Information, Education and Communication(IEC) Materials / Child Road Safety / Integration Matrices Information, Education and Communication(IEC) Materials / Child Road Safety / Integration Matrices / Early Years Education Information, Education and Communication(IEC) Materials / Child Road Safety / Integration Matrices / Upper Primary Information, Education and Communication(IEC) Materials / Child Road Safety / Integration Matrices / Junior School Information, Education and Communication(IEC) Materials / Child Road Safety / Integration Matrices / Senior School Information, Education and Communication(IEC) Materials / Child Road Safety / Information, Education and Communication(IEC) Materials on Child Road Safety Information, Education and Communication(IEC) Materials / Child Road Safety / Information, Education and Communication(IEC) Materials on Child Road Safety / Early Years Education Information, Education and Communication(IEC) Materials / Child Road Safety / Information, Education and Communication(IEC) Materials on Child Road Safety / Upper Primary Information, Education and Communication(IEC) Materials / Child Road Safety / Information, Education and Communication(IEC) Materials on Child Road Safety / Junior School Information, Education and Communication(IEC) Materials / Child Road Safety / Information, Education and Communication(IEC) Materials on Child Road Safety / Senior School Information, Education and Communication(IEC) Materials / Child Road Safety / Teacher's Handbook Information, Education and Communication(IEC) Materials / Financial Literacy Learners’ Toolkit Teacher Resources Teacher Resources / Educational Resources Materials Development Teacher Resources / Educational Resources Materials Development / CRE Teacher Resources / Educational Resources Materials Development / English Teacher Resources / Educational Resources Materials Development / Environment Teacher Resources / Educational Resources Materials Development / Foundations Teacher Resources / Educational Resources Materials Development / H.R.E Teacher Resources / Educational Resources Materials Development / Hygiene and Nutrition Teacher Resources / Educational Resources Materials Development / I.R.E Teacher Resources / Educational Resources Materials Development / Kiswahili Teacher Resources / Educational Resources Materials Development / Language Activities Teacher Resources / Educational Resources Materials Development / Literacy Skills Teacher Resources / Educational Resources Materials Development / Mathematics Teacher Resources / Educational Resources Materials Development / Movements and Arts Teacher Resources / Pre-Primary Teacher Radio Programmes Teacher Resources / CBC Courses Teacher Resources / Special Needs Educations Teacher Resources / Interactive Digital Content for Teacher Education Teacher Resources / Interactive Digital Content for Teacher Education / English Teacher Resources / Interactive Digital Content for Teacher Education / Music Teacher Resources / Interactive Digital Content for Teacher Education / Christian Religious Education Teacher Resources / Interactive Digital Content for Teacher Education / Art and Craft Teacher Resources / Interactive Digital Content for Teacher Education / Indigenous Languages Teacher Resources / Interactive Digital Content for Teacher Education / Home science Teacher Resources / Interactive Digital Content for Teacher Education / Science and Technology Teacher Resources / Interactive Digital Content for Teacher Education / Islamic Religious Education Teacher Resources / Interactive Digital Content for Teacher Education / Mandarin Teacher Resources / Interactive Digital Content for Teacher Education / Agriculture Teacher Resources / Interactive Digital Content for Teacher Education / Mathematics Teacher Resources / Interactive Digital Content for Teacher Education / French Teacher Resources / Interactive Digital Content for Teacher Education / Hindu Religious Education Teacher Resources / Interactive Digital Content for Teacher Education / Social Studies Teacher Resources / Interactive Digital Content for Teacher Education / Kiswahili Teacher Resources / Interactive Digital Content for Teacher Education / Physical Education Teacher Resources / Interactive Digital Content for Teacher Education / Arabic Parental Resources Financial Literacy Financial Literacy / Financial Literacy for Junior School Financial Literacy / Financial Literacy for Junior School / Taxation Financial Literacy / Financial Literacy for Senior School Financial Literacy / Financial Literacy for Senior School / Taxation Resources to support Grade 1 Learning and TeachingHere is a collection of resources to support learning and teaching in grade 1. The resources span a variety of topics to keep learning fresh and exciting. These resources walk hand in hand with CBC .The resources can be used in classroom teaching, or as part of an  home learning programme. The main objective is to entice learners to stay inquisitive. Let's keep learning FUN! Search lessons Search Expand allEduchannel TV Lessons Interactive Digital Content Radio Lessons Ebooks Home Pre-primary Pre-Primary 1 Pre-Primary 2 Primary Grade 1 Grade 2 Grade 3 Grade 4 Grade 5 Grade 6 Secondary Grade 7 Grade 8 Form 1 Form 2 Form 3 Form 4 OER's SNE The Kenya Education Cloud (KEC) is a digital platform designed to enhance teaching and learning in Kenya by providing a wide range of digital educational resources. Serving as a centralized hub for e-learning, it promotes access to interactive content, supports modern pedagogical methods, and fosters collaboration among educators and learners. External Links Ministry of Education Kenya National Examinations Council Teachers Service Commission Kenya Kenya Institute of Special Education (KISE) ICT Authority TVET Authority Elimika Additional Resources Accessible Digital Textbook (ADT) Curriculum Reports Parental Resources Child Online Protection Guidelines Our Contacts Kenya Institute of Curriculum DevelopmentDesai Rd, Off Muranga Rd,Nairobi, Kenya. Telephone Contacts+254 729327331 +254 729327334 Email Addressinfo@kicd.ac.ke Kenya Education Cloud © 2024. All rights reserved. Privacy Policy Terms & Conditions (Login) Data retention summary","['mathematics', 'english', 'kiswahili', 'biology', 'chemistry', 'physics', 'geography', 'history', 'business', 'computer', 'agriculture', 'home_science', 'art', 'music', 'physical_education', 'religious_education']",form_1,cbc,[],2025-09-08T00:48:57.613893,unknown,primary,,grade_1,
https://lms.kec.ac.ke/course/index.php?categoryid=304,Open Education Resourses(OERs),"Kenya Education Cloud is your ultimate digital learning hub, providing access to curated e-learning resources, educational tools, and innovative content for students, teachers, and institutions.","Open Education Resourses(OERs) Home Lessons Open Education Resourses(OERs) Lesson categories: Pre-Primary Pre-Primary / Radio Lessons Pre-Primary / Educhannel Video Lessons Pre-Primary / Educhannel Video Lessons / Language Activities Pre-Primary / Educhannel Video Lessons / Mathematics Pre-Primary / Educhannel Video Lessons / Our School Pre-Primary / Educhannel Video Lessons / Picture Making Pre-Primary / Educhannel Video Lessons / Social Environment Pre-Primary / Educhannel Video Lessons / Pre-Primary 1 Pre-Primary / Educhannel Video Lessons / Pre-Primary 2 Pre-Primary / Interactive digital Content Pre-Primary / Ebooks Primary Education Primary Education / Grade 1 Primary Education / Grade 1 / Educhannel TV Lessons Primary Education / Grade 1 / Educhannel TV Lessons / English Primary Education / Grade 1 / Educhannel TV Lessons / Mathematics Primary Education / Grade 1 / Educhannel TV Lessons / Kiswahili Primary Education / Grade 1 / Educhannel TV Lessons / Kenya Sign Language(KSL) Primary Education / Grade 1 / Educhannel TV Lessons / Hygiene and nutrition Primary Education / Grade 1 / Educhannel TV Lessons / Environmental Activities Primary Education / Grade 1 / Interactive Digital Content Primary Education / Grade 1 / Radio Lessons Primary Education / Grade 1 / Radio Lessons / Mathematics Primary Education / Grade 1 / Radio Lessons / Mathematics / Grade 1 Term 2 Primary Education / Grade 1 / Radio Lessons / Mathematics / Grade 1 Term 3 Primary Education / Grade 1 / Radio Lessons / Kiswahili Primary Education / Grade 1 / Radio Lessons / Kiswahili / Grade 1 Term 2 Primary Education / Grade 1 / Radio Lessons / Kiswahili / Grade 1 Term 3 Primary Education / Grade 1 / Radio Lessons / English Primary Education / Grade 1 / Radio Lessons / English / Grade 1 Term 2 Primary Education / Grade 1 / Radio Lessons / English / Grade 1 Term 3 Primary Education / Grade 1 / Ebooks Primary Education / Grade 1 / Ebooks / Tusome readers Primary Education / Grade 1 / Ebooks / Indigenous Languages Primary Education / Grade 2 Primary Education / Grade 2 / Interactive Digital Content Primary Education / Grade 2 / Educhannel Tv Lessons Primary Education / Grade 2 / Educhannel Tv Lessons / Mathematics Primary Education / Grade 2 / Educhannel Tv Lessons / English Primary Education / Grade 2 / Radio Lessons Primary Education / Grade 2 / Radio Lessons / Mathematics Primary Education / Grade 2 / Radio Lessons / Mathematics / Grade 2 Term 2 Primary Education / Grade 2 / Radio Lessons / English Primary Education / Grade 2 / Radio Lessons / English / Grade 2 Term 2 Primary Education / Grade 2 / Radio Lessons / English / Grade 2 Term 3 Primary Education / Grade 2 / Radio Lessons / Kiswahili Primary Education / Grade 2 / Radio Lessons / Kiswahili / Grade 2 Term 3 Primary Education / Grade 2 / Hygiene and Nutrition Primary Education / Grade 2 / Hygiene and Nutrition / Grade 2 Term 2 Primary Education / Grade 2 / E-books Primary Education / Grade 2 / E-books / Tusome Readers Primary Education / Grade 3 Primary Education / Grade 3 / Radio Lessons Primary Education / Grade 3 / Radio Lessons / Mathematics Primary Education / Grade 3 / Radio Lessons / Mathematics / Grade 3 Term 2 Primary Education / Grade 3 / Radio Lessons / Mathematics / Grade 3 Term 3 Primary Education / Grade 3 / Radio Lessons / English Primary Education / Grade 3 / Radio Lessons / English / Grade 3 Term 2 Primary Education / Grade 3 / Radio Lessons / English / Grade 3 Term 3 Primary Education / Grade 3 / Radio Lessons / Environmental Activities Primary Education / Grade 3 / Radio Lessons / Environmental Activities / Grade 3 Term 2 Primary Education / Grade 3 / Radio Lessons / Kiswahili Primary Education / Grade 3 / Radio Lessons / Kiswahili / Grade 3 Term 3 Primary Education / Grade 3 / Educhannel TV Lessons Primary Education / Grade 3 / Educhannel TV Lessons / Mathematics Primary Education / Grade 3 / Educhannel TV Lessons / English Primary Education / Grade 3 / Educhannel TV Lessons / Kiswahili Primary Education / Grade 3 / Educhannel TV Lessons / Hygiene and Nutrition Primary Education / Grade 3 / Educhannel TV Lessons / Environmental Activities Primary Education / Grade 3 / Interactive Digital Content Primary Education / Grade 3 / EBooks Primary Education / Grade 3 / Tusome English Video Lessons Primary Education / Grade 3 / Tusome English Video Lessons / Tusome English Grade 3 Lessons Primary Education / Grade 4 Primary Education / Grade 4 / Educhannel Tv Lessons Primary Education / Grade 4 / Educhannel Tv Lessons / Home Science Primary Education / Grade 4 / Educhannel Tv Lessons / Agriculture Primary Education / Grade 4 / Educhannel Tv Lessons / Music Primary Education / Grade 4 / Educhannel Tv Lessons / Physical Education Primary Education / Grade 4 / Educhannel Tv Lessons / Art and Craft Primary Education / Grade 4 / Educhannel Tv Lessons / Kenya Sign Language Primary Education / Grade 4 / Educhannel Tv Lessons / Mathematics Primary Education / Grade 4 / Educhannel Tv Lessons / Science and Technology Primary Education / Grade 4 / Educhannel Tv Lessons / Social Studies Primary Education / Grade 4 / Educhannel Tv Lessons / English Primary Education / Grade 4 / Educhannel Tv Lessons / Kiswahili Primary Education / Grade 4 / Educhannel Tv Lessons / Environmental Activity Primary Education / Grade 4 / Radio lessons Primary Education / Grade 4 / Radio lessons / Social Studies Primary Education / Grade 4 / Radio lessons / Social Studies / Grade 4 Term 2 Primary Education / Grade 4 / Radio lessons / Social Studies / Grade 4 Term 3 Primary Education / Grade 4 / Radio lessons / CRE Primary Education / Grade 4 / Radio lessons / CRE / Grade 4 Term 2 Primary Education / Grade 4 / Radio lessons / English Primary Education / Grade 4 / Radio lessons / English / Grade 4 Term 2 Primary Education / Grade 4 / Radio lessons / English / Grade 4 Term 3 Primary Education / Grade 4 / Radio lessons / Hygiene and Nutrition Primary Education / Grade 4 / Radio lessons / Hygiene and Nutrition / Grade 4 Term 1 Primary Education / Grade 4 / Radio lessons / IRE Primary Education / Grade 4 / Radio lessons / IRE / Grade 4 Term 2 Primary Education / Grade 4 / Radio lessons / Science and Technology Primary Education / Grade 4 / Radio lessons / Science and Technology / Grade 4 Term 3 Primary Education / Grade 4 / Radio lessons / Agriculture Primary Education / Grade 4 / Radio lessons / Agriculture / Grade 4 Term 3 Primary Education / Grade 4 / Radio lessons / Mathematics Primary Education / Grade 4 / Radio lessons / Mathematics / Grade 4 Term 3 Primary Education / Grade 4 / SNE Primary Education / Grade 4 / Interactive Digital Content Primary Education / Grade 5 Primary Education / Grade 5 / Educhannel Tv Lessons Primary Education / Grade 5 / Educhannel Tv Lessons / English Primary Education / Grade 5 / Educhannel Tv Lessons / Kiswahili Primary Education / Grade 5 / Educhannel Tv Lessons / Mathematics Primary Education / Grade 5 / Radio Lessons Primary Education / Grade 5 / Radio Lessons / English Primary Education / Grade 5 / Radio Lessons / Science and Technology Primary Education / Grade 5 / Radio Lessons / Agriculture Primary Education / Grade 5 / Radio Lessons / Social studies Primary Education / Grade 5 / Radio Lessons / Christian Religious Education Primary Education / Grade 5 / Radio Lessons / Mathematics Primary Education / Grade 5 / Interactive Digital Content Primary Education / Grade 6 Primary Education / Grade 6 / Radio Lessons Primary Education / Grade 6 / Radio Lessons / CRE Primary Education / Grade 6 / Radio Lessons / Social Studies Primary Education / Grade 6 / Radio Lessons / Science Primary Education / Grade 6 / Radio Lessons / Kiswahili Primary Education / Grade 6 / Radio Lessons / English Primary Education / Grade 6 / Radio Lessons / Mathematics Primary Education / Grade 6 / Educhannel TV Lessons Primary Education / Grade 6 / Educhannel TV Lessons / Kiswahili Primary Education / Grade 6 / Educhannel TV Lessons / Agriculture Primary Education / Grade 6 / Educhannel TV Lessons / Art and Craft Primary Education / Grade 6 / Educhannel TV Lessons / English Primary Education / Grade 6 / Educhannel TV Lessons / Home Science Primary Education / Grade 6 / Educhannel TV Lessons / Music Primary Education / Grade 6 / Educhannel TV Lessons / Science and technology Primary Education / Grade 6 / Educhannel TV Lessons / Physical health education Primary Education / Grade 6 / Interactive Digital Content Junior School Junior School / Grade 8 Junior School / Grade 8 / Educhannel Tv Lessons Junior School / Grade 8 / Radio Lessons Junior School / Grade 8 / Interactive Digital Content Junior School / Grade 7 Junior School / Grade 7 / Educhannel TV lessons Junior School / Grade 7 / Radio Lessons Junior School / Grade 7 / Radio Lessons / Mathematics Junior School / Grade 7 / Radio Lessons / Kiswahili Junior School / Grade 7 / Radio Lessons / English Junior School / Grade 7 / Radio Lessons / Christian Religious Education Junior School / Grade 7 / Radio Lessons / Integrated Science Junior School / Grade 7 / Radio Lessons / Social Studies Junior School / Grade 7 / Radio Lessons / Pre-Technical Studies Junior School / Grade 7 / Interactive Digital Content Secondary Education Secondary Education / Form 1 Secondary Education / Form 1 / Interactive Digital Content Secondary Education / Form 1 / Educhannel Tv Lessons Secondary Education / Form 1 / Educhannel Tv Lessons / Mathematics Secondary Education / Form 1 / Educhannel Tv Lessons / English Secondary Education / Form 1 / Educhannel Tv Lessons / Physics Secondary Education / Form 1 / Educhannel Tv Lessons / Biology Secondary Education / Form 1 / Educhannel Tv Lessons / Chemistry Secondary Education / Form 1 / Educhannel Tv Lessons / Kiswahili Secondary Education / Form 1 / Educhannel Tv Lessons / History and Government Secondary Education / Form 1 / Educhannel Tv Lessons / Business Studies Secondary Education / Form 1 / Radio Lessons Secondary Education / Form 1 / Ebooks Secondary Education / Form 2 Secondary Education / Form 2 / Interactive Digital Content Secondary Education / Form 2 / Educhannel Tv Lessons Secondary Education / Form 2 / Educhannel Tv Lessons / Physics Secondary Education / Form 2 / Radio Lessons Secondary Education / Form 2 / Radio Lessons / Biology Secondary Education / Form 3 Secondary Education / Form 3 / Interactive Digital Content Secondary Education / Form 3 / Educhannel Tv Lessons Secondary Education / Form 3 / Educhannel Tv Lessons / Mathematics Secondary Education / Form 3 / Educhannel Tv Lessons / English Secondary Education / Form 3 / Educhannel Tv Lessons / Kiswahili Secondary Education / Form 3 / Educhannel Tv Lessons / Biology Secondary Education / Form 3 / Educhannel Tv Lessons / Chemistry Secondary Education / Form 3 / Educhannel Tv Lessons / Physics Secondary Education / Form 3 / Educhannel Tv Lessons / Business Studies Secondary Education / Form 3 / Educhannel Tv Lessons / History and Government Secondary Education / Form 3 / Radio Lessons Secondary Education / Form 4 Secondary Education / Form 4 / Interactive Digital Content Secondary Education / Form 4 / Educhannel Tv Lessons Secondary Education / Form 4 / Educhannel Tv Lessons / Form 4 Mathematics Secondary Education / Form 4 / Educhannel Tv Lessons / Form 4 English Secondary Education / Form 4 / Educhannel Tv Lessons / Form 4 Physics Secondary Education / Form 4 / Educhannel Tv Lessons / Form 4 Biology Secondary Education / Form 4 / Educhannel Tv Lessons / Form 4 Kiswahili Secondary Education / Form 4 / Educhannel Tv Lessons / Form 4 Chemistry Secondary Education / Form 4 / Educhannel Tv Lessons / Form 4 History and Government Secondary Education / Form 4 / Educhannel Tv Lessons / Form 4 Business Studies Secondary Education / Form 4 / Radio Lessons Secondary Education / Form 4 / Radio Lessons / Mathematics Secondary Education / Form 4 / Radio Lessons / Mathematics / Form 4 Term 1 Secondary Education / Form 4 / Radio Lessons / Mathematics / Form 4 Term 2 Secondary Education / Form 4 / Radio Lessons / Mathematics / Form 4 Term 3 General Knowledge General Knowledge / VOA Connect General Knowledge / Ask the expert General Knowledge / Citizenship and Democracy General Knowledge / Digital Story General Knowledge / Impacted Educhannel Lessons Educhannel Lessons / English Educhannel Lessons / English / Transport and travel Educhannel Lessons / English / Pronunciation skills Educhannel Lessons / English / Listening and speaking Educhannel Lessons / English / Family Educhannel Lessons / English / Environment Educhannel Lessons / English / Drug and Substance Educhannel Lessons / Agriculture Educhannel Lessons / Biology Educhannel Lessons / Biology / Living Things Educhannel Lessons / Biology / Secretion and homeostasis Educhannel Lessons / Biology / Support and movement Educhannel Lessons / Business Studies Educhannel Lessons / Chemistry Educhannel Lessons / Earth Movement and Volcanicity Educhannel Lessons / Environmental Activities Educhannel Lessons / Geograpghy Educhannel Lessons / History Educhannel Lessons / History / Kenyan History Educhannel Lessons / Homescience Educhannel Lessons / Homescience / Basic care clothing Educhannel Lessons / Kiswahili Educhannel Lessons / Kiswahili / Primary Educhannel Lessons / Kiswahili / Primary / Darasa 4-5 Educhannel Lessons / Kiswahili / Secondary Educhannel Lessons / Kiswahili / Secondary / Isimu Jamii Educhannel Lessons / Kiswahili / Secondary / Sarufi Educhannel Lessons / Mathematics Educhannel Lessons / Mathematics / Secondary Educhannel Lessons / Mathematics / Secondary / Commercial Arithmetics Educhannel Lessons / Mathematics / Primary Educhannel Lessons / Mathematics / Primary / Class 5-8 Educhannel Lessons / Mathematics / Primary / Class 5-8 / Practical uses of Money Educhannel Lessons / Mathematics / Primary / Class 5-8 / Measurement Educhannel Lessons / Organic Chemistry Educhannel Lessons / Performing Music Educhannel Lessons / Homescience Educhannel Lessons / Homescience / Basic care of clothing Educhannel Lessons / Art and Craft Educhannel Lessons / Physics Educhannel Lessons / Physics / Thermodynamics Educhannel Lessons / Physics / Mechanics Educhannel Lessons / Physics / Electricity and Magnetism Educhannel Lessons / The Doyen Exposition Educhannel Lessons / Science Educhannel Lessons / Science / Making work easier Educhannel Lessons / Science / Living Things Educhannel Lessons / Science / Energy conservation Educhannel Lessons / Physical and Health Education Educhannel Lessons / Physical and Health Education / Grade 1-4 Open Education Resourses(OERs) Open Education Resourses(OERs) / Movement and Creative Activities Open Education Resourses(OERs) / 	Religious Education Activities Open Education Resourses(OERs) / Mathematical Activities Open Education Resourses(OERs) / Environmental Activities Open Education Resourses(OERs) / Kiswahili Language Open Education Resourses(OERs) / LTK | Concordia University Open Education Resourses(OERs) / Hygiene and Nutrition Open Education Resourses(OERs) / ENGLISH LANGUAGE ACTIVITIES Open Education Resourses(OERs) / Casio Materials Open Education Resourses(OERs) / Health Education Open Education Resourses(OERs) / Carbon Literacy Special Needs Education Special Needs Education / Grade 1 Special Needs Education / Grade 1 / Adapted Interactive Digital Content for Hearing Impaired(HI) Special Needs Education / Grade 1 / Adapted Interactive Digital Content for Hearing Impaired(HI) / English Activities Special Needs Education / Grade 1 / Adapted Interactive Digital Content for Hearing Impaired(HI) / Environmental Activities Special Needs Education / Grade 1 / Adapted Interactive Digital Content for Hearing Impaired(HI) / Creative Activities Special Needs Education / Grade 1 / Adapted Interactive Digital Content for Visual Impaired(VI) Special Needs Education / Grade 2 Special Needs Education / Grade 2 / Adapted Interactive Digital Content for Hearing Impaired(HI) Special Needs Education / Grade 2 / Adapted Interactive Digital Content for Hearing Impaired(HI) / Mathematics Grade 2 Special Needs Education / Grade 2 / Adapted Interactive Digital Content for Hearing Impaired(HI) / Environmental Activities Grade 2 Special Needs Education / Grade 2 / Adapted Interactive Digital Content for Hearing Impaired(HI) / Hygiene and Nutrition Grade 2 Special Needs Education / Grade 2 / Adapted Interactive Digital Content for Hearing Impaired(HI) / Christian Religious Education Grade 2 (HI) Special Needs Education / Grade 2 / Adapted Interactive Digital Content for Hearing Impaired(HI) / Literacy Activities Grade2 (HI) Special Needs Education / Grade 2 / Adapted Interactive Digital Content for Hearing Impaired(HI) / English Activities Grad2 H.I Special Needs Education / Grade 2 / Adapted Interactive Digital Content for Hearing Impaired(HI) / Creative Activities Grade2 -H.I Special Needs Education / Grade 2 / Adapted Interactive Digital Content for Visual Impaired(VI) Special Needs Education / Grade 2 / Adapted Interactive Digital Content for Visual Impaired(VI) / Mathematics Special Needs Education / Grade 2 / Adapted Interactive Digital Content for Visual Impaired(VI) / Kiswahili Special Needs Education / Grade 2 / Adapted Interactive Digital Content for Visual Impaired(VI) / English Special Needs Education / Grade 2 / Adapted Interactive Digital Content for Visual Impaired(VI) / Creative Activities Special Needs Education / Grade 2 / Adapted Interactive Digital Content for Visual Impaired(VI) / CRE Special Needs Education / Grade 3 Special Needs Education / Grade 3 / Adapted Interactive Digital Content for Learners with Hearing Impairment (HI) Special Needs Education / Grade 3 / Adapted Interactive Digital Content for Learners with Hearing Impairment (HI) / Visual Arts Special Needs Education / Grade 3 / Adapted Interactive Digital Content for Learners with Hearing Impairment (HI) / English Special Needs Education / Grade 3 / Adapted Interactive Digital Content for Learners with Hearing Impairment (HI) / Hygiene and Nutrition Special Needs Education / Grade 3 / Adapted Interactive Digital Content for Learners with Hearing Impairment (HI) / Music Special Needs Education / Grade 3 / Adapted Interactive Digital Content for Learners with Hearing Impairment (HI) / Mathematics Special Needs Education / Grade 3 / Adapted Interactive Digital Content for Learners with Hearing Impairment (HI) / Environmental Special Needs Education / Grade 3 / Adapted Interactive Digital Content for Learners with Hearing Impairment (HI) / CRE Special Needs Education / Grade 3 / Adapted Interactive Digital Content for Learners with Visual Impairment (VI) Special Needs Education / Grade 3 / Adapted Interactive Digital Content for Learners with Visual Impairment (VI) / Music Special Needs Education / Grade 3 / Adapted Interactive Digital Content for Learners with Visual Impairment (VI) / Mathematics Special Needs Education / Grade 3 / Adapted Interactive Digital Content for Learners with Visual Impairment (VI) / Visual Arts Special Needs Education / Grade 3 / Adapted Interactive Digital Content for Learners with Visual Impairment (VI) / Kiswahili Special Needs Education / Grade 3 / Adapted Interactive Digital Content for Learners with Visual Impairment (VI) / Hygiene and Nutrition Special Needs Education / Grade 3 / Adapted Interactive Digital Content for Learners with Visual Impairment (VI) / Environmental Special Needs Education / Grade 3 / Adapted Interactive Digital Content for Learners with Visual Impairment (VI) / English Special Needs Education / Grade 3 / Adapted Interactive Digital Content for Learners with Visual Impairment (VI) / CRE Special Needs Education / Grade 4 Special Needs Education / Grade 4 / Adapted Interactive Digital Content for Learners with Hearing Impairment (HI) Special Needs Education / Grade 4 / Adapted Interactive Digital Content for Learners with Hearing Impairment (HI) / Mathematics Special Needs Education / Grade 4 / Adapted Interactive Digital Content for Learners with Hearing Impairment (HI) / English Special Needs Education / Grade 4 / Adapted Interactive Digital Content for Learners with Hearing Impairment (HI) / Science and Technology Special Needs Education / Grade 4 / Adapted Interactive Digital Content for Learners with Hearing Impairment (HI) / Agriculture Special Needs Education / Grade 4 / Adapted Interactive Digital Content for Learners with Hearing Impairment (HI) / Social Studies Special Needs Education / Grade 4 / Adapted Interactive Digital Content for Learners with Hearing Impairment (HI) / Home Science Special Needs Education / Grade 4 / Adapted Interactive Digital Content for Learners with Hearing Impairment (HI) / Art and Craft Special Needs Education / Grade 4 / Adapted Interactive Digital Content for Learners with Hearing Impairment (HI) / Music Special Needs Education / Grade 4 / Adapted Interactive Digital Content for Learners with Hearing Impairment (HI) / Christian Religious Education (CRE) Special Needs Education / Grade 4 / Adapted Interactive Digital Content for Learners with Visual Impairment (VI) Special Needs Education / Grade 4 / Adapted Interactive Digital Content for Learners with Visual Impairment (VI) / Mathematics Special Needs Education / Grade 4 / Adapted Interactive Digital Content for Learners with Visual Impairment (VI) / English Special Needs Education / Grade 4 / Adapted Interactive Digital Content for Learners with Visual Impairment (VI) / Kiswahili Special Needs Education / Grade 4 / Adapted Interactive Digital Content for Learners with Visual Impairment (VI) / Science and Technology Special Needs Education / Grade 4 / Adapted Interactive Digital Content for Learners with Visual Impairment (VI) / Agriculture Special Needs Education / Grade 4 / Adapted Interactive Digital Content for Learners with Visual Impairment (VI) / Social Studies Special Needs Education / Grade 4 / Adapted Interactive Digital Content for Learners with Visual Impairment (VI) / Home Science Special Needs Education / Grade 4 / Adapted Interactive Digital Content for Learners with Visual Impairment (VI) / Art and Craft Special Needs Education / Grade 4 / Adapted Interactive Digital Content for Learners with Visual Impairment (VI) / Christian Religious Education (CRE) Special Needs Education / Grade 4 / Adapted Interactive Digital Content for Learners with Visual Impairment (VI) / Music Special Needs Education / Grade 5 Special Needs Education / Grade 5 / Adapted Interactive Digital Content for Learners with Hearing Impairment (HI) Special Needs Education / Grade 5 / Adapted Interactive Digital Content for Learners with Hearing Impairment (HI) / English Special Needs Education / Grade 5 / Adapted Interactive Digital Content for Learners with Hearing Impairment (HI) / Christian Religious Education Special Needs Education / Grade 5 / Adapted Interactive Digital Content for Learners with Hearing Impairment (HI) / Social Studies Special Needs Education / Grade 5 / Adapted Interactive Digital Content for Learners with Hearing Impairment (HI) / Agriculture and Nutrition Special Needs Education / Grade 5 / Adapted Interactive Digital Content for Learners with Hearing Impairment (HI) / Creative Arts Special Needs Education / Grade 5 / Adapted Interactive Digital Content for Learners with Hearing Impairment (HI) / Mathematics Special Needs Education / Grade 5 / Adapted Interactive Digital Content for Learners with Hearing Impairment (HI) / Science and Technology Special Needs Education / Grade 5 / Adapted Interactive Digital Content for Learners with Hearing Impairment (HI) / Islamic Religious Education Special Needs Education / Grade 5 / Adapted Interactive Digital Content for Learners with Visual Impairment (VI) Special Needs Education / Grade 5 / Adapted Interactive Digital Content for Learners with Visual Impairment (VI) / Creative Arts Special Needs Education / Grade 5 / Adapted Interactive Digital Content for Learners with Visual Impairment (VI) / Social Studies Special Needs Education / Grade 5 / Adapted Interactive Digital Content for Learners with Visual Impairment (VI) / Kiswahili Special Needs Education / Grade 5 / Adapted Interactive Digital Content for Learners with Visual Impairment (VI) / Christian Religious Education Special Needs Education / Grade 5 / Adapted Interactive Digital Content for Learners with Visual Impairment (VI) / Science and Technology Special Needs Education / Grade 5 / Adapted Interactive Digital Content for Learners with Visual Impairment (VI) / Agriculture and Nutrition Special Needs Education / Grade 5 / Adapted Interactive Digital Content for Learners with Visual Impairment (VI) / Islamic Religious Education Special Needs Education / Grade 5 / Adapted Interactive Digital Content for Learners with Visual Impairment (VI) / Mathematics Special Needs Education / Grade 5 / Adapted Interactive Digital Content for Learners with Visual Impairment (VI) / English Special Needs Education / Grade 6 Special Needs Education / Grade 6 / Adapted Interactive Digital Content for Learners with Hearing Impairment (HI) Special Needs Education / Grade 6 / Adapted Interactive Digital Content for Learners with Hearing Impairment (HI) / Science and Technology Special Needs Education / Grade 6 / Adapted Interactive Digital Content for Learners with Hearing Impairment (HI) / Christian Religious Education Special Needs Education / Grade 6 / Adapted Interactive Digital Content for Learners with Hearing Impairment (HI) / Creative Arts Special Needs Education / Grade 6 / Adapted Interactive Digital Content for Learners with Hearing Impairment (HI) / Islamic Religious Education Special Needs Education / Grade 6 / Adapted Interactive Digital Content for Learners with Hearing Impairment (HI) / English Special Needs Education / Grade 6 / Adapted Interactive Digital Content for Learners with Hearing Impairment (HI) / Social Studies Special Needs Education / Grade 6 / Adapted Interactive Digital Content for Learners with Hearing Impairment (HI) / Agriculture Special Needs Education / Grade 6 / Adapted Interactive Digital Content for Learners with Hearing Impairment (HI) / Mathematics Special Needs Education / Grade 6 / Adapted Interactive Digital Content for Learners with Visual Impairment (VI) Special Needs Education / Grade 6 / Adapted Interactive Digital Content for Learners with Visual Impairment (VI) / Christian Religious Education Special Needs Education / Grade 6 / Adapted Interactive Digital Content for Learners with Visual Impairment (VI) / Kiswahili Special Needs Education / Grade 6 / Adapted Interactive Digital Content for Learners with Visual Impairment (VI) / English Special Needs Education / Grade 6 / Adapted Interactive Digital Content for Learners with Visual Impairment (VI) / Creative Arts Special Needs Education / Grade 6 / Adapted Interactive Digital Content for Learners with Visual Impairment (VI) / Mathematics Special Needs Education / Grade 6 / Adapted Interactive Digital Content for Learners with Visual Impairment (VI) / Science and Technology Special Needs Education / Grade 6 / Adapted Interactive Digital Content for Learners with Visual Impairment (VI) / Islamic Religious Education Special Needs Education / Grade 6 / Adapted Interactive Digital Content for Learners with Visual Impairment (VI) / Social Studies Special Needs Education / Grade 6 / Adapted Interactive Digital Content for Learners with Visual Impairment (VI) / Agriculture and Nutrition Special Needs Education / Ebooks Special Needs Education / Videos Special Needs Education / Foundational and Stage-Based Special Needs Education / Prevocational Level Special Needs Education / Prevocational Level / Music Special Needs Education / Prevocational Level / Hindu Religious Education Special Needs Education / Prevocational Level / Christian Religious Education Special Needs Education / Prevocational Level / Physical Education Special Needs Education / Prevocational Level / Islamic Religious Education Special Needs Education / Prevocational Level / Social Studies Special Needs Education / Prevocational Level / Prevocational Skills 1 Special Needs Education / Prevocational Level / Prevocational Skills 2 Special Needs Education / Prevocational Level / Prevocational Skills 3 Accessible Digital Textbooks Interactive Simulations for Sciences and Mathematics Interactive Simulations for Sciences and Mathematics / Physics Interactive Simulations for Sciences and Mathematics / Chemistry Interactive Simulations for Sciences and Mathematics / Mathematics Information, Education and Communication(IEC) Materials Information, Education and Communication(IEC) Materials / Child Online Safety Information, Education and Communication(IEC) Materials / Child Road Safety Information, Education and Communication(IEC) Materials / Child Road Safety / Integration Matrices Information, Education and Communication(IEC) Materials / Child Road Safety / Integration Matrices / Early Years Education Information, Education and Communication(IEC) Materials / Child Road Safety / Integration Matrices / Upper Primary Information, Education and Communication(IEC) Materials / Child Road Safety / Integration Matrices / Junior School Information, Education and Communication(IEC) Materials / Child Road Safety / Integration Matrices / Senior School Information, Education and Communication(IEC) Materials / Child Road Safety / Information, Education and Communication(IEC) Materials on Child Road Safety Information, Education and Communication(IEC) Materials / Child Road Safety / Information, Education and Communication(IEC) Materials on Child Road Safety / Early Years Education Information, Education and Communication(IEC) Materials / Child Road Safety / Information, Education and Communication(IEC) Materials on Child Road Safety / Upper Primary Information, Education and Communication(IEC) Materials / Child Road Safety / Information, Education and Communication(IEC) Materials on Child Road Safety / Junior School Information, Education and Communication(IEC) Materials / Child Road Safety / Information, Education and Communication(IEC) Materials on Child Road Safety / Senior School Information, Education and Communication(IEC) Materials / Child Road Safety / Teacher's Handbook Information, Education and Communication(IEC) Materials / Financial Literacy Learners’ Toolkit Teacher Resources Teacher Resources / Educational Resources Materials Development Teacher Resources / Educational Resources Materials Development / CRE Teacher Resources / Educational Resources Materials Development / English Teacher Resources / Educational Resources Materials Development / Environment Teacher Resources / Educational Resources Materials Development / Foundations Teacher Resources / Educational Resources Materials Development / H.R.E Teacher Resources / Educational Resources Materials Development / Hygiene and Nutrition Teacher Resources / Educational Resources Materials Development / I.R.E Teacher Resources / Educational Resources Materials Development / Kiswahili Teacher Resources / Educational Resources Materials Development / Language Activities Teacher Resources / Educational Resources Materials Development / Literacy Skills Teacher Resources / Educational Resources Materials Development / Mathematics Teacher Resources / Educational Resources Materials Development / Movements and Arts Teacher Resources / Pre-Primary Teacher Radio Programmes Teacher Resources / CBC Courses Teacher Resources / Special Needs Educations Teacher Resources / Interactive Digital Content for Teacher Education Teacher Resources / Interactive Digital Content for Teacher Education / English Teacher Resources / Interactive Digital Content for Teacher Education / Music Teacher Resources / Interactive Digital Content for Teacher Education / Christian Religious Education Teacher Resources / Interactive Digital Content for Teacher Education / Art and Craft Teacher Resources / Interactive Digital Content for Teacher Education / Indigenous Languages Teacher Resources / Interactive Digital Content for Teacher Education / Home science Teacher Resources / Interactive Digital Content for Teacher Education / Science and Technology Teacher Resources / Interactive Digital Content for Teacher Education / Islamic Religious Education Teacher Resources / Interactive Digital Content for Teacher Education / Mandarin Teacher Resources / Interactive Digital Content for Teacher Education / Agriculture Teacher Resources / Interactive Digital Content for Teacher Education / Mathematics Teacher Resources / Interactive Digital Content for Teacher Education / French Teacher Resources / Interactive Digital Content for Teacher Education / Hindu Religious Education Teacher Resources / Interactive Digital Content for Teacher Education / Social Studies Teacher Resources / Interactive Digital Content for Teacher Education / Kiswahili Teacher Resources / Interactive Digital Content for Teacher Education / Physical Education Teacher Resources / Interactive Digital Content for Teacher Education / Arabic Parental Resources Financial Literacy Financial Literacy / Financial Literacy for Junior School Financial Literacy / Financial Literacy for Junior School / Taxation Financial Literacy / Financial Literacy for Senior School Financial Literacy / Financial Literacy for Senior School / Taxation Open Educational Resources (OER) are teaching, learning and research materials in any medium – digital or otherwise – that reside in the public domain or have been released under an open license that permits no-cost access, use, adaptation and redistribution by others with no or limited restrictions. OER form part of ‘Open Solutions’, alongside Free and Open Source software (FOSS), Open Access (OA), Open Data (OD) and crowdsourcing platforms. OER are generally offered with Creative Commons licenses that allow the content to be freely reused and remixed with attribution to the original author.Examples of OER include learning content (such as lesson plans, assignments, textbooks, exams, and videos) as well as tools for learning (like software for creating videos and websites, course management systems, and training materials). Search lessons Search Expand allMovement and Creative Activities	Religious Education ActivitiesMathematical ActivitiesEnvironmental ActivitiesKiswahili LanguageLTK | Concordia UniversityHygiene and NutritionENGLISH LANGUAGE ACTIVITIESCasio MaterialsHealth EducationCarbon Literacy Movement and Creative Activities	Religious Education ActivitiesMathematical ActivitiesEnvironmental ActivitiesKiswahili LanguageLTK | Concordia UniversityHygiene and NutritionENGLISH LANGUAGE ACTIVITIESCasio MaterialsHealth EducationCarbon Literacy Digital Content | Kenya Education Cloud | Unlimited Learning Experiences Skip to main content (Login) Open Education Resourses(OERs) Home Lessons Open Education Resourses(OERs) Lesson categories: Pre-Primary Pre-Primary / Radio Lessons Pre-Primary / Educhannel Video Lessons Pre-Primary / Educhannel Video Lessons / Language Activities Pre-Primary / Educhannel Video Lessons / Mathematics Pre-Primary / Educhannel Video Lessons / Our School Pre-Primary / Educhannel Video Lessons / Picture Making Pre-Primary / Educhannel Video Lessons / Social Environment Pre-Primary / Educhannel Video Lessons / Pre-Primary 1 Pre-Primary / Educhannel Video Lessons / Pre-Primary 2 Pre-Primary / Interactive digital Content Pre-Primary / Ebooks Primary Education Primary Education / Grade 1 Primary Education / Grade 1 / Educhannel TV Lessons Primary Education / Grade 1 / Educhannel TV Lessons / English Primary Education / Grade 1 / Educhannel TV Lessons / Mathematics Primary Education / Grade 1 / Educhannel TV Lessons / Kiswahili Primary Education / Grade 1 / Educhannel TV Lessons / Kenya Sign Language(KSL) Primary Education / Grade 1 / Educhannel TV Lessons / Hygiene and nutrition Primary Education / Grade 1 / Educhannel TV Lessons / Environmental Activities Primary Education / Grade 1 / Interactive Digital Content Primary Education / Grade 1 / Radio Lessons Primary Education / Grade 1 / Radio Lessons / Mathematics Primary Education / Grade 1 / Radio Lessons / Mathematics / Grade 1 Term 2 Primary Education / Grade 1 / Radio Lessons / Mathematics / Grade 1 Term 3 Primary Education / Grade 1 / Radio Lessons / Kiswahili Primary Education / Grade 1 / Radio Lessons / Kiswahili / Grade 1 Term 2 Primary Education / Grade 1 / Radio Lessons / Kiswahili / Grade 1 Term 3 Primary Education / Grade 1 / Radio Lessons / English Primary Education / Grade 1 / Radio Lessons / English / Grade 1 Term 2 Primary Education / Grade 1 / Radio Lessons / English / Grade 1 Term 3 Primary Education / Grade 1 / Ebooks Primary Education / Grade 1 / Ebooks / Tusome readers Primary Education / Grade 1 / Ebooks / Indigenous Languages Primary Education / Grade 2 Primary Education / Grade 2 / Interactive Digital Content Primary Education / Grade 2 / Educhannel Tv Lessons Primary Education / Grade 2 / Educhannel Tv Lessons / Mathematics Primary Education / Grade 2 / Educhannel Tv Lessons / English Primary Education / Grade 2 / Radio Lessons Primary Education / Grade 2 / Radio Lessons / Mathematics Primary Education / Grade 2 / Radio Lessons / Mathematics / Grade 2 Term 2 Primary Education / Grade 2 / Radio Lessons / English Primary Education / Grade 2 / Radio Lessons / English / Grade 2 Term 2 Primary Education / Grade 2 / Radio Lessons / English / Grade 2 Term 3 Primary Education / Grade 2 / Radio Lessons / Kiswahili Primary Education / Grade 2 / Radio Lessons / Kiswahili / Grade 2 Term 3 Primary Education / Grade 2 / Hygiene and Nutrition Primary Education / Grade 2 / Hygiene and Nutrition / Grade 2 Term 2 Primary Education / Grade 2 / E-books Primary Education / Grade 2 / E-books / Tusome Readers Primary Education / Grade 3 Primary Education / Grade 3 / Radio Lessons Primary Education / Grade 3 / Radio Lessons / Mathematics Primary Education / Grade 3 / Radio Lessons / Mathematics / Grade 3 Term 2 Primary Education / Grade 3 / Radio Lessons / Mathematics / Grade 3 Term 3 Primary Education / Grade 3 / Radio Lessons / English Primary Education / Grade 3 / Radio Lessons / English / Grade 3 Term 2 Primary Education / Grade 3 / Radio Lessons / English / Grade 3 Term 3 Primary Education / Grade 3 / Radio Lessons / Environmental Activities Primary Education / Grade 3 / Radio Lessons / Environmental Activities / Grade 3 Term 2 Primary Education / Grade 3 / Radio Lessons / Kiswahili Primary Education / Grade 3 / Radio Lessons / Kiswahili / Grade 3 Term 3 Primary Education / Grade 3 / Educhannel TV Lessons Primary Education / Grade 3 / Educhannel TV Lessons / Mathematics Primary Education / Grade 3 / Educhannel TV Lessons / English Primary Education / Grade 3 / Educhannel TV Lessons / Kiswahili Primary Education / Grade 3 / Educhannel TV Lessons / Hygiene and Nutrition Primary Education / Grade 3 / Educhannel TV Lessons / Environmental Activities Primary Education / Grade 3 / Interactive Digital Content Primary Education / Grade 3 / EBooks Primary Education / Grade 3 / Tusome English Video Lessons Primary Education / Grade 3 / Tusome English Video Lessons / Tusome English Grade 3 Lessons Primary Education / Grade 4 Primary Education / Grade 4 / Educhannel Tv Lessons Primary Education / Grade 4 / Educhannel Tv Lessons / Home Science Primary Education / Grade 4 / Educhannel Tv Lessons / Agriculture Primary Education / Grade 4 / Educhannel Tv Lessons / Music Primary Education / Grade 4 / Educhannel Tv Lessons / Physical Education Primary Education / Grade 4 / Educhannel Tv Lessons / Art and Craft Primary Education / Grade 4 / Educhannel Tv Lessons / Kenya Sign Language Primary Education / Grade 4 / Educhannel Tv Lessons / Mathematics Primary Education / Grade 4 / Educhannel Tv Lessons / Science and Technology Primary Education / Grade 4 / Educhannel Tv Lessons / Social Studies Primary Education / Grade 4 / Educhannel Tv Lessons / English Primary Education / Grade 4 / Educhannel Tv Lessons / Kiswahili Primary Education / Grade 4 / Educhannel Tv Lessons / Environmental Activity Primary Education / Grade 4 / Radio lessons Primary Education / Grade 4 / Radio lessons / Social Studies Primary Education / Grade 4 / Radio lessons / Social Studies / Grade 4 Term 2 Primary Education / Grade 4 / Radio lessons / Social Studies / Grade 4 Term 3 Primary Education / Grade 4 / Radio lessons / CRE Primary Education / Grade 4 / Radio lessons / CRE / Grade 4 Term 2 Primary Education / Grade 4 / Radio lessons / English Primary Education / Grade 4 / Radio lessons / English / Grade 4 Term 2 Primary Education / Grade 4 / Radio lessons / English / Grade 4 Term 3 Primary Education / Grade 4 / Radio lessons / Hygiene and Nutrition Primary Education / Grade 4 / Radio lessons / Hygiene and Nutrition / Grade 4 Term 1 Primary Education / Grade 4 / Radio lessons / IRE Primary Education / Grade 4 / Radio lessons / IRE / Grade 4 Term 2 Primary Education / Grade 4 / Radio lessons / Science and Technology Primary Education / Grade 4 / Radio lessons / Science and Technology / Grade 4 Term 3 Primary Education / Grade 4 / Radio lessons / Agriculture Primary Education / Grade 4 / Radio lessons / Agriculture / Grade 4 Term 3 Primary Education / Grade 4 / Radio lessons / Mathematics Primary Education / Grade 4 / Radio lessons / Mathematics / Grade 4 Term 3 Primary Education / Grade 4 / SNE Primary Education / Grade 4 / Interactive Digital Content Primary Education / Grade 5 Primary Education / Grade 5 / Educhannel Tv Lessons Primary Education / Grade 5 / Educhannel Tv Lessons / English Primary Education / Grade 5 / Educhannel Tv Lessons / Kiswahili Primary Education / Grade 5 / Educhannel Tv Lessons / Mathematics Primary Education / Grade 5 / Radio Lessons Primary Education / Grade 5 / Radio Lessons / English Primary Education / Grade 5 / Radio Lessons / Science and Technology Primary Education / Grade 5 / Radio Lessons / Agriculture Primary Education / Grade 5 / Radio Lessons / Social studies Primary Education / Grade 5 / Radio Lessons / Christian Religious Education Primary Education / Grade 5 / Radio Lessons / Mathematics Primary Education / Grade 5 / Interactive Digital Content Primary Education / Grade 6 Primary Education / Grade 6 / Radio Lessons Primary Education / Grade 6 / Radio Lessons / CRE Primary Education / Grade 6 / Radio Lessons / Social Studies Primary Education / Grade 6 / Radio Lessons / Science Primary Education / Grade 6 / Radio Lessons / Kiswahili Primary Education / Grade 6 / Radio Lessons / English Primary Education / Grade 6 / Radio Lessons / Mathematics Primary Education / Grade 6 / Educhannel TV Lessons Primary Education / Grade 6 / Educhannel TV Lessons / Kiswahili Primary Education / Grade 6 / Educhannel TV Lessons / Agriculture Primary Education / Grade 6 / Educhannel TV Lessons / Art and Craft Primary Education / Grade 6 / Educhannel TV Lessons / English Primary Education / Grade 6 / Educhannel TV Lessons / Home Science Primary Education / Grade 6 / Educhannel TV Lessons / Music Primary Education / Grade 6 / Educhannel TV Lessons / Science and technology Primary Education / Grade 6 / Educhannel TV Lessons / Physical health education Primary Education / Grade 6 / Interactive Digital Content Junior School Junior School / Grade 8 Junior School / Grade 8 / Educhannel Tv Lessons Junior School / Grade 8 / Radio Lessons Junior School / Grade 8 / Interactive Digital Content Junior School / Grade 7 Junior School / Grade 7 / Educhannel TV lessons Junior School / Grade 7 / Radio Lessons Junior School / Grade 7 / Radio Lessons / Mathematics Junior School / Grade 7 / Radio Lessons / Kiswahili Junior School / Grade 7 / Radio Lessons / English Junior School / Grade 7 / Radio Lessons / Christian Religious Education Junior School / Grade 7 / Radio Lessons / Integrated Science Junior School / Grade 7 / Radio Lessons / Social Studies Junior School / Grade 7 / Radio Lessons / Pre-Technical Studies Junior School / Grade 7 / Interactive Digital Content Secondary Education Secondary Education / Form 1 Secondary Education / Form 1 / Interactive Digital Content Secondary Education / Form 1 / Educhannel Tv Lessons Secondary Education / Form 1 / Educhannel Tv Lessons / Mathematics Secondary Education / Form 1 / Educhannel Tv Lessons / English Secondary Education / Form 1 / Educhannel Tv Lessons / Physics Secondary Education / Form 1 / Educhannel Tv Lessons / Biology Secondary Education / Form 1 / Educhannel Tv Lessons / Chemistry Secondary Education / Form 1 / Educhannel Tv Lessons / Kiswahili Secondary Education / Form 1 / Educhannel Tv Lessons / History and Government Secondary Education / Form 1 / Educhannel Tv Lessons / Business Studies Secondary Education / Form 1 / Radio Lessons Secondary Education / Form 1 / Ebooks Secondary Education / Form 2 Secondary Education / Form 2 / Interactive Digital Content Secondary Education / Form 2 / Educhannel Tv Lessons Secondary Education / Form 2 / Educhannel Tv Lessons / Physics Secondary Education / Form 2 / Radio Lessons Secondary Education / Form 2 / Radio Lessons / Biology Secondary Education / Form 3 Secondary Education / Form 3 / Interactive Digital Content Secondary Education / Form 3 / Educhannel Tv Lessons Secondary Education / Form 3 / Educhannel Tv Lessons / Mathematics Secondary Education / Form 3 / Educhannel Tv Lessons / English Secondary Education / Form 3 / Educhannel Tv Lessons / Kiswahili Secondary Education / Form 3 / Educhannel Tv Lessons / Biology Secondary Education / Form 3 / Educhannel Tv Lessons / Chemistry Secondary Education / Form 3 / Educhannel Tv Lessons / Physics Secondary Education / Form 3 / Educhannel Tv Lessons / Business Studies Secondary Education / Form 3 / Educhannel Tv Lessons / History and Government Secondary Education / Form 3 / Radio Lessons Secondary Education / Form 4 Secondary Education / Form 4 / Interactive Digital Content Secondary Education / Form 4 / Educhannel Tv Lessons Secondary Education / Form 4 / Educhannel Tv Lessons / Form 4 Mathematics Secondary Education / Form 4 / Educhannel Tv Lessons / Form 4 English Secondary Education / Form 4 / Educhannel Tv Lessons / Form 4 Physics Secondary Education / Form 4 / Educhannel Tv Lessons / Form 4 Biology Secondary Education / Form 4 / Educhannel Tv Lessons / Form 4 Kiswahili Secondary Education / Form 4 / Educhannel Tv Lessons / Form 4 Chemistry Secondary Education / Form 4 / Educhannel Tv Lessons / Form 4 History and Government Secondary Education / Form 4 / Educhannel Tv Lessons / Form 4 Business Studies Secondary Education / Form 4 / Radio Lessons Secondary Education / Form 4 / Radio Lessons / Mathematics Secondary Education / Form 4 / Radio Lessons / Mathematics / Form 4 Term 1 Secondary Education / Form 4 / Radio Lessons / Mathematics / Form 4 Term 2 Secondary Education / Form 4 / Radio Lessons / Mathematics / Form 4 Term 3 General Knowledge General Knowledge / VOA Connect General Knowledge / Ask the expert General Knowledge / Citizenship and Democracy General Knowledge / Digital Story General Knowledge / Impacted Educhannel Lessons Educhannel Lessons / English Educhannel Lessons / English / Transport and travel Educhannel Lessons / English / Pronunciation skills Educhannel Lessons / English / Listening and speaking Educhannel Lessons / English / Family Educhannel Lessons / English / Environment Educhannel Lessons / English / Drug and Substance Educhannel Lessons / Agriculture Educhannel Lessons / Biology Educhannel Lessons / Biology / Living Things Educhannel Lessons / Biology / Secretion and homeostasis Educhannel Lessons / Biology / Support and movement Educhannel Lessons / Business Studies Educhannel Lessons / Chemistry Educhannel Lessons / Earth Movement and Volcanicity Educhannel Lessons / Environmental Activities Educhannel Lessons / Geograpghy Educhannel Lessons / History Educhannel Lessons / History / Kenyan History Educhannel Lessons / Homescience Educhannel Lessons / Homescience / Basic care clothing Educhannel Lessons / Kiswahili Educhannel Lessons / Kiswahili / Primary Educhannel Lessons / Kiswahili / Primary / Darasa 4-5 Educhannel Lessons / Kiswahili / Secondary Educhannel Lessons / Kiswahili / Secondary / Isimu Jamii Educhannel Lessons / Kiswahili / Secondary / Sarufi Educhannel Lessons / Mathematics Educhannel Lessons / Mathematics / Secondary Educhannel Lessons / Mathematics / Secondary / Commercial Arithmetics Educhannel Lessons / Mathematics / Primary Educhannel Lessons / Mathematics / Primary / Class 5-8 Educhannel Lessons / Mathematics / Primary / Class 5-8 / Practical uses of Money Educhannel Lessons / Mathematics / Primary / Class 5-8 / Measurement Educhannel Lessons / Organic Chemistry Educhannel Lessons / Performing Music Educhannel Lessons / Homescience Educhannel Lessons / Homescience / Basic care of clothing Educhannel Lessons / Art and Craft Educhannel Lessons / Physics Educhannel Lessons / Physics / Thermodynamics Educhannel Lessons / Physics / Mechanics Educhannel Lessons / Physics / Electricity and Magnetism Educhannel Lessons / The Doyen Exposition Educhannel Lessons / Science Educhannel Lessons / Science / Making work easier Educhannel Lessons / Science / Living Things Educhannel Lessons / Science / Energy conservation Educhannel Lessons / Physical and Health Education Educhannel Lessons / Physical and Health Education / Grade 1-4 Open Education Resourses(OERs) Open Education Resourses(OERs) / Movement and Creative Activities Open Education Resourses(OERs) / 	Religious Education Activities Open Education Resourses(OERs) / Mathematical Activities Open Education Resourses(OERs) / Environmental Activities Open Education Resourses(OERs) / Kiswahili Language Open Education Resourses(OERs) / LTK | Concordia University Open Education Resourses(OERs) / Hygiene and Nutrition Open Education Resourses(OERs) / ENGLISH LANGUAGE ACTIVITIES Open Education Resourses(OERs) / Casio Materials Open Education Resourses(OERs) / Health Education Open Education Resourses(OERs) / Carbon Literacy Special Needs Education Special Needs Education / Grade 1 Special Needs Education / Grade 1 / Adapted Interactive Digital Content for Hearing Impaired(HI) Special Needs Education / Grade 1 / Adapted Interactive Digital Content for Hearing Impaired(HI) / English Activities Special Needs Education / Grade 1 / Adapted Interactive Digital Content for Hearing Impaired(HI) / Environmental Activities Special Needs Education / Grade 1 / Adapted Interactive Digital Content for Hearing Impaired(HI) / Creative Activities Special Needs Education / Grade 1 / Adapted Interactive Digital Content for Visual Impaired(VI) Special Needs Education / Grade 2 Special Needs Education / Grade 2 / Adapted Interactive Digital Content for Hearing Impaired(HI) Special Needs Education / Grade 2 / Adapted Interactive Digital Content for Hearing Impaired(HI) / Mathematics Grade 2 Special Needs Education / Grade 2 / Adapted Interactive Digital Content for Hearing Impaired(HI) / Environmental Activities Grade 2 Special Needs Education / Grade 2 / Adapted Interactive Digital Content for Hearing Impaired(HI) / Hygiene and Nutrition Grade 2 Special Needs Education / Grade 2 / Adapted Interactive Digital Content for Hearing Impaired(HI) / Christian Religious Education Grade 2 (HI) Special Needs Education / Grade 2 / Adapted Interactive Digital Content for Hearing Impaired(HI) / Literacy Activities Grade2 (HI) Special Needs Education / Grade 2 / Adapted Interactive Digital Content for Hearing Impaired(HI) / English Activities Grad2 H.I Special Needs Education / Grade 2 / Adapted Interactive Digital Content for Hearing Impaired(HI) / Creative Activities Grade2 -H.I Special Needs Education / Grade 2 / Adapted Interactive Digital Content for Visual Impaired(VI) Special Needs Education / Grade 2 / Adapted Interactive Digital Content for Visual Impaired(VI) / Mathematics Special Needs Education / Grade 2 / Adapted Interactive Digital Content for Visual Impaired(VI) / Kiswahili Special Needs Education / Grade 2 / Adapted Interactive Digital Content for Visual Impaired(VI) / English Special Needs Education / Grade 2 / Adapted Interactive Digital Content for Visual Impaired(VI) / Creative Activities Special Needs Education / Grade 2 / Adapted Interactive Digital Content for Visual Impaired(VI) / CRE Special Needs Education / Grade 3 Special Needs Education / Grade 3 / Adapted Interactive Digital Content for Learners with Hearing Impairment (HI) Special Needs Education / Grade 3 / Adapted Interactive Digital Content for Learners with Hearing Impairment (HI) / Visual Arts Special Needs Education / Grade 3 / Adapted Interactive Digital Content for Learners with Hearing Impairment (HI) / English Special Needs Education / Grade 3 / Adapted Interactive Digital Content for Learners with Hearing Impairment (HI) / Hygiene and Nutrition Special Needs Education / Grade 3 / Adapted Interactive Digital Content for Learners with Hearing Impairment (HI) / Music Special Needs Education / Grade 3 / Adapted Interactive Digital Content for Learners with Hearing Impairment (HI) / Mathematics Special Needs Education / Grade 3 / Adapted Interactive Digital Content for Learners with Hearing Impairment (HI) / Environmental Special Needs Education / Grade 3 / Adapted Interactive Digital Content for Learners with Hearing Impairment (HI) / CRE Special Needs Education / Grade 3 / Adapted Interactive Digital Content for Learners with Visual Impairment (VI) Special Needs Education / Grade 3 / Adapted Interactive Digital Content for Learners with Visual Impairment (VI) / Music Special Needs Education / Grade 3 / Adapted Interactive Digital Content for Learners with Visual Impairment (VI) / Mathematics Special Needs Education / Grade 3 / Adapted Interactive Digital Content for Learners with Visual Impairment (VI) / Visual Arts Special Needs Education / Grade 3 / Adapted Interactive Digital Content for Learners with Visual Impairment (VI) / Kiswahili Special Needs Education / Grade 3 / Adapted Interactive Digital Content for Learners with Visual Impairment (VI) / Hygiene and Nutrition Special Needs Education / Grade 3 / Adapted Interactive Digital Content for Learners with Visual Impairment (VI) / Environmental Special Needs Education / Grade 3 / Adapted Interactive Digital Content for Learners with Visual Impairment (VI) / English Special Needs Education / Grade 3 / Adapted Interactive Digital Content for Learners with Visual Impairment (VI) / CRE Special Needs Education / Grade 4 Special Needs Education / Grade 4 / Adapted Interactive Digital Content for Learners with Hearing Impairment (HI) Special Needs Education / Grade 4 / Adapted Interactive Digital Content for Learners with Hearing Impairment (HI) / Mathematics Special Needs Education / Grade 4 / Adapted Interactive Digital Content for Learners with Hearing Impairment (HI) / English Special Needs Education / Grade 4 / Adapted Interactive Digital Content for Learners with Hearing Impairment (HI) / Science and Technology Special Needs Education / Grade 4 / Adapted Interactive Digital Content for Learners with Hearing Impairment (HI) / Agriculture Special Needs Education / Grade 4 / Adapted Interactive Digital Content for Learners with Hearing Impairment (HI) / Social Studies Special Needs Education / Grade 4 / Adapted Interactive Digital Content for Learners with Hearing Impairment (HI) / Home Science Special Needs Education / Grade 4 / Adapted Interactive Digital Content for Learners with Hearing Impairment (HI) / Art and Craft Special Needs Education / Grade 4 / Adapted Interactive Digital Content for Learners with Hearing Impairment (HI) / Music Special Needs Education / Grade 4 / Adapted Interactive Digital Content for Learners with Hearing Impairment (HI) / Christian Religious Education (CRE) Special Needs Education / Grade 4 / Adapted Interactive Digital Content for Learners with Visual Impairment (VI) Special Needs Education / Grade 4 / Adapted Interactive Digital Content for Learners with Visual Impairment (VI) / Mathematics Special Needs Education / Grade 4 / Adapted Interactive Digital Content for Learners with Visual Impairment (VI) / English Special Needs Education / Grade 4 / Adapted Interactive Digital Content for Learners with Visual Impairment (VI) / Kiswahili Special Needs Education / Grade 4 / Adapted Interactive Digital Content for Learners with Visual Impairment (VI) / Science and Technology Special Needs Education / Grade 4 / Adapted Interactive Digital Content for Learners with Visual Impairment (VI) / Agriculture Special Needs Education / Grade 4 / Adapted Interactive Digital Content for Learners with Visual Impairment (VI) / Social Studies Special Needs Education / Grade 4 / Adapted Interactive Digital Content for Learners with Visual Impairment (VI) / Home Science Special Needs Education / Grade 4 / Adapted Interactive Digital Content for Learners with Visual Impairment (VI) / Art and Craft Special Needs Education / Grade 4 / Adapted Interactive Digital Content for Learners with Visual Impairment (VI) / Christian Religious Education (CRE) Special Needs Education / Grade 4 / Adapted Interactive Digital Content for Learners with Visual Impairment (VI) / Music Special Needs Education / Grade 5 Special Needs Education / Grade 5 / Adapted Interactive Digital Content for Learners with Hearing Impairment (HI) Special Needs Education / Grade 5 / Adapted Interactive Digital Content for Learners with Hearing Impairment (HI) / English Special Needs Education / Grade 5 / Adapted Interactive Digital Content for Learners with Hearing Impairment (HI) / Christian Religious Education Special Needs Education / Grade 5 / Adapted Interactive Digital Content for Learners with Hearing Impairment (HI) / Social Studies Special Needs Education / Grade 5 / Adapted Interactive Digital Content for Learners with Hearing Impairment (HI) / Agriculture and Nutrition Special Needs Education / Grade 5 / Adapted Interactive Digital Content for Learners with Hearing Impairment (HI) / Creative Arts Special Needs Education / Grade 5 / Adapted Interactive Digital Content for Learners with Hearing Impairment (HI) / Mathematics Special Needs Education / Grade 5 / Adapted Interactive Digital Content for Learners with Hearing Impairment (HI) / Science and Technology Special Needs Education / Grade 5 / Adapted Interactive Digital Content for Learners with Hearing Impairment (HI) / Islamic Religious Education Special Needs Education / Grade 5 / Adapted Interactive Digital Content for Learners with Visual Impairment (VI) Special Needs Education / Grade 5 / Adapted Interactive Digital Content for Learners with Visual Impairment (VI) / Creative Arts Special Needs Education / Grade 5 / Adapted Interactive Digital Content for Learners with Visual Impairment (VI) / Social Studies Special Needs Education / Grade 5 / Adapted Interactive Digital Content for Learners with Visual Impairment (VI) / Kiswahili Special Needs Education / Grade 5 / Adapted Interactive Digital Content for Learners with Visual Impairment (VI) / Christian Religious Education Special Needs Education / Grade 5 / Adapted Interactive Digital Content for Learners with Visual Impairment (VI) / Science and Technology Special Needs Education / Grade 5 / Adapted Interactive Digital Content for Learners with Visual Impairment (VI) / Agriculture and Nutrition Special Needs Education / Grade 5 / Adapted Interactive Digital Content for Learners with Visual Impairment (VI) / Islamic Religious Education Special Needs Education / Grade 5 / Adapted Interactive Digital Content for Learners with Visual Impairment (VI) / Mathematics Special Needs Education / Grade 5 / Adapted Interactive Digital Content for Learners with Visual Impairment (VI) / English Special Needs Education / Grade 6 Special Needs Education / Grade 6 / Adapted Interactive Digital Content for Learners with Hearing Impairment (HI) Special Needs Education / Grade 6 / Adapted Interactive Digital Content for Learners with Hearing Impairment (HI) / Science and Technology Special Needs Education / Grade 6 / Adapted Interactive Digital Content for Learners with Hearing Impairment (HI) / Christian Religious Education Special Needs Education / Grade 6 / Adapted Interactive Digital Content for Learners with Hearing Impairment (HI) / Creative Arts Special Needs Education / Grade 6 / Adapted Interactive Digital Content for Learners with Hearing Impairment (HI) / Islamic Religious Education Special Needs Education / Grade 6 / Adapted Interactive Digital Content for Learners with Hearing Impairment (HI) / English Special Needs Education / Grade 6 / Adapted Interactive Digital Content for Learners with Hearing Impairment (HI) / Social Studies Special Needs Education / Grade 6 / Adapted Interactive Digital Content for Learners with Hearing Impairment (HI) / Agriculture Special Needs Education / Grade 6 / Adapted Interactive Digital Content for Learners with Hearing Impairment (HI) / Mathematics Special Needs Education / Grade 6 / Adapted Interactive Digital Content for Learners with Visual Impairment (VI) Special Needs Education / Grade 6 / Adapted Interactive Digital Content for Learners with Visual Impairment (VI) / Christian Religious Education Special Needs Education / Grade 6 / Adapted Interactive Digital Content for Learners with Visual Impairment (VI) / Kiswahili Special Needs Education / Grade 6 / Adapted Interactive Digital Content for Learners with Visual Impairment (VI) / English Special Needs Education / Grade 6 / Adapted Interactive Digital Content for Learners with Visual Impairment (VI) / Creative Arts Special Needs Education / Grade 6 / Adapted Interactive Digital Content for Learners with Visual Impairment (VI) / Mathematics Special Needs Education / Grade 6 / Adapted Interactive Digital Content for Learners with Visual Impairment (VI) / Science and Technology Special Needs Education / Grade 6 / Adapted Interactive Digital Content for Learners with Visual Impairment (VI) / Islamic Religious Education Special Needs Education / Grade 6 / Adapted Interactive Digital Content for Learners with Visual Impairment (VI) / Social Studies Special Needs Education / Grade 6 / Adapted Interactive Digital Content for Learners with Visual Impairment (VI) / Agriculture and Nutrition Special Needs Education / Ebooks Special Needs Education / Videos Special Needs Education / Foundational and Stage-Based Special Needs Education / Prevocational Level Special Needs Education / Prevocational Level / Music Special Needs Education / Prevocational Level / Hindu Religious Education Special Needs Education / Prevocational Level / Christian Religious Education Special Needs Education / Prevocational Level / Physical Education Special Needs Education / Prevocational Level / Islamic Religious Education Special Needs Education / Prevocational Level / Social Studies Special Needs Education / Prevocational Level / Prevocational Skills 1 Special Needs Education / Prevocational Level / Prevocational Skills 2 Special Needs Education / Prevocational Level / Prevocational Skills 3 Accessible Digital Textbooks Interactive Simulations for Sciences and Mathematics Interactive Simulations for Sciences and Mathematics / Physics Interactive Simulations for Sciences and Mathematics / Chemistry Interactive Simulations for Sciences and Mathematics / Mathematics Information, Education and Communication(IEC) Materials Information, Education and Communication(IEC) Materials / Child Online Safety Information, Education and Communication(IEC) Materials / Child Road Safety Information, Education and Communication(IEC) Materials / Child Road Safety / Integration Matrices Information, Education and Communication(IEC) Materials / Child Road Safety / Integration Matrices / Early Years Education Information, Education and Communication(IEC) Materials / Child Road Safety / Integration Matrices / Upper Primary Information, Education and Communication(IEC) Materials / Child Road Safety / Integration Matrices / Junior School Information, Education and Communication(IEC) Materials / Child Road Safety / Integration Matrices / Senior School Information, Education and Communication(IEC) Materials / Child Road Safety / Information, Education and Communication(IEC) Materials on Child Road Safety Information, Education and Communication(IEC) Materials / Child Road Safety / Information, Education and Communication(IEC) Materials on Child Road Safety / Early Years Education Information, Education and Communication(IEC) Materials / Child Road Safety / Information, Education and Communication(IEC) Materials on Child Road Safety / Upper Primary Information, Education and Communication(IEC) Materials / Child Road Safety / Information, Education and Communication(IEC) Materials on Child Road Safety / Junior School Information, Education and Communication(IEC) Materials / Child Road Safety / Information, Education and Communication(IEC) Materials on Child Road Safety / Senior School Information, Education and Communication(IEC) Materials / Child Road Safety / Teacher's Handbook Information, Education and Communication(IEC) Materials / Financial Literacy Learners’ Toolkit Teacher Resources Teacher Resources / Educational Resources Materials Development Teacher Resources / Educational Resources Materials Development / CRE Teacher Resources / Educational Resources Materials Development / English Teacher Resources / Educational Resources Materials Development / Environment Teacher Resources / Educational Resources Materials Development / Foundations Teacher Resources / Educational Resources Materials Development / H.R.E Teacher Resources / Educational Resources Materials Development / Hygiene and Nutrition Teacher Resources / Educational Resources Materials Development / I.R.E Teacher Resources / Educational Resources Materials Development / Kiswahili Teacher Resources / Educational Resources Materials Development / Language Activities Teacher Resources / Educational Resources Materials Development / Literacy Skills Teacher Resources / Educational Resources Materials Development / Mathematics Teacher Resources / Educational Resources Materials Development / Movements and Arts Teacher Resources / Pre-Primary Teacher Radio Programmes Teacher Resources / CBC Courses Teacher Resources / Special Needs Educations Teacher Resources / Interactive Digital Content for Teacher Education Teacher Resources / Interactive Digital Content for Teacher Education / English Teacher Resources / Interactive Digital Content for Teacher Education / Music Teacher Resources / Interactive Digital Content for Teacher Education / Christian Religious Education Teacher Resources / Interactive Digital Content for Teacher Education / Art and Craft Teacher Resources / Interactive Digital Content for Teacher Education / Indigenous Languages Teacher Resources / Interactive Digital Content for Teacher Education / Home science Teacher Resources / Interactive Digital Content for Teacher Education / Science and Technology Teacher Resources / Interactive Digital Content for Teacher Education / Islamic Religious Education Teacher Resources / Interactive Digital Content for Teacher Education / Mandarin Teacher Resources / Interactive Digital Content for Teacher Education / Agriculture Teacher Resources / Interactive Digital Content for Teacher Education / Mathematics Teacher Resources / Interactive Digital Content for Teacher Education / French Teacher Resources / Interactive Digital Content for Teacher Education / Hindu Religious Education Teacher Resources / Interactive Digital Content for Teacher Education / Social Studies Teacher Resources / Interactive Digital Content for Teacher Education / Kiswahili Teacher Resources / Interactive Digital Content for Teacher Education / Physical Education Teacher Resources / Interactive Digital Content for Teacher Education / Arabic Parental Resources Financial Literacy Financial Literacy / Financial Literacy for Junior School Financial Literacy / Financial Literacy for Junior School / Taxation Financial Literacy / Financial Literacy for Senior School Financial Literacy / Financial Literacy for Senior School / Taxation Open Educational Resources (OER) are teaching, learning and research materials in any medium – digital or otherwise – that reside in the public domain or have been released under an open license that permits no-cost access, use, adaptation and redistribution by others with no or limited restrictions. OER form part of ‘Open Solutions’, alongside Free and Open Source software (FOSS), Open Access (OA), Open Data (OD) and crowdsourcing platforms. OER are generally offered with Creative Commons licenses that allow the content to be freely reused and remixed with attribution to the original author.Examples of OER include learning content (such as lesson plans, assignments, textbooks, exams, and videos) as well as tools for learning (like software for creating videos and websites, course management systems, and training materials). Search lessons Search Expand allMovement and Creative Activities	Religious Education ActivitiesMathematical ActivitiesEnvironmental ActivitiesKiswahili LanguageLTK | Concordia UniversityHygiene and NutritionENGLISH LANGUAGE ACTIVITIESCasio MaterialsHealth EducationCarbon Literacy Home Pre-primary Pre-Primary 1 Pre-Primary 2 Primary Grade 1 Grade 2 Grade 3 Grade 4 Grade 5 Grade 6 Secondary Grade 7 Grade 8 Form 1 Form 2 Form 3 Form 4 OER's SNE The Kenya Education Cloud (KEC) is a digital platform designed to enhance teaching and learning in Kenya by providing a wide range of digital educational resources. Serving as a centralized hub for e-learning, it promotes access to interactive content, supports modern pedagogical methods, and fosters collaboration among educators and learners. External Links Ministry of Education Kenya National Examinations Council Teachers Service Commission Kenya Kenya Institute of Special Education (KISE) ICT Authority TVET Authority Elimika Additional Resources Accessible Digital Textbook (ADT) Curriculum Reports Parental Resources Child Online Protection Guidelines Our Contacts Kenya Institute of Curriculum DevelopmentDesai Rd, Off Muranga Rd,Nairobi, Kenya. Telephone Contacts+254 729327331 +254 729327334 Email Addressinfo@kicd.ac.ke Kenya Education Cloud © 2024. All rights reserved. Privacy Policy Terms & Conditions (Login) Data retention summary","['mathematics', 'english', 'kiswahili', 'biology', 'chemistry', 'physics', 'geography', 'history', 'business', 'computer', 'agriculture', 'home_science', 'art', 'music', 'physical_education', 'religious_education']",form_1,cbc,[],2025-09-08T00:48:57.679692,unknown,,,,
https://lms.kec.ac.ke/course/index.php?categoryid=546,Teacher Resources,"Kenya Education Cloud is your ultimate digital learning hub, providing access to curated e-learning resources, educational tools, and innovative content for students, teachers, and institutions.","Teacher Resources Home Lessons Teacher Resources Lesson categories: Pre-Primary Pre-Primary / Radio Lessons Pre-Primary / Educhannel Video Lessons Pre-Primary / Educhannel Video Lessons / Language Activities Pre-Primary / Educhannel Video Lessons / Mathematics Pre-Primary / Educhannel Video Lessons / Our School Pre-Primary / Educhannel Video Lessons / Picture Making Pre-Primary / Educhannel Video Lessons / Social Environment Pre-Primary / Educhannel Video Lessons / Pre-Primary 1 Pre-Primary / Educhannel Video Lessons / Pre-Primary 2 Pre-Primary / Interactive digital Content Pre-Primary / Ebooks Primary Education Primary Education / Grade 1 Primary Education / Grade 1 / Educhannel TV Lessons Primary Education / Grade 1 / Educhannel TV Lessons / English Primary Education / Grade 1 / Educhannel TV Lessons / Mathematics Primary Education / Grade 1 / Educhannel TV Lessons / Kiswahili Primary Education / Grade 1 / Educhannel TV Lessons / Kenya Sign Language(KSL) Primary Education / Grade 1 / Educhannel TV Lessons / Hygiene and nutrition Primary Education / Grade 1 / Educhannel TV Lessons / Environmental Activities Primary Education / Grade 1 / Interactive Digital Content Primary Education / Grade 1 / Radio Lessons Primary Education / Grade 1 / Radio Lessons / Mathematics Primary Education / Grade 1 / Radio Lessons / Mathematics / Grade 1 Term 2 Primary Education / Grade 1 / Radio Lessons / Mathematics / Grade 1 Term 3 Primary Education / Grade 1 / Radio Lessons / Kiswahili Primary Education / Grade 1 / Radio Lessons / Kiswahili / Grade 1 Term 2 Primary Education / Grade 1 / Radio Lessons / Kiswahili / Grade 1 Term 3 Primary Education / Grade 1 / Radio Lessons / English Primary Education / Grade 1 / Radio Lessons / English / Grade 1 Term 2 Primary Education / Grade 1 / Radio Lessons / English / Grade 1 Term 3 Primary Education / Grade 1 / Ebooks Primary Education / Grade 1 / Ebooks / Tusome readers Primary Education / Grade 1 / Ebooks / Indigenous Languages Primary Education / Grade 2 Primary Education / Grade 2 / Interactive Digital Content Primary Education / Grade 2 / Educhannel Tv Lessons Primary Education / Grade 2 / Educhannel Tv Lessons / Mathematics Primary Education / Grade 2 / Educhannel Tv Lessons / English Primary Education / Grade 2 / Radio Lessons Primary Education / Grade 2 / Radio Lessons / Mathematics Primary Education / Grade 2 / Radio Lessons / Mathematics / Grade 2 Term 2 Primary Education / Grade 2 / Radio Lessons / English Primary Education / Grade 2 / Radio Lessons / English / Grade 2 Term 2 Primary Education / Grade 2 / Radio Lessons / English / Grade 2 Term 3 Primary Education / Grade 2 / Radio Lessons / Kiswahili Primary Education / Grade 2 / Radio Lessons / Kiswahili / Grade 2 Term 3 Primary Education / Grade 2 / Hygiene and Nutrition Primary Education / Grade 2 / Hygiene and Nutrition / Grade 2 Term 2 Primary Education / Grade 2 / E-books Primary Education / Grade 2 / E-books / Tusome Readers Primary Education / Grade 3 Primary Education / Grade 3 / Radio Lessons Primary Education / Grade 3 / Radio Lessons / Mathematics Primary Education / Grade 3 / Radio Lessons / Mathematics / Grade 3 Term 2 Primary Education / Grade 3 / Radio Lessons / Mathematics / Grade 3 Term 3 Primary Education / Grade 3 / Radio Lessons / English Primary Education / Grade 3 / Radio Lessons / English / Grade 3 Term 2 Primary Education / Grade 3 / Radio Lessons / English / Grade 3 Term 3 Primary Education / Grade 3 / Radio Lessons / Environmental Activities Primary Education / Grade 3 / Radio Lessons / Environmental Activities / Grade 3 Term 2 Primary Education / Grade 3 / Radio Lessons / Kiswahili Primary Education / Grade 3 / Radio Lessons / Kiswahili / Grade 3 Term 3 Primary Education / Grade 3 / Educhannel TV Lessons Primary Education / Grade 3 / Educhannel TV Lessons / Mathematics Primary Education / Grade 3 / Educhannel TV Lessons / English Primary Education / Grade 3 / Educhannel TV Lessons / Kiswahili Primary Education / Grade 3 / Educhannel TV Lessons / Hygiene and Nutrition Primary Education / Grade 3 / Educhannel TV Lessons / Environmental Activities Primary Education / Grade 3 / Interactive Digital Content Primary Education / Grade 3 / EBooks Primary Education / Grade 3 / Tusome English Video Lessons Primary Education / Grade 3 / Tusome English Video Lessons / Tusome English Grade 3 Lessons Primary Education / Grade 4 Primary Education / Grade 4 / Educhannel Tv Lessons Primary Education / Grade 4 / Educhannel Tv Lessons / Home Science Primary Education / Grade 4 / Educhannel Tv Lessons / Agriculture Primary Education / Grade 4 / Educhannel Tv Lessons / Music Primary Education / Grade 4 / Educhannel Tv Lessons / Physical Education Primary Education / Grade 4 / Educhannel Tv Lessons / Art and Craft Primary Education / Grade 4 / Educhannel Tv Lessons / Kenya Sign Language Primary Education / Grade 4 / Educhannel Tv Lessons / Mathematics Primary Education / Grade 4 / Educhannel Tv Lessons / Science and Technology Primary Education / Grade 4 / Educhannel Tv Lessons / Social Studies Primary Education / Grade 4 / Educhannel Tv Lessons / English Primary Education / Grade 4 / Educhannel Tv Lessons / Kiswahili Primary Education / Grade 4 / Educhannel Tv Lessons / Environmental Activity Primary Education / Grade 4 / Radio lessons Primary Education / Grade 4 / Radio lessons / Social Studies Primary Education / Grade 4 / Radio lessons / Social Studies / Grade 4 Term 2 Primary Education / Grade 4 / Radio lessons / Social Studies / Grade 4 Term 3 Primary Education / Grade 4 / Radio lessons / CRE Primary Education / Grade 4 / Radio lessons / CRE / Grade 4 Term 2 Primary Education / Grade 4 / Radio lessons / English Primary Education / Grade 4 / Radio lessons / English / Grade 4 Term 2 Primary Education / Grade 4 / Radio lessons / English / Grade 4 Term 3 Primary Education / Grade 4 / Radio lessons / Hygiene and Nutrition Primary Education / Grade 4 / Radio lessons / Hygiene and Nutrition / Grade 4 Term 1 Primary Education / Grade 4 / Radio lessons / IRE Primary Education / Grade 4 / Radio lessons / IRE / Grade 4 Term 2 Primary Education / Grade 4 / Radio lessons / Science and Technology Primary Education / Grade 4 / Radio lessons / Science and Technology / Grade 4 Term 3 Primary Education / Grade 4 / Radio lessons / Agriculture Primary Education / Grade 4 / Radio lessons / Agriculture / Grade 4 Term 3 Primary Education / Grade 4 / Radio lessons / Mathematics Primary Education / Grade 4 / Radio lessons / Mathematics / Grade 4 Term 3 Primary Education / Grade 4 / SNE Primary Education / Grade 4 / Interactive Digital Content Primary Education / Grade 5 Primary Education / Grade 5 / Educhannel Tv Lessons Primary Education / Grade 5 / Educhannel Tv Lessons / English Primary Education / Grade 5 / Educhannel Tv Lessons / Kiswahili Primary Education / Grade 5 / Educhannel Tv Lessons / Mathematics Primary Education / Grade 5 / Radio Lessons Primary Education / Grade 5 / Radio Lessons / English Primary Education / Grade 5 / Radio Lessons / Science and Technology Primary Education / Grade 5 / Radio Lessons / Agriculture Primary Education / Grade 5 / Radio Lessons / Social studies Primary Education / Grade 5 / Radio Lessons / Christian Religious Education Primary Education / Grade 5 / Radio Lessons / Mathematics Primary Education / Grade 5 / Interactive Digital Content Primary Education / Grade 6 Primary Education / Grade 6 / Radio Lessons Primary Education / Grade 6 / Radio Lessons / CRE Primary Education / Grade 6 / Radio Lessons / Social Studies Primary Education / Grade 6 / Radio Lessons / Science Primary Education / Grade 6 / Radio Lessons / Kiswahili Primary Education / Grade 6 / Radio Lessons / English Primary Education / Grade 6 / Radio Lessons / Mathematics Primary Education / Grade 6 / Educhannel TV Lessons Primary Education / Grade 6 / Educhannel TV Lessons / Kiswahili Primary Education / Grade 6 / Educhannel TV Lessons / Agriculture Primary Education / Grade 6 / Educhannel TV Lessons / Art and Craft Primary Education / Grade 6 / Educhannel TV Lessons / English Primary Education / Grade 6 / Educhannel TV Lessons / Home Science Primary Education / Grade 6 / Educhannel TV Lessons / Music Primary Education / Grade 6 / Educhannel TV Lessons / Science and technology Primary Education / Grade 6 / Educhannel TV Lessons / Physical health education Primary Education / Grade 6 / Interactive Digital Content Junior School Junior School / Grade 8 Junior School / Grade 8 / Educhannel Tv Lessons Junior School / Grade 8 / Radio Lessons Junior School / Grade 8 / Interactive Digital Content Junior School / Grade 7 Junior School / Grade 7 / Educhannel TV lessons Junior School / Grade 7 / Radio Lessons Junior School / Grade 7 / Radio Lessons / Mathematics Junior School / Grade 7 / Radio Lessons / Kiswahili Junior School / Grade 7 / Radio Lessons / English Junior School / Grade 7 / Radio Lessons / Christian Religious Education Junior School / Grade 7 / Radio Lessons / Integrated Science Junior School / Grade 7 / Radio Lessons / Social Studies Junior School / Grade 7 / Radio Lessons / Pre-Technical Studies Junior School / Grade 7 / Interactive Digital Content Secondary Education Secondary Education / Form 1 Secondary Education / Form 1 / Interactive Digital Content Secondary Education / Form 1 / Educhannel Tv Lessons Secondary Education / Form 1 / Educhannel Tv Lessons / Mathematics Secondary Education / Form 1 / Educhannel Tv Lessons / English Secondary Education / Form 1 / Educhannel Tv Lessons / Physics Secondary Education / Form 1 / Educhannel Tv Lessons / Biology Secondary Education / Form 1 / Educhannel Tv Lessons / Chemistry Secondary Education / Form 1 / Educhannel Tv Lessons / Kiswahili Secondary Education / Form 1 / Educhannel Tv Lessons / History and Government Secondary Education / Form 1 / Educhannel Tv Lessons / Business Studies Secondary Education / Form 1 / Radio Lessons Secondary Education / Form 1 / Ebooks Secondary Education / Form 2 Secondary Education / Form 2 / Interactive Digital Content Secondary Education / Form 2 / Educhannel Tv Lessons Secondary Education / Form 2 / Educhannel Tv Lessons / Physics Secondary Education / Form 2 / Radio Lessons Secondary Education / Form 2 / Radio Lessons / Biology Secondary Education / Form 3 Secondary Education / Form 3 / Interactive Digital Content Secondary Education / Form 3 / Educhannel Tv Lessons Secondary Education / Form 3 / Educhannel Tv Lessons / Mathematics Secondary Education / Form 3 / Educhannel Tv Lessons / English Secondary Education / Form 3 / Educhannel Tv Lessons / Kiswahili Secondary Education / Form 3 / Educhannel Tv Lessons / Biology Secondary Education / Form 3 / Educhannel Tv Lessons / Chemistry Secondary Education / Form 3 / Educhannel Tv Lessons / Physics Secondary Education / Form 3 / Educhannel Tv Lessons / Business Studies Secondary Education / Form 3 / Educhannel Tv Lessons / History and Government Secondary Education / Form 3 / Radio Lessons Secondary Education / Form 4 Secondary Education / Form 4 / Interactive Digital Content Secondary Education / Form 4 / Educhannel Tv Lessons Secondary Education / Form 4 / Educhannel Tv Lessons / Form 4 Mathematics Secondary Education / Form 4 / Educhannel Tv Lessons / Form 4 English Secondary Education / Form 4 / Educhannel Tv Lessons / Form 4 Physics Secondary Education / Form 4 / Educhannel Tv Lessons / Form 4 Biology Secondary Education / Form 4 / Educhannel Tv Lessons / Form 4 Kiswahili Secondary Education / Form 4 / Educhannel Tv Lessons / Form 4 Chemistry Secondary Education / Form 4 / Educhannel Tv Lessons / Form 4 History and Government Secondary Education / Form 4 / Educhannel Tv Lessons / Form 4 Business Studies Secondary Education / Form 4 / Radio Lessons Secondary Education / Form 4 / Radio Lessons / Mathematics Secondary Education / Form 4 / Radio Lessons / Mathematics / Form 4 Term 1 Secondary Education / Form 4 / Radio Lessons / Mathematics / Form 4 Term 2 Secondary Education / Form 4 / Radio Lessons / Mathematics / Form 4 Term 3 General Knowledge General Knowledge / VOA Connect General Knowledge / Ask the expert General Knowledge / Citizenship and Democracy General Knowledge / Digital Story General Knowledge / Impacted Educhannel Lessons Educhannel Lessons / English Educhannel Lessons / English / Transport and travel Educhannel Lessons / English / Pronunciation skills Educhannel Lessons / English / Listening and speaking Educhannel Lessons / English / Family Educhannel Lessons / English / Environment Educhannel Lessons / English / Drug and Substance Educhannel Lessons / Agriculture Educhannel Lessons / Biology Educhannel Lessons / Biology / Living Things Educhannel Lessons / Biology / Secretion and homeostasis Educhannel Lessons / Biology / Support and movement Educhannel Lessons / Business Studies Educhannel Lessons / Chemistry Educhannel Lessons / Earth Movement and Volcanicity Educhannel Lessons / Environmental Activities Educhannel Lessons / Geograpghy Educhannel Lessons / History Educhannel Lessons / History / Kenyan History Educhannel Lessons / Homescience Educhannel Lessons / Homescience / Basic care clothing Educhannel Lessons / Kiswahili Educhannel Lessons / Kiswahili / Primary Educhannel Lessons / Kiswahili / Primary / Darasa 4-5 Educhannel Lessons / Kiswahili / Secondary Educhannel Lessons / Kiswahili / Secondary / Isimu Jamii Educhannel Lessons / Kiswahili / Secondary / Sarufi Educhannel Lessons / Mathematics Educhannel Lessons / Mathematics / Secondary Educhannel Lessons / Mathematics / Secondary / Commercial Arithmetics Educhannel Lessons / Mathematics / Primary Educhannel Lessons / Mathematics / Primary / Class 5-8 Educhannel Lessons / Mathematics / Primary / Class 5-8 / Practical uses of Money Educhannel Lessons / Mathematics / Primary / Class 5-8 / Measurement Educhannel Lessons / Organic Chemistry Educhannel Lessons / Performing Music Educhannel Lessons / Homescience Educhannel Lessons / Homescience / Basic care of clothing Educhannel Lessons / Art and Craft Educhannel Lessons / Physics Educhannel Lessons / Physics / Thermodynamics Educhannel Lessons / Physics / Mechanics Educhannel Lessons / Physics / Electricity and Magnetism Educhannel Lessons / The Doyen Exposition Educhannel Lessons / Science Educhannel Lessons / Science / Making work easier Educhannel Lessons / Science / Living Things Educhannel Lessons / Science / Energy conservation Educhannel Lessons / Physical and Health Education Educhannel Lessons / Physical and Health Education / Grade 1-4 Open Education Resourses(OERs) Open Education Resourses(OERs) / Movement and Creative Activities Open Education Resourses(OERs) / 	Religious Education Activities Open Education Resourses(OERs) / Mathematical Activities Open Education Resourses(OERs) / Environmental Activities Open Education Resourses(OERs) / Kiswahili Language Open Education Resourses(OERs) / LTK | Concordia University Open Education Resourses(OERs) / Hygiene and Nutrition Open Education Resourses(OERs) / ENGLISH LANGUAGE ACTIVITIES Open Education Resourses(OERs) / Casio Materials Open Education Resourses(OERs) / Health Education Open Education Resourses(OERs) / Carbon Literacy Special Needs Education Special Needs Education / Grade 1 Special Needs Education / Grade 1 / Adapted Interactive Digital Content for Hearing Impaired(HI) Special Needs Education / Grade 1 / Adapted Interactive Digital Content for Hearing Impaired(HI) / English Activities Special Needs Education / Grade 1 / Adapted Interactive Digital Content for Hearing Impaired(HI) / Environmental Activities Special Needs Education / Grade 1 / Adapted Interactive Digital Content for Hearing Impaired(HI) / Creative Activities Special Needs Education / Grade 1 / Adapted Interactive Digital Content for Visual Impaired(VI) Special Needs Education / Grade 2 Special Needs Education / Grade 2 / Adapted Interactive Digital Content for Hearing Impaired(HI) Special Needs Education / Grade 2 / Adapted Interactive Digital Content for Hearing Impaired(HI) / Mathematics Grade 2 Special Needs Education / Grade 2 / Adapted Interactive Digital Content for Hearing Impaired(HI) / Environmental Activities Grade 2 Special Needs Education / Grade 2 / Adapted Interactive Digital Content for Hearing Impaired(HI) / Hygiene and Nutrition Grade 2 Special Needs Education / Grade 2 / Adapted Interactive Digital Content for Hearing Impaired(HI) / Christian Religious Education Grade 2 (HI) Special Needs Education / Grade 2 / Adapted Interactive Digital Content for Hearing Impaired(HI) / Literacy Activities Grade2 (HI) Special Needs Education / Grade 2 / Adapted Interactive Digital Content for Hearing Impaired(HI) / English Activities Grad2 H.I Special Needs Education / Grade 2 / Adapted Interactive Digital Content for Hearing Impaired(HI) / Creative Activities Grade2 -H.I Special Needs Education / Grade 2 / Adapted Interactive Digital Content for Visual Impaired(VI) Special Needs Education / Grade 2 / Adapted Interactive Digital Content for Visual Impaired(VI) / Mathematics Special Needs Education / Grade 2 / Adapted Interactive Digital Content for Visual Impaired(VI) / Kiswahili Special Needs Education / Grade 2 / Adapted Interactive Digital Content for Visual Impaired(VI) / English Special Needs Education / Grade 2 / Adapted Interactive Digital Content for Visual Impaired(VI) / Creative Activities Special Needs Education / Grade 2 / Adapted Interactive Digital Content for Visual Impaired(VI) / CRE Special Needs Education / Grade 3 Special Needs Education / Grade 3 / Adapted Interactive Digital Content for Learners with Hearing Impairment (HI) Special Needs Education / Grade 3 / Adapted Interactive Digital Content for Learners with Hearing Impairment (HI) / Visual Arts Special Needs Education / Grade 3 / Adapted Interactive Digital Content for Learners with Hearing Impairment (HI) / English Special Needs Education / Grade 3 / Adapted Interactive Digital Content for Learners with Hearing Impairment (HI) / Hygiene and Nutrition Special Needs Education / Grade 3 / Adapted Interactive Digital Content for Learners with Hearing Impairment (HI) / Music Special Needs Education / Grade 3 / Adapted Interactive Digital Content for Learners with Hearing Impairment (HI) / Mathematics Special Needs Education / Grade 3 / Adapted Interactive Digital Content for Learners with Hearing Impairment (HI) / Environmental Special Needs Education / Grade 3 / Adapted Interactive Digital Content for Learners with Hearing Impairment (HI) / CRE Special Needs Education / Grade 3 / Adapted Interactive Digital Content for Learners with Visual Impairment (VI) Special Needs Education / Grade 3 / Adapted Interactive Digital Content for Learners with Visual Impairment (VI) / Music Special Needs Education / Grade 3 / Adapted Interactive Digital Content for Learners with Visual Impairment (VI) / Mathematics Special Needs Education / Grade 3 / Adapted Interactive Digital Content for Learners with Visual Impairment (VI) / Visual Arts Special Needs Education / Grade 3 / Adapted Interactive Digital Content for Learners with Visual Impairment (VI) / Kiswahili Special Needs Education / Grade 3 / Adapted Interactive Digital Content for Learners with Visual Impairment (VI) / Hygiene and Nutrition Special Needs Education / Grade 3 / Adapted Interactive Digital Content for Learners with Visual Impairment (VI) / Environmental Special Needs Education / Grade 3 / Adapted Interactive Digital Content for Learners with Visual Impairment (VI) / English Special Needs Education / Grade 3 / Adapted Interactive Digital Content for Learners with Visual Impairment (VI) / CRE Special Needs Education / Grade 4 Special Needs Education / Grade 4 / Adapted Interactive Digital Content for Learners with Hearing Impairment (HI) Special Needs Education / Grade 4 / Adapted Interactive Digital Content for Learners with Hearing Impairment (HI) / Mathematics Special Needs Education / Grade 4 / Adapted Interactive Digital Content for Learners with Hearing Impairment (HI) / English Special Needs Education / Grade 4 / Adapted Interactive Digital Content for Learners with Hearing Impairment (HI) / Science and Technology Special Needs Education / Grade 4 / Adapted Interactive Digital Content for Learners with Hearing Impairment (HI) / Agriculture Special Needs Education / Grade 4 / Adapted Interactive Digital Content for Learners with Hearing Impairment (HI) / Social Studies Special Needs Education / Grade 4 / Adapted Interactive Digital Content for Learners with Hearing Impairment (HI) / Home Science Special Needs Education / Grade 4 / Adapted Interactive Digital Content for Learners with Hearing Impairment (HI) / Art and Craft Special Needs Education / Grade 4 / Adapted Interactive Digital Content for Learners with Hearing Impairment (HI) / Music Special Needs Education / Grade 4 / Adapted Interactive Digital Content for Learners with Hearing Impairment (HI) / Christian Religious Education (CRE) Special Needs Education / Grade 4 / Adapted Interactive Digital Content for Learners with Visual Impairment (VI) Special Needs Education / Grade 4 / Adapted Interactive Digital Content for Learners with Visual Impairment (VI) / Mathematics Special Needs Education / Grade 4 / Adapted Interactive Digital Content for Learners with Visual Impairment (VI) / English Special Needs Education / Grade 4 / Adapted Interactive Digital Content for Learners with Visual Impairment (VI) / Kiswahili Special Needs Education / Grade 4 / Adapted Interactive Digital Content for Learners with Visual Impairment (VI) / Science and Technology Special Needs Education / Grade 4 / Adapted Interactive Digital Content for Learners with Visual Impairment (VI) / Agriculture Special Needs Education / Grade 4 / Adapted Interactive Digital Content for Learners with Visual Impairment (VI) / Social Studies Special Needs Education / Grade 4 / Adapted Interactive Digital Content for Learners with Visual Impairment (VI) / Home Science Special Needs Education / Grade 4 / Adapted Interactive Digital Content for Learners with Visual Impairment (VI) / Art and Craft Special Needs Education / Grade 4 / Adapted Interactive Digital Content for Learners with Visual Impairment (VI) / Christian Religious Education (CRE) Special Needs Education / Grade 4 / Adapted Interactive Digital Content for Learners with Visual Impairment (VI) / Music Special Needs Education / Grade 5 Special Needs Education / Grade 5 / Adapted Interactive Digital Content for Learners with Hearing Impairment (HI) Special Needs Education / Grade 5 / Adapted Interactive Digital Content for Learners with Hearing Impairment (HI) / English Special Needs Education / Grade 5 / Adapted Interactive Digital Content for Learners with Hearing Impairment (HI) / Christian Religious Education Special Needs Education / Grade 5 / Adapted Interactive Digital Content for Learners with Hearing Impairment (HI) / Social Studies Special Needs Education / Grade 5 / Adapted Interactive Digital Content for Learners with Hearing Impairment (HI) / Agriculture and Nutrition Special Needs Education / Grade 5 / Adapted Interactive Digital Content for Learners with Hearing Impairment (HI) / Creative Arts Special Needs Education / Grade 5 / Adapted Interactive Digital Content for Learners with Hearing Impairment (HI) / Mathematics Special Needs Education / Grade 5 / Adapted Interactive Digital Content for Learners with Hearing Impairment (HI) / Science and Technology Special Needs Education / Grade 5 / Adapted Interactive Digital Content for Learners with Hearing Impairment (HI) / Islamic Religious Education Special Needs Education / Grade 5 / Adapted Interactive Digital Content for Learners with Visual Impairment (VI) Special Needs Education / Grade 5 / Adapted Interactive Digital Content for Learners with Visual Impairment (VI) / Creative Arts Special Needs Education / Grade 5 / Adapted Interactive Digital Content for Learners with Visual Impairment (VI) / Social Studies Special Needs Education / Grade 5 / Adapted Interactive Digital Content for Learners with Visual Impairment (VI) / Kiswahili Special Needs Education / Grade 5 / Adapted Interactive Digital Content for Learners with Visual Impairment (VI) / Christian Religious Education Special Needs Education / Grade 5 / Adapted Interactive Digital Content for Learners with Visual Impairment (VI) / Science and Technology Special Needs Education / Grade 5 / Adapted Interactive Digital Content for Learners with Visual Impairment (VI) / Agriculture and Nutrition Special Needs Education / Grade 5 / Adapted Interactive Digital Content for Learners with Visual Impairment (VI) / Islamic Religious Education Special Needs Education / Grade 5 / Adapted Interactive Digital Content for Learners with Visual Impairment (VI) / Mathematics Special Needs Education / Grade 5 / Adapted Interactive Digital Content for Learners with Visual Impairment (VI) / English Special Needs Education / Grade 6 Special Needs Education / Grade 6 / Adapted Interactive Digital Content for Learners with Hearing Impairment (HI) Special Needs Education / Grade 6 / Adapted Interactive Digital Content for Learners with Hearing Impairment (HI) / Science and Technology Special Needs Education / Grade 6 / Adapted Interactive Digital Content for Learners with Hearing Impairment (HI) / Christian Religious Education Special Needs Education / Grade 6 / Adapted Interactive Digital Content for Learners with Hearing Impairment (HI) / Creative Arts Special Needs Education / Grade 6 / Adapted Interactive Digital Content for Learners with Hearing Impairment (HI) / Islamic Religious Education Special Needs Education / Grade 6 / Adapted Interactive Digital Content for Learners with Hearing Impairment (HI) / English Special Needs Education / Grade 6 / Adapted Interactive Digital Content for Learners with Hearing Impairment (HI) / Social Studies Special Needs Education / Grade 6 / Adapted Interactive Digital Content for Learners with Hearing Impairment (HI) / Agriculture Special Needs Education / Grade 6 / Adapted Interactive Digital Content for Learners with Hearing Impairment (HI) / Mathematics Special Needs Education / Grade 6 / Adapted Interactive Digital Content for Learners with Visual Impairment (VI) Special Needs Education / Grade 6 / Adapted Interactive Digital Content for Learners with Visual Impairment (VI) / Christian Religious Education Special Needs Education / Grade 6 / Adapted Interactive Digital Content for Learners with Visual Impairment (VI) / Kiswahili Special Needs Education / Grade 6 / Adapted Interactive Digital Content for Learners with Visual Impairment (VI) / English Special Needs Education / Grade 6 / Adapted Interactive Digital Content for Learners with Visual Impairment (VI) / Creative Arts Special Needs Education / Grade 6 / Adapted Interactive Digital Content for Learners with Visual Impairment (VI) / Mathematics Special Needs Education / Grade 6 / Adapted Interactive Digital Content for Learners with Visual Impairment (VI) / Science and Technology Special Needs Education / Grade 6 / Adapted Interactive Digital Content for Learners with Visual Impairment (VI) / Islamic Religious Education Special Needs Education / Grade 6 / Adapted Interactive Digital Content for Learners with Visual Impairment (VI) / Social Studies Special Needs Education / Grade 6 / Adapted Interactive Digital Content for Learners with Visual Impairment (VI) / Agriculture and Nutrition Special Needs Education / Ebooks Special Needs Education / Videos Special Needs Education / Foundational and Stage-Based Special Needs Education / Prevocational Level Special Needs Education / Prevocational Level / Music Special Needs Education / Prevocational Level / Hindu Religious Education Special Needs Education / Prevocational Level / Christian Religious Education Special Needs Education / Prevocational Level / Physical Education Special Needs Education / Prevocational Level / Islamic Religious Education Special Needs Education / Prevocational Level / Social Studies Special Needs Education / Prevocational Level / Prevocational Skills 1 Special Needs Education / Prevocational Level / Prevocational Skills 2 Special Needs Education / Prevocational Level / Prevocational Skills 3 Accessible Digital Textbooks Interactive Simulations for Sciences and Mathematics Interactive Simulations for Sciences and Mathematics / Physics Interactive Simulations for Sciences and Mathematics / Chemistry Interactive Simulations for Sciences and Mathematics / Mathematics Information, Education and Communication(IEC) Materials Information, Education and Communication(IEC) Materials / Child Online Safety Information, Education and Communication(IEC) Materials / Child Road Safety Information, Education and Communication(IEC) Materials / Child Road Safety / Integration Matrices Information, Education and Communication(IEC) Materials / Child Road Safety / Integration Matrices / Early Years Education Information, Education and Communication(IEC) Materials / Child Road Safety / Integration Matrices / Upper Primary Information, Education and Communication(IEC) Materials / Child Road Safety / Integration Matrices / Junior School Information, Education and Communication(IEC) Materials / Child Road Safety / Integration Matrices / Senior School Information, Education and Communication(IEC) Materials / Child Road Safety / Information, Education and Communication(IEC) Materials on Child Road Safety Information, Education and Communication(IEC) Materials / Child Road Safety / Information, Education and Communication(IEC) Materials on Child Road Safety / Early Years Education Information, Education and Communication(IEC) Materials / Child Road Safety / Information, Education and Communication(IEC) Materials on Child Road Safety / Upper Primary Information, Education and Communication(IEC) Materials / Child Road Safety / Information, Education and Communication(IEC) Materials on Child Road Safety / Junior School Information, Education and Communication(IEC) Materials / Child Road Safety / Information, Education and Communication(IEC) Materials on Child Road Safety / Senior School Information, Education and Communication(IEC) Materials / Child Road Safety / Teacher's Handbook Information, Education and Communication(IEC) Materials / Financial Literacy Learners’ Toolkit Teacher Resources Teacher Resources / Educational Resources Materials Development Teacher Resources / Educational Resources Materials Development / CRE Teacher Resources / Educational Resources Materials Development / English Teacher Resources / Educational Resources Materials Development / Environment Teacher Resources / Educational Resources Materials Development / Foundations Teacher Resources / Educational Resources Materials Development / H.R.E Teacher Resources / Educational Resources Materials Development / Hygiene and Nutrition Teacher Resources / Educational Resources Materials Development / I.R.E Teacher Resources / Educational Resources Materials Development / Kiswahili Teacher Resources / Educational Resources Materials Development / Language Activities Teacher Resources / Educational Resources Materials Development / Literacy Skills Teacher Resources / Educational Resources Materials Development / Mathematics Teacher Resources / Educational Resources Materials Development / Movements and Arts Teacher Resources / Pre-Primary Teacher Radio Programmes Teacher Resources / CBC Courses Teacher Resources / Special Needs Educations Teacher Resources / Interactive Digital Content for Teacher Education Teacher Resources / Interactive Digital Content for Teacher Education / English Teacher Resources / Interactive Digital Content for Teacher Education / Music Teacher Resources / Interactive Digital Content for Teacher Education / Christian Religious Education Teacher Resources / Interactive Digital Content for Teacher Education / Art and Craft Teacher Resources / Interactive Digital Content for Teacher Education / Indigenous Languages Teacher Resources / Interactive Digital Content for Teacher Education / Home science Teacher Resources / Interactive Digital Content for Teacher Education / Science and Technology Teacher Resources / Interactive Digital Content for Teacher Education / Islamic Religious Education Teacher Resources / Interactive Digital Content for Teacher Education / Mandarin Teacher Resources / Interactive Digital Content for Teacher Education / Agriculture Teacher Resources / Interactive Digital Content for Teacher Education / Mathematics Teacher Resources / Interactive Digital Content for Teacher Education / French Teacher Resources / Interactive Digital Content for Teacher Education / Hindu Religious Education Teacher Resources / Interactive Digital Content for Teacher Education / Social Studies Teacher Resources / Interactive Digital Content for Teacher Education / Kiswahili Teacher Resources / Interactive Digital Content for Teacher Education / Physical Education Teacher Resources / Interactive Digital Content for Teacher Education / Arabic Parental Resources Financial Literacy Financial Literacy / Financial Literacy for Junior School Financial Literacy / Financial Literacy for Junior School / Taxation Financial Literacy / Financial Literacy for Senior School Financial Literacy / Financial Literacy for Senior School / Taxation Search lessons Search Expand allEducational Resources Materials DevelopmentPre-Primary Teacher Radio ProgrammesCBC CoursesSpecial Needs EducationsInteractive Digital Content for Teacher Education Educational Resources Materials DevelopmentPre-Primary Teacher Radio ProgrammesCBC CoursesSpecial Needs EducationsInteractive Digital Content for Teacher Education Digital Content | Kenya Education Cloud | Unlimited Learning Experiences Skip to main content (Login) Teacher Resources Home Lessons Teacher Resources Lesson categories: Pre-Primary Pre-Primary / Radio Lessons Pre-Primary / Educhannel Video Lessons Pre-Primary / Educhannel Video Lessons / Language Activities Pre-Primary / Educhannel Video Lessons / Mathematics Pre-Primary / Educhannel Video Lessons / Our School Pre-Primary / Educhannel Video Lessons / Picture Making Pre-Primary / Educhannel Video Lessons / Social Environment Pre-Primary / Educhannel Video Lessons / Pre-Primary 1 Pre-Primary / Educhannel Video Lessons / Pre-Primary 2 Pre-Primary / Interactive digital Content Pre-Primary / Ebooks Primary Education Primary Education / Grade 1 Primary Education / Grade 1 / Educhannel TV Lessons Primary Education / Grade 1 / Educhannel TV Lessons / English Primary Education / Grade 1 / Educhannel TV Lessons / Mathematics Primary Education / Grade 1 / Educhannel TV Lessons / Kiswahili Primary Education / Grade 1 / Educhannel TV Lessons / Kenya Sign Language(KSL) Primary Education / Grade 1 / Educhannel TV Lessons / Hygiene and nutrition Primary Education / Grade 1 / Educhannel TV Lessons / Environmental Activities Primary Education / Grade 1 / Interactive Digital Content Primary Education / Grade 1 / Radio Lessons Primary Education / Grade 1 / Radio Lessons / Mathematics Primary Education / Grade 1 / Radio Lessons / Mathematics / Grade 1 Term 2 Primary Education / Grade 1 / Radio Lessons / Mathematics / Grade 1 Term 3 Primary Education / Grade 1 / Radio Lessons / Kiswahili Primary Education / Grade 1 / Radio Lessons / Kiswahili / Grade 1 Term 2 Primary Education / Grade 1 / Radio Lessons / Kiswahili / Grade 1 Term 3 Primary Education / Grade 1 / Radio Lessons / English Primary Education / Grade 1 / Radio Lessons / English / Grade 1 Term 2 Primary Education / Grade 1 / Radio Lessons / English / Grade 1 Term 3 Primary Education / Grade 1 / Ebooks Primary Education / Grade 1 / Ebooks / Tusome readers Primary Education / Grade 1 / Ebooks / Indigenous Languages Primary Education / Grade 2 Primary Education / Grade 2 / Interactive Digital Content Primary Education / Grade 2 / Educhannel Tv Lessons Primary Education / Grade 2 / Educhannel Tv Lessons / Mathematics Primary Education / Grade 2 / Educhannel Tv Lessons / English Primary Education / Grade 2 / Radio Lessons Primary Education / Grade 2 / Radio Lessons / Mathematics Primary Education / Grade 2 / Radio Lessons / Mathematics / Grade 2 Term 2 Primary Education / Grade 2 / Radio Lessons / English Primary Education / Grade 2 / Radio Lessons / English / Grade 2 Term 2 Primary Education / Grade 2 / Radio Lessons / English / Grade 2 Term 3 Primary Education / Grade 2 / Radio Lessons / Kiswahili Primary Education / Grade 2 / Radio Lessons / Kiswahili / Grade 2 Term 3 Primary Education / Grade 2 / Hygiene and Nutrition Primary Education / Grade 2 / Hygiene and Nutrition / Grade 2 Term 2 Primary Education / Grade 2 / E-books Primary Education / Grade 2 / E-books / Tusome Readers Primary Education / Grade 3 Primary Education / Grade 3 / Radio Lessons Primary Education / Grade 3 / Radio Lessons / Mathematics Primary Education / Grade 3 / Radio Lessons / Mathematics / Grade 3 Term 2 Primary Education / Grade 3 / Radio Lessons / Mathematics / Grade 3 Term 3 Primary Education / Grade 3 / Radio Lessons / English Primary Education / Grade 3 / Radio Lessons / English / Grade 3 Term 2 Primary Education / Grade 3 / Radio Lessons / English / Grade 3 Term 3 Primary Education / Grade 3 / Radio Lessons / Environmental Activities Primary Education / Grade 3 / Radio Lessons / Environmental Activities / Grade 3 Term 2 Primary Education / Grade 3 / Radio Lessons / Kiswahili Primary Education / Grade 3 / Radio Lessons / Kiswahili / Grade 3 Term 3 Primary Education / Grade 3 / Educhannel TV Lessons Primary Education / Grade 3 / Educhannel TV Lessons / Mathematics Primary Education / Grade 3 / Educhannel TV Lessons / English Primary Education / Grade 3 / Educhannel TV Lessons / Kiswahili Primary Education / Grade 3 / Educhannel TV Lessons / Hygiene and Nutrition Primary Education / Grade 3 / Educhannel TV Lessons / Environmental Activities Primary Education / Grade 3 / Interactive Digital Content Primary Education / Grade 3 / EBooks Primary Education / Grade 3 / Tusome English Video Lessons Primary Education / Grade 3 / Tusome English Video Lessons / Tusome English Grade 3 Lessons Primary Education / Grade 4 Primary Education / Grade 4 / Educhannel Tv Lessons Primary Education / Grade 4 / Educhannel Tv Lessons / Home Science Primary Education / Grade 4 / Educhannel Tv Lessons / Agriculture Primary Education / Grade 4 / Educhannel Tv Lessons / Music Primary Education / Grade 4 / Educhannel Tv Lessons / Physical Education Primary Education / Grade 4 / Educhannel Tv Lessons / Art and Craft Primary Education / Grade 4 / Educhannel Tv Lessons / Kenya Sign Language Primary Education / Grade 4 / Educhannel Tv Lessons / Mathematics Primary Education / Grade 4 / Educhannel Tv Lessons / Science and Technology Primary Education / Grade 4 / Educhannel Tv Lessons / Social Studies Primary Education / Grade 4 / Educhannel Tv Lessons / English Primary Education / Grade 4 / Educhannel Tv Lessons / Kiswahili Primary Education / Grade 4 / Educhannel Tv Lessons / Environmental Activity Primary Education / Grade 4 / Radio lessons Primary Education / Grade 4 / Radio lessons / Social Studies Primary Education / Grade 4 / Radio lessons / Social Studies / Grade 4 Term 2 Primary Education / Grade 4 / Radio lessons / Social Studies / Grade 4 Term 3 Primary Education / Grade 4 / Radio lessons / CRE Primary Education / Grade 4 / Radio lessons / CRE / Grade 4 Term 2 Primary Education / Grade 4 / Radio lessons / English Primary Education / Grade 4 / Radio lessons / English / Grade 4 Term 2 Primary Education / Grade 4 / Radio lessons / English / Grade 4 Term 3 Primary Education / Grade 4 / Radio lessons / Hygiene and Nutrition Primary Education / Grade 4 / Radio lessons / Hygiene and Nutrition / Grade 4 Term 1 Primary Education / Grade 4 / Radio lessons / IRE Primary Education / Grade 4 / Radio lessons / IRE / Grade 4 Term 2 Primary Education / Grade 4 / Radio lessons / Science and Technology Primary Education / Grade 4 / Radio lessons / Science and Technology / Grade 4 Term 3 Primary Education / Grade 4 / Radio lessons / Agriculture Primary Education / Grade 4 / Radio lessons / Agriculture / Grade 4 Term 3 Primary Education / Grade 4 / Radio lessons / Mathematics Primary Education / Grade 4 / Radio lessons / Mathematics / Grade 4 Term 3 Primary Education / Grade 4 / SNE Primary Education / Grade 4 / Interactive Digital Content Primary Education / Grade 5 Primary Education / Grade 5 / Educhannel Tv Lessons Primary Education / Grade 5 / Educhannel Tv Lessons / English Primary Education / Grade 5 / Educhannel Tv Lessons / Kiswahili Primary Education / Grade 5 / Educhannel Tv Lessons / Mathematics Primary Education / Grade 5 / Radio Lessons Primary Education / Grade 5 / Radio Lessons / English Primary Education / Grade 5 / Radio Lessons / Science and Technology Primary Education / Grade 5 / Radio Lessons / Agriculture Primary Education / Grade 5 / Radio Lessons / Social studies Primary Education / Grade 5 / Radio Lessons / Christian Religious Education Primary Education / Grade 5 / Radio Lessons / Mathematics Primary Education / Grade 5 / Interactive Digital Content Primary Education / Grade 6 Primary Education / Grade 6 / Radio Lessons Primary Education / Grade 6 / Radio Lessons / CRE Primary Education / Grade 6 / Radio Lessons / Social Studies Primary Education / Grade 6 / Radio Lessons / Science Primary Education / Grade 6 / Radio Lessons / Kiswahili Primary Education / Grade 6 / Radio Lessons / English Primary Education / Grade 6 / Radio Lessons / Mathematics Primary Education / Grade 6 / Educhannel TV Lessons Primary Education / Grade 6 / Educhannel TV Lessons / Kiswahili Primary Education / Grade 6 / Educhannel TV Lessons / Agriculture Primary Education / Grade 6 / Educhannel TV Lessons / Art and Craft Primary Education / Grade 6 / Educhannel TV Lessons / English Primary Education / Grade 6 / Educhannel TV Lessons / Home Science Primary Education / Grade 6 / Educhannel TV Lessons / Music Primary Education / Grade 6 / Educhannel TV Lessons / Science and technology Primary Education / Grade 6 / Educhannel TV Lessons / Physical health education Primary Education / Grade 6 / Interactive Digital Content Junior School Junior School / Grade 8 Junior School / Grade 8 / Educhannel Tv Lessons Junior School / Grade 8 / Radio Lessons Junior School / Grade 8 / Interactive Digital Content Junior School / Grade 7 Junior School / Grade 7 / Educhannel TV lessons Junior School / Grade 7 / Radio Lessons Junior School / Grade 7 / Radio Lessons / Mathematics Junior School / Grade 7 / Radio Lessons / Kiswahili Junior School / Grade 7 / Radio Lessons / English Junior School / Grade 7 / Radio Lessons / Christian Religious Education Junior School / Grade 7 / Radio Lessons / Integrated Science Junior School / Grade 7 / Radio Lessons / Social Studies Junior School / Grade 7 / Radio Lessons / Pre-Technical Studies Junior School / Grade 7 / Interactive Digital Content Secondary Education Secondary Education / Form 1 Secondary Education / Form 1 / Interactive Digital Content Secondary Education / Form 1 / Educhannel Tv Lessons Secondary Education / Form 1 / Educhannel Tv Lessons / Mathematics Secondary Education / Form 1 / Educhannel Tv Lessons / English Secondary Education / Form 1 / Educhannel Tv Lessons / Physics Secondary Education / Form 1 / Educhannel Tv Lessons / Biology Secondary Education / Form 1 / Educhannel Tv Lessons / Chemistry Secondary Education / Form 1 / Educhannel Tv Lessons / Kiswahili Secondary Education / Form 1 / Educhannel Tv Lessons / History and Government Secondary Education / Form 1 / Educhannel Tv Lessons / Business Studies Secondary Education / Form 1 / Radio Lessons Secondary Education / Form 1 / Ebooks Secondary Education / Form 2 Secondary Education / Form 2 / Interactive Digital Content Secondary Education / Form 2 / Educhannel Tv Lessons Secondary Education / Form 2 / Educhannel Tv Lessons / Physics Secondary Education / Form 2 / Radio Lessons Secondary Education / Form 2 / Radio Lessons / Biology Secondary Education / Form 3 Secondary Education / Form 3 / Interactive Digital Content Secondary Education / Form 3 / Educhannel Tv Lessons Secondary Education / Form 3 / Educhannel Tv Lessons / Mathematics Secondary Education / Form 3 / Educhannel Tv Lessons / English Secondary Education / Form 3 / Educhannel Tv Lessons / Kiswahili Secondary Education / Form 3 / Educhannel Tv Lessons / Biology Secondary Education / Form 3 / Educhannel Tv Lessons / Chemistry Secondary Education / Form 3 / Educhannel Tv Lessons / Physics Secondary Education / Form 3 / Educhannel Tv Lessons / Business Studies Secondary Education / Form 3 / Educhannel Tv Lessons / History and Government Secondary Education / Form 3 / Radio Lessons Secondary Education / Form 4 Secondary Education / Form 4 / Interactive Digital Content Secondary Education / Form 4 / Educhannel Tv Lessons Secondary Education / Form 4 / Educhannel Tv Lessons / Form 4 Mathematics Secondary Education / Form 4 / Educhannel Tv Lessons / Form 4 English Secondary Education / Form 4 / Educhannel Tv Lessons / Form 4 Physics Secondary Education / Form 4 / Educhannel Tv Lessons / Form 4 Biology Secondary Education / Form 4 / Educhannel Tv Lessons / Form 4 Kiswahili Secondary Education / Form 4 / Educhannel Tv Lessons / Form 4 Chemistry Secondary Education / Form 4 / Educhannel Tv Lessons / Form 4 History and Government Secondary Education / Form 4 / Educhannel Tv Lessons / Form 4 Business Studies Secondary Education / Form 4 / Radio Lessons Secondary Education / Form 4 / Radio Lessons / Mathematics Secondary Education / Form 4 / Radio Lessons / Mathematics / Form 4 Term 1 Secondary Education / Form 4 / Radio Lessons / Mathematics / Form 4 Term 2 Secondary Education / Form 4 / Radio Lessons / Mathematics / Form 4 Term 3 General Knowledge General Knowledge / VOA Connect General Knowledge / Ask the expert General Knowledge / Citizenship and Democracy General Knowledge / Digital Story General Knowledge / Impacted Educhannel Lessons Educhannel Lessons / English Educhannel Lessons / English / Transport and travel Educhannel Lessons / English / Pronunciation skills Educhannel Lessons / English / Listening and speaking Educhannel Lessons / English / Family Educhannel Lessons / English / Environment Educhannel Lessons / English / Drug and Substance Educhannel Lessons / Agriculture Educhannel Lessons / Biology Educhannel Lessons / Biology / Living Things Educhannel Lessons / Biology / Secretion and homeostasis Educhannel Lessons / Biology / Support and movement Educhannel Lessons / Business Studies Educhannel Lessons / Chemistry Educhannel Lessons / Earth Movement and Volcanicity Educhannel Lessons / Environmental Activities Educhannel Lessons / Geograpghy Educhannel Lessons / History Educhannel Lessons / History / Kenyan History Educhannel Lessons / Homescience Educhannel Lessons / Homescience / Basic care clothing Educhannel Lessons / Kiswahili Educhannel Lessons / Kiswahili / Primary Educhannel Lessons / Kiswahili / Primary / Darasa 4-5 Educhannel Lessons / Kiswahili / Secondary Educhannel Lessons / Kiswahili / Secondary / Isimu Jamii Educhannel Lessons / Kiswahili / Secondary / Sarufi Educhannel Lessons / Mathematics Educhannel Lessons / Mathematics / Secondary Educhannel Lessons / Mathematics / Secondary / Commercial Arithmetics Educhannel Lessons / Mathematics / Primary Educhannel Lessons / Mathematics / Primary / Class 5-8 Educhannel Lessons / Mathematics / Primary / Class 5-8 / Practical uses of Money Educhannel Lessons / Mathematics / Primary / Class 5-8 / Measurement Educhannel Lessons / Organic Chemistry Educhannel Lessons / Performing Music Educhannel Lessons / Homescience Educhannel Lessons / Homescience / Basic care of clothing Educhannel Lessons / Art and Craft Educhannel Lessons / Physics Educhannel Lessons / Physics / Thermodynamics Educhannel Lessons / Physics / Mechanics Educhannel Lessons / Physics / Electricity and Magnetism Educhannel Lessons / The Doyen Exposition Educhannel Lessons / Science Educhannel Lessons / Science / Making work easier Educhannel Lessons / Science / Living Things Educhannel Lessons / Science / Energy conservation Educhannel Lessons / Physical and Health Education Educhannel Lessons / Physical and Health Education / Grade 1-4 Open Education Resourses(OERs) Open Education Resourses(OERs) / Movement and Creative Activities Open Education Resourses(OERs) / 	Religious Education Activities Open Education Resourses(OERs) / Mathematical Activities Open Education Resourses(OERs) / Environmental Activities Open Education Resourses(OERs) / Kiswahili Language Open Education Resourses(OERs) / LTK | Concordia University Open Education Resourses(OERs) / Hygiene and Nutrition Open Education Resourses(OERs) / ENGLISH LANGUAGE ACTIVITIES Open Education Resourses(OERs) / Casio Materials Open Education Resourses(OERs) / Health Education Open Education Resourses(OERs) / Carbon Literacy Special Needs Education Special Needs Education / Grade 1 Special Needs Education / Grade 1 / Adapted Interactive Digital Content for Hearing Impaired(HI) Special Needs Education / Grade 1 / Adapted Interactive Digital Content for Hearing Impaired(HI) / English Activities Special Needs Education / Grade 1 / Adapted Interactive Digital Content for Hearing Impaired(HI) / Environmental Activities Special Needs Education / Grade 1 / Adapted Interactive Digital Content for Hearing Impaired(HI) / Creative Activities Special Needs Education / Grade 1 / Adapted Interactive Digital Content for Visual Impaired(VI) Special Needs Education / Grade 2 Special Needs Education / Grade 2 / Adapted Interactive Digital Content for Hearing Impaired(HI) Special Needs Education / Grade 2 / Adapted Interactive Digital Content for Hearing Impaired(HI) / Mathematics Grade 2 Special Needs Education / Grade 2 / Adapted Interactive Digital Content for Hearing Impaired(HI) / Environmental Activities Grade 2 Special Needs Education / Grade 2 / Adapted Interactive Digital Content for Hearing Impaired(HI) / Hygiene and Nutrition Grade 2 Special Needs Education / Grade 2 / Adapted Interactive Digital Content for Hearing Impaired(HI) / Christian Religious Education Grade 2 (HI) Special Needs Education / Grade 2 / Adapted Interactive Digital Content for Hearing Impaired(HI) / Literacy Activities Grade2 (HI) Special Needs Education / Grade 2 / Adapted Interactive Digital Content for Hearing Impaired(HI) / English Activities Grad2 H.I Special Needs Education / Grade 2 / Adapted Interactive Digital Content for Hearing Impaired(HI) / Creative Activities Grade2 -H.I Special Needs Education / Grade 2 / Adapted Interactive Digital Content for Visual Impaired(VI) Special Needs Education / Grade 2 / Adapted Interactive Digital Content for Visual Impaired(VI) / Mathematics Special Needs Education / Grade 2 / Adapted Interactive Digital Content for Visual Impaired(VI) / Kiswahili Special Needs Education / Grade 2 / Adapted Interactive Digital Content for Visual Impaired(VI) / English Special Needs Education / Grade 2 / Adapted Interactive Digital Content for Visual Impaired(VI) / Creative Activities Special Needs Education / Grade 2 / Adapted Interactive Digital Content for Visual Impaired(VI) / CRE Special Needs Education / Grade 3 Special Needs Education / Grade 3 / Adapted Interactive Digital Content for Learners with Hearing Impairment (HI) Special Needs Education / Grade 3 / Adapted Interactive Digital Content for Learners with Hearing Impairment (HI) / Visual Arts Special Needs Education / Grade 3 / Adapted Interactive Digital Content for Learners with Hearing Impairment (HI) / English Special Needs Education / Grade 3 / Adapted Interactive Digital Content for Learners with Hearing Impairment (HI) / Hygiene and Nutrition Special Needs Education / Grade 3 / Adapted Interactive Digital Content for Learners with Hearing Impairment (HI) / Music Special Needs Education / Grade 3 / Adapted Interactive Digital Content for Learners with Hearing Impairment (HI) / Mathematics Special Needs Education / Grade 3 / Adapted Interactive Digital Content for Learners with Hearing Impairment (HI) / Environmental Special Needs Education / Grade 3 / Adapted Interactive Digital Content for Learners with Hearing Impairment (HI) / CRE Special Needs Education / Grade 3 / Adapted Interactive Digital Content for Learners with Visual Impairment (VI) Special Needs Education / Grade 3 / Adapted Interactive Digital Content for Learners with Visual Impairment (VI) / Music Special Needs Education / Grade 3 / Adapted Interactive Digital Content for Learners with Visual Impairment (VI) / Mathematics Special Needs Education / Grade 3 / Adapted Interactive Digital Content for Learners with Visual Impairment (VI) / Visual Arts Special Needs Education / Grade 3 / Adapted Interactive Digital Content for Learners with Visual Impairment (VI) / Kiswahili Special Needs Education / Grade 3 / Adapted Interactive Digital Content for Learners with Visual Impairment (VI) / Hygiene and Nutrition Special Needs Education / Grade 3 / Adapted Interactive Digital Content for Learners with Visual Impairment (VI) / Environmental Special Needs Education / Grade 3 / Adapted Interactive Digital Content for Learners with Visual Impairment (VI) / English Special Needs Education / Grade 3 / Adapted Interactive Digital Content for Learners with Visual Impairment (VI) / CRE Special Needs Education / Grade 4 Special Needs Education / Grade 4 / Adapted Interactive Digital Content for Learners with Hearing Impairment (HI) Special Needs Education / Grade 4 / Adapted Interactive Digital Content for Learners with Hearing Impairment (HI) / Mathematics Special Needs Education / Grade 4 / Adapted Interactive Digital Content for Learners with Hearing Impairment (HI) / English Special Needs Education / Grade 4 / Adapted Interactive Digital Content for Learners with Hearing Impairment (HI) / Science and Technology Special Needs Education / Grade 4 / Adapted Interactive Digital Content for Learners with Hearing Impairment (HI) / Agriculture Special Needs Education / Grade 4 / Adapted Interactive Digital Content for Learners with Hearing Impairment (HI) / Social Studies Special Needs Education / Grade 4 / Adapted Interactive Digital Content for Learners with Hearing Impairment (HI) / Home Science Special Needs Education / Grade 4 / Adapted Interactive Digital Content for Learners with Hearing Impairment (HI) / Art and Craft Special Needs Education / Grade 4 / Adapted Interactive Digital Content for Learners with Hearing Impairment (HI) / Music Special Needs Education / Grade 4 / Adapted Interactive Digital Content for Learners with Hearing Impairment (HI) / Christian Religious Education (CRE) Special Needs Education / Grade 4 / Adapted Interactive Digital Content for Learners with Visual Impairment (VI) Special Needs Education / Grade 4 / Adapted Interactive Digital Content for Learners with Visual Impairment (VI) / Mathematics Special Needs Education / Grade 4 / Adapted Interactive Digital Content for Learners with Visual Impairment (VI) / English Special Needs Education / Grade 4 / Adapted Interactive Digital Content for Learners with Visual Impairment (VI) / Kiswahili Special Needs Education / Grade 4 / Adapted Interactive Digital Content for Learners with Visual Impairment (VI) / Science and Technology Special Needs Education / Grade 4 / Adapted Interactive Digital Content for Learners with Visual Impairment (VI) / Agriculture Special Needs Education / Grade 4 / Adapted Interactive Digital Content for Learners with Visual Impairment (VI) / Social Studies Special Needs Education / Grade 4 / Adapted Interactive Digital Content for Learners with Visual Impairment (VI) / Home Science Special Needs Education / Grade 4 / Adapted Interactive Digital Content for Learners with Visual Impairment (VI) / Art and Craft Special Needs Education / Grade 4 / Adapted Interactive Digital Content for Learners with Visual Impairment (VI) / Christian Religious Education (CRE) Special Needs Education / Grade 4 / Adapted Interactive Digital Content for Learners with Visual Impairment (VI) / Music Special Needs Education / Grade 5 Special Needs Education / Grade 5 / Adapted Interactive Digital Content for Learners with Hearing Impairment (HI) Special Needs Education / Grade 5 / Adapted Interactive Digital Content for Learners with Hearing Impairment (HI) / English Special Needs Education / Grade 5 / Adapted Interactive Digital Content for Learners with Hearing Impairment (HI) / Christian Religious Education Special Needs Education / Grade 5 / Adapted Interactive Digital Content for Learners with Hearing Impairment (HI) / Social Studies Special Needs Education / Grade 5 / Adapted Interactive Digital Content for Learners with Hearing Impairment (HI) / Agriculture and Nutrition Special Needs Education / Grade 5 / Adapted Interactive Digital Content for Learners with Hearing Impairment (HI) / Creative Arts Special Needs Education / Grade 5 / Adapted Interactive Digital Content for Learners with Hearing Impairment (HI) / Mathematics Special Needs Education / Grade 5 / Adapted Interactive Digital Content for Learners with Hearing Impairment (HI) / Science and Technology Special Needs Education / Grade 5 / Adapted Interactive Digital Content for Learners with Hearing Impairment (HI) / Islamic Religious Education Special Needs Education / Grade 5 / Adapted Interactive Digital Content for Learners with Visual Impairment (VI) Special Needs Education / Grade 5 / Adapted Interactive Digital Content for Learners with Visual Impairment (VI) / Creative Arts Special Needs Education / Grade 5 / Adapted Interactive Digital Content for Learners with Visual Impairment (VI) / Social Studies Special Needs Education / Grade 5 / Adapted Interactive Digital Content for Learners with Visual Impairment (VI) / Kiswahili Special Needs Education / Grade 5 / Adapted Interactive Digital Content for Learners with Visual Impairment (VI) / Christian Religious Education Special Needs Education / Grade 5 / Adapted Interactive Digital Content for Learners with Visual Impairment (VI) / Science and Technology Special Needs Education / Grade 5 / Adapted Interactive Digital Content for Learners with Visual Impairment (VI) / Agriculture and Nutrition Special Needs Education / Grade 5 / Adapted Interactive Digital Content for Learners with Visual Impairment (VI) / Islamic Religious Education Special Needs Education / Grade 5 / Adapted Interactive Digital Content for Learners with Visual Impairment (VI) / Mathematics Special Needs Education / Grade 5 / Adapted Interactive Digital Content for Learners with Visual Impairment (VI) / English Special Needs Education / Grade 6 Special Needs Education / Grade 6 / Adapted Interactive Digital Content for Learners with Hearing Impairment (HI) Special Needs Education / Grade 6 / Adapted Interactive Digital Content for Learners with Hearing Impairment (HI) / Science and Technology Special Needs Education / Grade 6 / Adapted Interactive Digital Content for Learners with Hearing Impairment (HI) / Christian Religious Education Special Needs Education / Grade 6 / Adapted Interactive Digital Content for Learners with Hearing Impairment (HI) / Creative Arts Special Needs Education / Grade 6 / Adapted Interactive Digital Content for Learners with Hearing Impairment (HI) / Islamic Religious Education Special Needs Education / Grade 6 / Adapted Interactive Digital Content for Learners with Hearing Impairment (HI) / English Special Needs Education / Grade 6 / Adapted Interactive Digital Content for Learners with Hearing Impairment (HI) / Social Studies Special Needs Education / Grade 6 / Adapted Interactive Digital Content for Learners with Hearing Impairment (HI) / Agriculture Special Needs Education / Grade 6 / Adapted Interactive Digital Content for Learners with Hearing Impairment (HI) / Mathematics Special Needs Education / Grade 6 / Adapted Interactive Digital Content for Learners with Visual Impairment (VI) Special Needs Education / Grade 6 / Adapted Interactive Digital Content for Learners with Visual Impairment (VI) / Christian Religious Education Special Needs Education / Grade 6 / Adapted Interactive Digital Content for Learners with Visual Impairment (VI) / Kiswahili Special Needs Education / Grade 6 / Adapted Interactive Digital Content for Learners with Visual Impairment (VI) / English Special Needs Education / Grade 6 / Adapted Interactive Digital Content for Learners with Visual Impairment (VI) / Creative Arts Special Needs Education / Grade 6 / Adapted Interactive Digital Content for Learners with Visual Impairment (VI) / Mathematics Special Needs Education / Grade 6 / Adapted Interactive Digital Content for Learners with Visual Impairment (VI) / Science and Technology Special Needs Education / Grade 6 / Adapted Interactive Digital Content for Learners with Visual Impairment (VI) / Islamic Religious Education Special Needs Education / Grade 6 / Adapted Interactive Digital Content for Learners with Visual Impairment (VI) / Social Studies Special Needs Education / Grade 6 / Adapted Interactive Digital Content for Learners with Visual Impairment (VI) / Agriculture and Nutrition Special Needs Education / Ebooks Special Needs Education / Videos Special Needs Education / Foundational and Stage-Based Special Needs Education / Prevocational Level Special Needs Education / Prevocational Level / Music Special Needs Education / Prevocational Level / Hindu Religious Education Special Needs Education / Prevocational Level / Christian Religious Education Special Needs Education / Prevocational Level / Physical Education Special Needs Education / Prevocational Level / Islamic Religious Education Special Needs Education / Prevocational Level / Social Studies Special Needs Education / Prevocational Level / Prevocational Skills 1 Special Needs Education / Prevocational Level / Prevocational Skills 2 Special Needs Education / Prevocational Level / Prevocational Skills 3 Accessible Digital Textbooks Interactive Simulations for Sciences and Mathematics Interactive Simulations for Sciences and Mathematics / Physics Interactive Simulations for Sciences and Mathematics / Chemistry Interactive Simulations for Sciences and Mathematics / Mathematics Information, Education and Communication(IEC) Materials Information, Education and Communication(IEC) Materials / Child Online Safety Information, Education and Communication(IEC) Materials / Child Road Safety Information, Education and Communication(IEC) Materials / Child Road Safety / Integration Matrices Information, Education and Communication(IEC) Materials / Child Road Safety / Integration Matrices / Early Years Education Information, Education and Communication(IEC) Materials / Child Road Safety / Integration Matrices / Upper Primary Information, Education and Communication(IEC) Materials / Child Road Safety / Integration Matrices / Junior School Information, Education and Communication(IEC) Materials / Child Road Safety / Integration Matrices / Senior School Information, Education and Communication(IEC) Materials / Child Road Safety / Information, Education and Communication(IEC) Materials on Child Road Safety Information, Education and Communication(IEC) Materials / Child Road Safety / Information, Education and Communication(IEC) Materials on Child Road Safety / Early Years Education Information, Education and Communication(IEC) Materials / Child Road Safety / Information, Education and Communication(IEC) Materials on Child Road Safety / Upper Primary Information, Education and Communication(IEC) Materials / Child Road Safety / Information, Education and Communication(IEC) Materials on Child Road Safety / Junior School Information, Education and Communication(IEC) Materials / Child Road Safety / Information, Education and Communication(IEC) Materials on Child Road Safety / Senior School Information, Education and Communication(IEC) Materials / Child Road Safety / Teacher's Handbook Information, Education and Communication(IEC) Materials / Financial Literacy Learners’ Toolkit Teacher Resources Teacher Resources / Educational Resources Materials Development Teacher Resources / Educational Resources Materials Development / CRE Teacher Resources / Educational Resources Materials Development / English Teacher Resources / Educational Resources Materials Development / Environment Teacher Resources / Educational Resources Materials Development / Foundations Teacher Resources / Educational Resources Materials Development / H.R.E Teacher Resources / Educational Resources Materials Development / Hygiene and Nutrition Teacher Resources / Educational Resources Materials Development / I.R.E Teacher Resources / Educational Resources Materials Development / Kiswahili Teacher Resources / Educational Resources Materials Development / Language Activities Teacher Resources / Educational Resources Materials Development / Literacy Skills Teacher Resources / Educational Resources Materials Development / Mathematics Teacher Resources / Educational Resources Materials Development / Movements and Arts Teacher Resources / Pre-Primary Teacher Radio Programmes Teacher Resources / CBC Courses Teacher Resources / Special Needs Educations Teacher Resources / Interactive Digital Content for Teacher Education Teacher Resources / Interactive Digital Content for Teacher Education / English Teacher Resources / Interactive Digital Content for Teacher Education / Music Teacher Resources / Interactive Digital Content for Teacher Education / Christian Religious Education Teacher Resources / Interactive Digital Content for Teacher Education / Art and Craft Teacher Resources / Interactive Digital Content for Teacher Education / Indigenous Languages Teacher Resources / Interactive Digital Content for Teacher Education / Home science Teacher Resources / Interactive Digital Content for Teacher Education / Science and Technology Teacher Resources / Interactive Digital Content for Teacher Education / Islamic Religious Education Teacher Resources / Interactive Digital Content for Teacher Education / Mandarin Teacher Resources / Interactive Digital Content for Teacher Education / Agriculture Teacher Resources / Interactive Digital Content for Teacher Education / Mathematics Teacher Resources / Interactive Digital Content for Teacher Education / French Teacher Resources / Interactive Digital Content for Teacher Education / Hindu Religious Education Teacher Resources / Interactive Digital Content for Teacher Education / Social Studies Teacher Resources / Interactive Digital Content for Teacher Education / Kiswahili Teacher Resources / Interactive Digital Content for Teacher Education / Physical Education Teacher Resources / Interactive Digital Content for Teacher Education / Arabic Parental Resources Financial Literacy Financial Literacy / Financial Literacy for Junior School Financial Literacy / Financial Literacy for Junior School / Taxation Financial Literacy / Financial Literacy for Senior School Financial Literacy / Financial Literacy for Senior School / Taxation Search lessons Search Expand allEducational Resources Materials DevelopmentPre-Primary Teacher Radio ProgrammesCBC CoursesSpecial Needs EducationsInteractive Digital Content for Teacher Education Home Pre-primary Pre-Primary 1 Pre-Primary 2 Primary Grade 1 Grade 2 Grade 3 Grade 4 Grade 5 Grade 6 Secondary Grade 7 Grade 8 Form 1 Form 2 Form 3 Form 4 OER's SNE The Kenya Education Cloud (KEC) is a digital platform designed to enhance teaching and learning in Kenya by providing a wide range of digital educational resources. Serving as a centralized hub for e-learning, it promotes access to interactive content, supports modern pedagogical methods, and fosters collaboration among educators and learners. External Links Ministry of Education Kenya National Examinations Council Teachers Service Commission Kenya Kenya Institute of Special Education (KISE) ICT Authority TVET Authority Elimika Additional Resources Accessible Digital Textbook (ADT) Curriculum Reports Parental Resources Child Online Protection Guidelines Our Contacts Kenya Institute of Curriculum DevelopmentDesai Rd, Off Muranga Rd,Nairobi, Kenya. Telephone Contacts+254 729327331 +254 729327334 Email Addressinfo@kicd.ac.ke Kenya Education Cloud © 2024. All rights reserved. Privacy Policy Terms & Conditions (Login) Data retention summary","['mathematics', 'english', 'kiswahili', 'biology', 'chemistry', 'physics', 'geography', 'history', 'business', 'computer', 'agriculture', 'home_science', 'art', 'music', 'physical_education', 'religious_education']",form_1,cbc,[],2025-09-08T00:48:59.038782,unknown,,,,
https://oer.kec.ac.ke/,oer.kec.ac.ke,,"Home About Learning Areas Resources Menu Toggle Learning Areas Forums Events Calendar Mobile App Contact Log In Register Home About Learning Areas Resources Menu Toggle Learning Areas Forums Events Calendar Mobile App Contact Log In Register Home About Learning Areas Resources Menu Toggle Learning Areas Forums Events Calendar Mobile App Contact Log In Register Home About Learning Areas Resources Menu Toggle Learning Areas Forums Events Calendar Mobile App Contact Log In Register Home About Learning Areas Resources Menu Toggle Learning Areas Forums Events Calendar Mobile App Contact Log In Register Main Menu Main Menu Home About Learning Areas Resources Menu Toggle Learning Areas Forums Events Calendar Mobile App Contact Log In Register Home About Learning Areas Resources Menu Toggle Learning Areas Forums Events Calendar Mobile App Contact Log In Register Home About Learning Areas Resources Menu Toggle Learning Areas Forums Events Calendar Mobile App Contact Log In Register Home About Learning Areas Resources Menu Toggle Learning Areas Forums Events Calendar Mobile App Contact Log In Register OER Open Education Resources Platform Building Skills, Shaping Ethics for a Better Future Featured OERs Pre Primary Primary Junior School Senior School OPEN EDUCATION RESOURCES Grade 6 Music Grade 6 Agriculture Grade 6 Social Studies – Strand 2 (Visual Impairment) Grade 6 Christian Religious Education See More WHAT WE OFFER At KICD we are dedicated to empowering learners with tools and curated resources so that they can excel academically and prepare them for an ever evolving future. Here is what you can expect from us: Comprehensive Content Explore a wide range of subjects, from math and science to literature and art. Our interactive courses are designed to engage students with dynamic content, including videos, quizzes, and hands-on projects Expert Instruction Learn from experienced educators and who bring real-world knowledge and insights into the classroom. Our instructors are dedicated to providing clear explanations and fostering a collaborative learning environment Flexible Learning Options Whether you prefer self-paced study or structured schedules, our platform offers flexible learning paths that fit your lifestyle. Access content anytime, and from anywhere, so you can learn at your own pace Exceptional Support Our dedicated support team is always here to help. Whether you have questions about a course or need technical assistance, we’re committed to ensuring you have a smooth and enjoyable learning experience Share on Facebook Share on LinkedIn Email this Page OER Open Education Resources Platform Building Skills, Shaping Ethics for a Better Future Featured OERs Pre Primary Primary Junior School Senior School OPEN EDUCATION RESOURCES Grade 6 Music Grade 6 Agriculture Grade 6 Social Studies – Strand 2 (Visual Impairment) Grade 6 Christian Religious Education See More WHAT WE OFFER At KICD we are dedicated to empowering learners with tools and curated resources so that they can excel academically and prepare them for an ever evolving future. Here is what you can expect from us: Comprehensive Content Explore a wide range of subjects, from math and science to literature and art. Our interactive courses are designed to engage students with dynamic content, including videos, quizzes, and hands-on projects Expert Instruction Learn from experienced educators and who bring real-world knowledge and insights into the classroom. Our instructors are dedicated to providing clear explanations and fostering a collaborative learning environment Flexible Learning Options Whether you prefer self-paced study or structured schedules, our platform offers flexible learning paths that fit your lifestyle. Access content anytime, and from anywhere, so you can learn at your own pace Exceptional Support Our dedicated support team is always here to help. Whether you have questions about a course or need technical assistance, we’re committed to ensuring you have a smooth and enjoyable learning experience Share on Facebook Share on LinkedIn Email this Page OER Open Education Resources Platform Building Skills, Shaping Ethics for a Better Future Featured OERs Pre Primary Primary Junior School Senior School OPEN EDUCATION RESOURCES Grade 6 Music Grade 6 Agriculture Grade 6 Social Studies – Strand 2 (Visual Impairment) Grade 6 Christian Religious Education See More WHAT WE OFFER At KICD we are dedicated to empowering learners with tools and curated resources so that they can excel academically and prepare them for an ever evolving future. Here is what you can expect from us: Comprehensive Content Explore a wide range of subjects, from math and science to literature and art. Our interactive courses are designed to engage students with dynamic content, including videos, quizzes, and hands-on projects Expert Instruction Learn from experienced educators and who bring real-world knowledge and insights into the classroom. Our instructors are dedicated to providing clear explanations and fostering a collaborative learning environment Flexible Learning Options Whether you prefer self-paced study or structured schedules, our platform offers flexible learning paths that fit your lifestyle. Access content anytime, and from anywhere, so you can learn at your own pace Exceptional Support Our dedicated support team is always here to help. Whether you have questions about a course or need technical assistance, we’re committed to ensuring you have a smooth and enjoyable learning experience Share on Facebook Share on LinkedIn Email this Page Featured OERs See More oer.kec.ac.ke Skip to content Home About Learning Areas Resources Menu Toggle Learning Areas Forums Events Calendar Mobile App Contact Log In Register Main Menu Home About Learning Areas Resources Menu Toggle Learning Areas Forums Events Calendar Mobile App Contact Log In Register OER Open Education Resources Platform Building Skills, Shaping Ethics for a Better Future Featured OERs Pre Primary Primary Junior School Senior School OPEN EDUCATION RESOURCES Grade 6 Music Grade 6 Agriculture Grade 6 Social Studies – Strand 2 (Visual Impairment) Grade 6 Christian Religious Education See More WHAT WE OFFER At KICD we are dedicated to empowering learners with tools and curated resources so that they can excel academically and prepare them for an ever evolving future. Here is what you can expect from us: Comprehensive Content Explore a wide range of subjects, from math and science to literature and art. Our interactive courses are designed to engage students with dynamic content, including videos, quizzes, and hands-on projects Expert Instruction Learn from experienced educators and who bring real-world knowledge and insights into the classroom. Our instructors are dedicated to providing clear explanations and fostering a collaborative learning environment Flexible Learning Options Whether you prefer self-paced study or structured schedules, our platform offers flexible learning paths that fit your lifestyle. Access content anytime, and from anywhere, so you can learn at your own pace Exceptional Support Our dedicated support team is always here to help. Whether you have questions about a course or need technical assistance, we’re committed to ensuring you have a smooth and enjoyable learning experience Share on Facebook Share on LinkedIn Email this Page Kenya Institute ofCurriculum DevelopmentOpen Education Resources“Nurturing Every Learners Potential” The Kenya Institute of Curriculum Development(KICD) is an Institute established through the KICDAct No. 4 of 2013 of the laws of Kenya. © 2025 Kenya Institute of Curriculum Development.All Rights Reserved Our Contacts Kenya Institute of Curriculum Development Desai Rd, Off­ Muranga Rd, Nairobi, Kenya. Telephone Contacts +254 20 3749900-9 +254 20 3749900-3 +254 729 327 334 +254 787 883 311 Email Address info@kicd.ac.ke Developed by Darasa Online, a subsidiary of Mashariki Ltd. (Kenya) Notifications","['mathematics', 'english', 'geography', 'agriculture', 'art', 'music', 'religious_education']",grade_6,unknown,[],2025-09-08T00:49:00.103828,unknown,,,,
https://lms.kec.ac.ke/mod/page/view.php?id=483,READS,"Kenya Education Cloud is your ultimate digital learning hub, providing access to curated e-learning resources, educational tools, and innovative content for students, teachers, and institutions.","READS Home Lessons Open Education Resourses(OERs) LTK | Concordia University READS READS (READS has been developed by the LTK+ team at Concordia University, Canada. It is an organized catalogue of hundreds of multi-national digital stories, including many in Kiswahili.) Digital Content | Kenya Education Cloud | Unlimited Learning Experiences Skip to main content (Login) READS Home Lessons Open Education Resourses(OERs) LTK | Concordia University READS READS (READS has been developed by the LTK+ team at Concordia University, Canada. It is an organized catalogue of hundreds of multi-national digital stories, including many in Kiswahili.) READS Home Calendar Pre-primary Pre-Primary 1 Pre-Primary 2 Primary Grade 1 Grade 2 Grade 3 Grade 4 Grade 5 Grade 6 Secondary Grade 7 Grade 8 Form 1 Form 2 Form 3 Form 4 OER's SNE The Kenya Education Cloud (KEC) is a digital platform designed to enhance teaching and learning in Kenya by providing a wide range of digital educational resources. Serving as a centralized hub for e-learning, it promotes access to interactive content, supports modern pedagogical methods, and fosters collaboration among educators and learners. External Links Ministry of Education Kenya National Examinations Council Teachers Service Commission Kenya Kenya Institute of Special Education (KISE) ICT Authority TVET Authority Elimika Additional Resources Accessible Digital Textbook (ADT) Curriculum Reports Parental Resources Child Online Protection Guidelines Our Contacts Kenya Institute of Curriculum DevelopmentDesai Rd, Off Muranga Rd,Nairobi, Kenya. Telephone Contacts+254 729327331 +254 729327334 Email Addressinfo@kicd.ac.ke Kenya Education Cloud © 2024. All rights reserved. Privacy Policy Terms & Conditions (Login) Data retention summary","['kiswahili', 'computer', 'art']",form_1,unknown,[],2025-09-08T00:49:01.251450,unknown,,,,
https://elimika.kec.ac.ke/course/view.php?id=6,Elimika Platform | Kenya Education Cloud | Unlimited Learning Experinces,"Elimika is an online teacher training platform , offering Competency Based Curriculum (CBC)-aligned courses developed by the Kenya Institute of Curriculum Development (KICD). Learn anytime, anywhere and enhance your skills in ICT integration, assessment, pedagogy, and professional teaching under Kenya’s Competency Based Curriculum.","Sign Up and Start Learning!. By signing up, you agree to our Terms of Use and Privacy Policy. Elimika Skip to create new account Sign In Username / email Password Remember username Forgot Password? Log in No Account? Sign up Alternatively, you can Log in to the Elimika platform using your account on: Microsoft Google Skip to create new account Sign In Username / email Password Remember username Forgot Password? Log in No Account? Sign up Alternatively, you can Log in to the Elimika platform using your account on: Microsoft Google Sign In Username / email Password Remember username Forgot Password? Log in No Account? Sign up Alternatively, you can Log in to the Elimika platform using your account on: Microsoft Google Elimika Platform | Kenya Education Cloud | Unlimited Learning Experinces Skip to main content Sign Up and Start Learning!. By signing up, you agree to our Terms of Use and Privacy Policy. Elimika Skip to create new account Sign In Username / email Password Remember username Forgot Password? Log in No Account? Sign up Alternatively, you can Log in to the Elimika platform using your account on: Microsoft Google You are not logged in. Home","['art', 'religious_education']",unknown,unknown,[],2025-09-08T00:49:01.717321,unknown,,,,
https://lms.kec.ac.ke/course/index.php?categoryid=337,Special Needs Education,"Kenya Education Cloud is your ultimate digital learning hub, providing access to curated e-learning resources, educational tools, and innovative content for students, teachers, and institutions.","Special Needs Education Home Lessons Special Needs Education Lesson categories: Pre-Primary Pre-Primary / Radio Lessons Pre-Primary / Educhannel Video Lessons Pre-Primary / Educhannel Video Lessons / Language Activities Pre-Primary / Educhannel Video Lessons / Mathematics Pre-Primary / Educhannel Video Lessons / Our School Pre-Primary / Educhannel Video Lessons / Picture Making Pre-Primary / Educhannel Video Lessons / Social Environment Pre-Primary / Educhannel Video Lessons / Pre-Primary 1 Pre-Primary / Educhannel Video Lessons / Pre-Primary 2 Pre-Primary / Interactive digital Content Pre-Primary / Ebooks Primary Education Primary Education / Grade 1 Primary Education / Grade 1 / Educhannel TV Lessons Primary Education / Grade 1 / Educhannel TV Lessons / English Primary Education / Grade 1 / Educhannel TV Lessons / Mathematics Primary Education / Grade 1 / Educhannel TV Lessons / Kiswahili Primary Education / Grade 1 / Educhannel TV Lessons / Kenya Sign Language(KSL) Primary Education / Grade 1 / Educhannel TV Lessons / Hygiene and nutrition Primary Education / Grade 1 / Educhannel TV Lessons / Environmental Activities Primary Education / Grade 1 / Interactive Digital Content Primary Education / Grade 1 / Radio Lessons Primary Education / Grade 1 / Radio Lessons / Mathematics Primary Education / Grade 1 / Radio Lessons / Mathematics / Grade 1 Term 2 Primary Education / Grade 1 / Radio Lessons / Mathematics / Grade 1 Term 3 Primary Education / Grade 1 / Radio Lessons / Kiswahili Primary Education / Grade 1 / Radio Lessons / Kiswahili / Grade 1 Term 2 Primary Education / Grade 1 / Radio Lessons / Kiswahili / Grade 1 Term 3 Primary Education / Grade 1 / Radio Lessons / English Primary Education / Grade 1 / Radio Lessons / English / Grade 1 Term 2 Primary Education / Grade 1 / Radio Lessons / English / Grade 1 Term 3 Primary Education / Grade 1 / Ebooks Primary Education / Grade 1 / Ebooks / Tusome readers Primary Education / Grade 1 / Ebooks / Indigenous Languages Primary Education / Grade 2 Primary Education / Grade 2 / Interactive Digital Content Primary Education / Grade 2 / Educhannel Tv Lessons Primary Education / Grade 2 / Educhannel Tv Lessons / Mathematics Primary Education / Grade 2 / Educhannel Tv Lessons / English Primary Education / Grade 2 / Radio Lessons Primary Education / Grade 2 / Radio Lessons / Mathematics Primary Education / Grade 2 / Radio Lessons / Mathematics / Grade 2 Term 2 Primary Education / Grade 2 / Radio Lessons / English Primary Education / Grade 2 / Radio Lessons / English / Grade 2 Term 2 Primary Education / Grade 2 / Radio Lessons / English / Grade 2 Term 3 Primary Education / Grade 2 / Radio Lessons / Kiswahili Primary Education / Grade 2 / Radio Lessons / Kiswahili / Grade 2 Term 3 Primary Education / Grade 2 / Hygiene and Nutrition Primary Education / Grade 2 / Hygiene and Nutrition / Grade 2 Term 2 Primary Education / Grade 2 / E-books Primary Education / Grade 2 / E-books / Tusome Readers Primary Education / Grade 3 Primary Education / Grade 3 / Radio Lessons Primary Education / Grade 3 / Radio Lessons / Mathematics Primary Education / Grade 3 / Radio Lessons / Mathematics / Grade 3 Term 2 Primary Education / Grade 3 / Radio Lessons / Mathematics / Grade 3 Term 3 Primary Education / Grade 3 / Radio Lessons / English Primary Education / Grade 3 / Radio Lessons / English / Grade 3 Term 2 Primary Education / Grade 3 / Radio Lessons / English / Grade 3 Term 3 Primary Education / Grade 3 / Radio Lessons / Environmental Activities Primary Education / Grade 3 / Radio Lessons / Environmental Activities / Grade 3 Term 2 Primary Education / Grade 3 / Radio Lessons / Kiswahili Primary Education / Grade 3 / Radio Lessons / Kiswahili / Grade 3 Term 3 Primary Education / Grade 3 / Educhannel TV Lessons Primary Education / Grade 3 / Educhannel TV Lessons / Mathematics Primary Education / Grade 3 / Educhannel TV Lessons / English Primary Education / Grade 3 / Educhannel TV Lessons / Kiswahili Primary Education / Grade 3 / Educhannel TV Lessons / Hygiene and Nutrition Primary Education / Grade 3 / Educhannel TV Lessons / Environmental Activities Primary Education / Grade 3 / Interactive Digital Content Primary Education / Grade 3 / EBooks Primary Education / Grade 3 / Tusome English Video Lessons Primary Education / Grade 3 / Tusome English Video Lessons / Tusome English Grade 3 Lessons Primary Education / Grade 4 Primary Education / Grade 4 / Educhannel Tv Lessons Primary Education / Grade 4 / Educhannel Tv Lessons / Home Science Primary Education / Grade 4 / Educhannel Tv Lessons / Agriculture Primary Education / Grade 4 / Educhannel Tv Lessons / Music Primary Education / Grade 4 / Educhannel Tv Lessons / Physical Education Primary Education / Grade 4 / Educhannel Tv Lessons / Art and Craft Primary Education / Grade 4 / Educhannel Tv Lessons / Kenya Sign Language Primary Education / Grade 4 / Educhannel Tv Lessons / Mathematics Primary Education / Grade 4 / Educhannel Tv Lessons / Science and Technology Primary Education / Grade 4 / Educhannel Tv Lessons / Social Studies Primary Education / Grade 4 / Educhannel Tv Lessons / English Primary Education / Grade 4 / Educhannel Tv Lessons / Kiswahili Primary Education / Grade 4 / Educhannel Tv Lessons / Environmental Activity Primary Education / Grade 4 / Radio lessons Primary Education / Grade 4 / Radio lessons / Social Studies Primary Education / Grade 4 / Radio lessons / Social Studies / Grade 4 Term 2 Primary Education / Grade 4 / Radio lessons / Social Studies / Grade 4 Term 3 Primary Education / Grade 4 / Radio lessons / CRE Primary Education / Grade 4 / Radio lessons / CRE / Grade 4 Term 2 Primary Education / Grade 4 / Radio lessons / English Primary Education / Grade 4 / Radio lessons / English / Grade 4 Term 2 Primary Education / Grade 4 / Radio lessons / English / Grade 4 Term 3 Primary Education / Grade 4 / Radio lessons / Hygiene and Nutrition Primary Education / Grade 4 / Radio lessons / Hygiene and Nutrition / Grade 4 Term 1 Primary Education / Grade 4 / Radio lessons / IRE Primary Education / Grade 4 / Radio lessons / IRE / Grade 4 Term 2 Primary Education / Grade 4 / Radio lessons / Science and Technology Primary Education / Grade 4 / Radio lessons / Science and Technology / Grade 4 Term 3 Primary Education / Grade 4 / Radio lessons / Agriculture Primary Education / Grade 4 / Radio lessons / Agriculture / Grade 4 Term 3 Primary Education / Grade 4 / Radio lessons / Mathematics Primary Education / Grade 4 / Radio lessons / Mathematics / Grade 4 Term 3 Primary Education / Grade 4 / SNE Primary Education / Grade 4 / Interactive Digital Content Primary Education / Grade 5 Primary Education / Grade 5 / Educhannel Tv Lessons Primary Education / Grade 5 / Educhannel Tv Lessons / English Primary Education / Grade 5 / Educhannel Tv Lessons / Kiswahili Primary Education / Grade 5 / Educhannel Tv Lessons / Mathematics Primary Education / Grade 5 / Radio Lessons Primary Education / Grade 5 / Radio Lessons / English Primary Education / Grade 5 / Radio Lessons / Science and Technology Primary Education / Grade 5 / Radio Lessons / Agriculture Primary Education / Grade 5 / Radio Lessons / Social studies Primary Education / Grade 5 / Radio Lessons / Christian Religious Education Primary Education / Grade 5 / Radio Lessons / Mathematics Primary Education / Grade 5 / Interactive Digital Content Primary Education / Grade 6 Primary Education / Grade 6 / Radio Lessons Primary Education / Grade 6 / Radio Lessons / CRE Primary Education / Grade 6 / Radio Lessons / Social Studies Primary Education / Grade 6 / Radio Lessons / Science Primary Education / Grade 6 / Radio Lessons / Kiswahili Primary Education / Grade 6 / Radio Lessons / English Primary Education / Grade 6 / Radio Lessons / Mathematics Primary Education / Grade 6 / Educhannel TV Lessons Primary Education / Grade 6 / Educhannel TV Lessons / Kiswahili Primary Education / Grade 6 / Educhannel TV Lessons / Agriculture Primary Education / Grade 6 / Educhannel TV Lessons / Art and Craft Primary Education / Grade 6 / Educhannel TV Lessons / English Primary Education / Grade 6 / Educhannel TV Lessons / Home Science Primary Education / Grade 6 / Educhannel TV Lessons / Music Primary Education / Grade 6 / Educhannel TV Lessons / Science and technology Primary Education / Grade 6 / Educhannel TV Lessons / Physical health education Primary Education / Grade 6 / Interactive Digital Content Junior School Junior School / Grade 8 Junior School / Grade 8 / Educhannel Tv Lessons Junior School / Grade 8 / Radio Lessons Junior School / Grade 8 / Interactive Digital Content Junior School / Grade 7 Junior School / Grade 7 / Educhannel TV lessons Junior School / Grade 7 / Radio Lessons Junior School / Grade 7 / Radio Lessons / Mathematics Junior School / Grade 7 / Radio Lessons / Kiswahili Junior School / Grade 7 / Radio Lessons / English Junior School / Grade 7 / Radio Lessons / Christian Religious Education Junior School / Grade 7 / Radio Lessons / Integrated Science Junior School / Grade 7 / Radio Lessons / Social Studies Junior School / Grade 7 / Radio Lessons / Pre-Technical Studies Junior School / Grade 7 / Interactive Digital Content Secondary Education Secondary Education / Form 1 Secondary Education / Form 1 / Interactive Digital Content Secondary Education / Form 1 / Educhannel Tv Lessons Secondary Education / Form 1 / Educhannel Tv Lessons / Mathematics Secondary Education / Form 1 / Educhannel Tv Lessons / English Secondary Education / Form 1 / Educhannel Tv Lessons / Physics Secondary Education / Form 1 / Educhannel Tv Lessons / Biology Secondary Education / Form 1 / Educhannel Tv Lessons / Chemistry Secondary Education / Form 1 / Educhannel Tv Lessons / Kiswahili Secondary Education / Form 1 / Educhannel Tv Lessons / History and Government Secondary Education / Form 1 / Educhannel Tv Lessons / Business Studies Secondary Education / Form 1 / Radio Lessons Secondary Education / Form 1 / Ebooks Secondary Education / Form 2 Secondary Education / Form 2 / Interactive Digital Content Secondary Education / Form 2 / Educhannel Tv Lessons Secondary Education / Form 2 / Educhannel Tv Lessons / Physics Secondary Education / Form 2 / Radio Lessons Secondary Education / Form 2 / Radio Lessons / Biology Secondary Education / Form 3 Secondary Education / Form 3 / Interactive Digital Content Secondary Education / Form 3 / Educhannel Tv Lessons Secondary Education / Form 3 / Educhannel Tv Lessons / Mathematics Secondary Education / Form 3 / Educhannel Tv Lessons / English Secondary Education / Form 3 / Educhannel Tv Lessons / Kiswahili Secondary Education / Form 3 / Educhannel Tv Lessons / Biology Secondary Education / Form 3 / Educhannel Tv Lessons / Chemistry Secondary Education / Form 3 / Educhannel Tv Lessons / Physics Secondary Education / Form 3 / Educhannel Tv Lessons / Business Studies Secondary Education / Form 3 / Educhannel Tv Lessons / History and Government Secondary Education / Form 3 / Radio Lessons Secondary Education / Form 4 Secondary Education / Form 4 / Interactive Digital Content Secondary Education / Form 4 / Educhannel Tv Lessons Secondary Education / Form 4 / Educhannel Tv Lessons / Form 4 Mathematics Secondary Education / Form 4 / Educhannel Tv Lessons / Form 4 English Secondary Education / Form 4 / Educhannel Tv Lessons / Form 4 Physics Secondary Education / Form 4 / Educhannel Tv Lessons / Form 4 Biology Secondary Education / Form 4 / Educhannel Tv Lessons / Form 4 Kiswahili Secondary Education / Form 4 / Educhannel Tv Lessons / Form 4 Chemistry Secondary Education / Form 4 / Educhannel Tv Lessons / Form 4 History and Government Secondary Education / Form 4 / Educhannel Tv Lessons / Form 4 Business Studies Secondary Education / Form 4 / Radio Lessons Secondary Education / Form 4 / Radio Lessons / Mathematics Secondary Education / Form 4 / Radio Lessons / Mathematics / Form 4 Term 1 Secondary Education / Form 4 / Radio Lessons / Mathematics / Form 4 Term 2 Secondary Education / Form 4 / Radio Lessons / Mathematics / Form 4 Term 3 General Knowledge General Knowledge / VOA Connect General Knowledge / Ask the expert General Knowledge / Citizenship and Democracy General Knowledge / Digital Story General Knowledge / Impacted Educhannel Lessons Educhannel Lessons / English Educhannel Lessons / English / Transport and travel Educhannel Lessons / English / Pronunciation skills Educhannel Lessons / English / Listening and speaking Educhannel Lessons / English / Family Educhannel Lessons / English / Environment Educhannel Lessons / English / Drug and Substance Educhannel Lessons / Agriculture Educhannel Lessons / Biology Educhannel Lessons / Biology / Living Things Educhannel Lessons / Biology / Secretion and homeostasis Educhannel Lessons / Biology / Support and movement Educhannel Lessons / Business Studies Educhannel Lessons / Chemistry Educhannel Lessons / Earth Movement and Volcanicity Educhannel Lessons / Environmental Activities Educhannel Lessons / Geograpghy Educhannel Lessons / History Educhannel Lessons / History / Kenyan History Educhannel Lessons / Homescience Educhannel Lessons / Homescience / Basic care clothing Educhannel Lessons / Kiswahili Educhannel Lessons / Kiswahili / Primary Educhannel Lessons / Kiswahili / Primary / Darasa 4-5 Educhannel Lessons / Kiswahili / Secondary Educhannel Lessons / Kiswahili / Secondary / Isimu Jamii Educhannel Lessons / Kiswahili / Secondary / Sarufi Educhannel Lessons / Mathematics Educhannel Lessons / Mathematics / Secondary Educhannel Lessons / Mathematics / Secondary / Commercial Arithmetics Educhannel Lessons / Mathematics / Primary Educhannel Lessons / Mathematics / Primary / Class 5-8 Educhannel Lessons / Mathematics / Primary / Class 5-8 / Practical uses of Money Educhannel Lessons / Mathematics / Primary / Class 5-8 / Measurement Educhannel Lessons / Organic Chemistry Educhannel Lessons / Performing Music Educhannel Lessons / Homescience Educhannel Lessons / Homescience / Basic care of clothing Educhannel Lessons / Art and Craft Educhannel Lessons / Physics Educhannel Lessons / Physics / Thermodynamics Educhannel Lessons / Physics / Mechanics Educhannel Lessons / Physics / Electricity and Magnetism Educhannel Lessons / The Doyen Exposition Educhannel Lessons / Science Educhannel Lessons / Science / Making work easier Educhannel Lessons / Science / Living Things Educhannel Lessons / Science / Energy conservation Educhannel Lessons / Physical and Health Education Educhannel Lessons / Physical and Health Education / Grade 1-4 Open Education Resourses(OERs) Open Education Resourses(OERs) / Movement and Creative Activities Open Education Resourses(OERs) / 	Religious Education Activities Open Education Resourses(OERs) / Mathematical Activities Open Education Resourses(OERs) / Environmental Activities Open Education Resourses(OERs) / Kiswahili Language Open Education Resourses(OERs) / LTK | Concordia University Open Education Resourses(OERs) / Hygiene and Nutrition Open Education Resourses(OERs) / ENGLISH LANGUAGE ACTIVITIES Open Education Resourses(OERs) / Casio Materials Open Education Resourses(OERs) / Health Education Open Education Resourses(OERs) / Carbon Literacy Special Needs Education Special Needs Education / Grade 1 Special Needs Education / Grade 1 / Adapted Interactive Digital Content for Hearing Impaired(HI) Special Needs Education / Grade 1 / Adapted Interactive Digital Content for Hearing Impaired(HI) / English Activities Special Needs Education / Grade 1 / Adapted Interactive Digital Content for Hearing Impaired(HI) / Environmental Activities Special Needs Education / Grade 1 / Adapted Interactive Digital Content for Hearing Impaired(HI) / Creative Activities Special Needs Education / Grade 1 / Adapted Interactive Digital Content for Visual Impaired(VI) Special Needs Education / Grade 2 Special Needs Education / Grade 2 / Adapted Interactive Digital Content for Hearing Impaired(HI) Special Needs Education / Grade 2 / Adapted Interactive Digital Content for Hearing Impaired(HI) / Mathematics Grade 2 Special Needs Education / Grade 2 / Adapted Interactive Digital Content for Hearing Impaired(HI) / Environmental Activities Grade 2 Special Needs Education / Grade 2 / Adapted Interactive Digital Content for Hearing Impaired(HI) / Hygiene and Nutrition Grade 2 Special Needs Education / Grade 2 / Adapted Interactive Digital Content for Hearing Impaired(HI) / Christian Religious Education Grade 2 (HI) Special Needs Education / Grade 2 / Adapted Interactive Digital Content for Hearing Impaired(HI) / Literacy Activities Grade2 (HI) Special Needs Education / Grade 2 / Adapted Interactive Digital Content for Hearing Impaired(HI) / English Activities Grad2 H.I Special Needs Education / Grade 2 / Adapted Interactive Digital Content for Hearing Impaired(HI) / Creative Activities Grade2 -H.I Special Needs Education / Grade 2 / Adapted Interactive Digital Content for Visual Impaired(VI) Special Needs Education / Grade 2 / Adapted Interactive Digital Content for Visual Impaired(VI) / Mathematics Special Needs Education / Grade 2 / Adapted Interactive Digital Content for Visual Impaired(VI) / Kiswahili Special Needs Education / Grade 2 / Adapted Interactive Digital Content for Visual Impaired(VI) / English Special Needs Education / Grade 2 / Adapted Interactive Digital Content for Visual Impaired(VI) / Creative Activities Special Needs Education / Grade 2 / Adapted Interactive Digital Content for Visual Impaired(VI) / CRE Special Needs Education / Grade 3 Special Needs Education / Grade 3 / Adapted Interactive Digital Content for Learners with Hearing Impairment (HI) Special Needs Education / Grade 3 / Adapted Interactive Digital Content for Learners with Hearing Impairment (HI) / Visual Arts Special Needs Education / Grade 3 / Adapted Interactive Digital Content for Learners with Hearing Impairment (HI) / English Special Needs Education / Grade 3 / Adapted Interactive Digital Content for Learners with Hearing Impairment (HI) / Hygiene and Nutrition Special Needs Education / Grade 3 / Adapted Interactive Digital Content for Learners with Hearing Impairment (HI) / Music Special Needs Education / Grade 3 / Adapted Interactive Digital Content for Learners with Hearing Impairment (HI) / Mathematics Special Needs Education / Grade 3 / Adapted Interactive Digital Content for Learners with Hearing Impairment (HI) / Environmental Special Needs Education / Grade 3 / Adapted Interactive Digital Content for Learners with Hearing Impairment (HI) / CRE Special Needs Education / Grade 3 / Adapted Interactive Digital Content for Learners with Visual Impairment (VI) Special Needs Education / Grade 3 / Adapted Interactive Digital Content for Learners with Visual Impairment (VI) / Music Special Needs Education / Grade 3 / Adapted Interactive Digital Content for Learners with Visual Impairment (VI) / Mathematics Special Needs Education / Grade 3 / Adapted Interactive Digital Content for Learners with Visual Impairment (VI) / Visual Arts Special Needs Education / Grade 3 / Adapted Interactive Digital Content for Learners with Visual Impairment (VI) / Kiswahili Special Needs Education / Grade 3 / Adapted Interactive Digital Content for Learners with Visual Impairment (VI) / Hygiene and Nutrition Special Needs Education / Grade 3 / Adapted Interactive Digital Content for Learners with Visual Impairment (VI) / Environmental Special Needs Education / Grade 3 / Adapted Interactive Digital Content for Learners with Visual Impairment (VI) / English Special Needs Education / Grade 3 / Adapted Interactive Digital Content for Learners with Visual Impairment (VI) / CRE Special Needs Education / Grade 4 Special Needs Education / Grade 4 / Adapted Interactive Digital Content for Learners with Hearing Impairment (HI) Special Needs Education / Grade 4 / Adapted Interactive Digital Content for Learners with Hearing Impairment (HI) / Mathematics Special Needs Education / Grade 4 / Adapted Interactive Digital Content for Learners with Hearing Impairment (HI) / English Special Needs Education / Grade 4 / Adapted Interactive Digital Content for Learners with Hearing Impairment (HI) / Science and Technology Special Needs Education / Grade 4 / Adapted Interactive Digital Content for Learners with Hearing Impairment (HI) / Agriculture Special Needs Education / Grade 4 / Adapted Interactive Digital Content for Learners with Hearing Impairment (HI) / Social Studies Special Needs Education / Grade 4 / Adapted Interactive Digital Content for Learners with Hearing Impairment (HI) / Home Science Special Needs Education / Grade 4 / Adapted Interactive Digital Content for Learners with Hearing Impairment (HI) / Art and Craft Special Needs Education / Grade 4 / Adapted Interactive Digital Content for Learners with Hearing Impairment (HI) / Music Special Needs Education / Grade 4 / Adapted Interactive Digital Content for Learners with Hearing Impairment (HI) / Christian Religious Education (CRE) Special Needs Education / Grade 4 / Adapted Interactive Digital Content for Learners with Visual Impairment (VI) Special Needs Education / Grade 4 / Adapted Interactive Digital Content for Learners with Visual Impairment (VI) / Mathematics Special Needs Education / Grade 4 / Adapted Interactive Digital Content for Learners with Visual Impairment (VI) / English Special Needs Education / Grade 4 / Adapted Interactive Digital Content for Learners with Visual Impairment (VI) / Kiswahili Special Needs Education / Grade 4 / Adapted Interactive Digital Content for Learners with Visual Impairment (VI) / Science and Technology Special Needs Education / Grade 4 / Adapted Interactive Digital Content for Learners with Visual Impairment (VI) / Agriculture Special Needs Education / Grade 4 / Adapted Interactive Digital Content for Learners with Visual Impairment (VI) / Social Studies Special Needs Education / Grade 4 / Adapted Interactive Digital Content for Learners with Visual Impairment (VI) / Home Science Special Needs Education / Grade 4 / Adapted Interactive Digital Content for Learners with Visual Impairment (VI) / Art and Craft Special Needs Education / Grade 4 / Adapted Interactive Digital Content for Learners with Visual Impairment (VI) / Christian Religious Education (CRE) Special Needs Education / Grade 4 / Adapted Interactive Digital Content for Learners with Visual Impairment (VI) / Music Special Needs Education / Grade 5 Special Needs Education / Grade 5 / Adapted Interactive Digital Content for Learners with Hearing Impairment (HI) Special Needs Education / Grade 5 / Adapted Interactive Digital Content for Learners with Hearing Impairment (HI) / English Special Needs Education / Grade 5 / Adapted Interactive Digital Content for Learners with Hearing Impairment (HI) / Christian Religious Education Special Needs Education / Grade 5 / Adapted Interactive Digital Content for Learners with Hearing Impairment (HI) / Social Studies Special Needs Education / Grade 5 / Adapted Interactive Digital Content for Learners with Hearing Impairment (HI) / Agriculture and Nutrition Special Needs Education / Grade 5 / Adapted Interactive Digital Content for Learners with Hearing Impairment (HI) / Creative Arts Special Needs Education / Grade 5 / Adapted Interactive Digital Content for Learners with Hearing Impairment (HI) / Mathematics Special Needs Education / Grade 5 / Adapted Interactive Digital Content for Learners with Hearing Impairment (HI) / Science and Technology Special Needs Education / Grade 5 / Adapted Interactive Digital Content for Learners with Hearing Impairment (HI) / Islamic Religious Education Special Needs Education / Grade 5 / Adapted Interactive Digital Content for Learners with Visual Impairment (VI) Special Needs Education / Grade 5 / Adapted Interactive Digital Content for Learners with Visual Impairment (VI) / Creative Arts Special Needs Education / Grade 5 / Adapted Interactive Digital Content for Learners with Visual Impairment (VI) / Social Studies Special Needs Education / Grade 5 / Adapted Interactive Digital Content for Learners with Visual Impairment (VI) / Kiswahili Special Needs Education / Grade 5 / Adapted Interactive Digital Content for Learners with Visual Impairment (VI) / Christian Religious Education Special Needs Education / Grade 5 / Adapted Interactive Digital Content for Learners with Visual Impairment (VI) / Science and Technology Special Needs Education / Grade 5 / Adapted Interactive Digital Content for Learners with Visual Impairment (VI) / Agriculture and Nutrition Special Needs Education / Grade 5 / Adapted Interactive Digital Content for Learners with Visual Impairment (VI) / Islamic Religious Education Special Needs Education / Grade 5 / Adapted Interactive Digital Content for Learners with Visual Impairment (VI) / Mathematics Special Needs Education / Grade 5 / Adapted Interactive Digital Content for Learners with Visual Impairment (VI) / English Special Needs Education / Grade 6 Special Needs Education / Grade 6 / Adapted Interactive Digital Content for Learners with Hearing Impairment (HI) Special Needs Education / Grade 6 / Adapted Interactive Digital Content for Learners with Hearing Impairment (HI) / Science and Technology Special Needs Education / Grade 6 / Adapted Interactive Digital Content for Learners with Hearing Impairment (HI) / Christian Religious Education Special Needs Education / Grade 6 / Adapted Interactive Digital Content for Learners with Hearing Impairment (HI) / Creative Arts Special Needs Education / Grade 6 / Adapted Interactive Digital Content for Learners with Hearing Impairment (HI) / Islamic Religious Education Special Needs Education / Grade 6 / Adapted Interactive Digital Content for Learners with Hearing Impairment (HI) / English Special Needs Education / Grade 6 / Adapted Interactive Digital Content for Learners with Hearing Impairment (HI) / Social Studies Special Needs Education / Grade 6 / Adapted Interactive Digital Content for Learners with Hearing Impairment (HI) / Agriculture Special Needs Education / Grade 6 / Adapted Interactive Digital Content for Learners with Hearing Impairment (HI) / Mathematics Special Needs Education / Grade 6 / Adapted Interactive Digital Content for Learners with Visual Impairment (VI) Special Needs Education / Grade 6 / Adapted Interactive Digital Content for Learners with Visual Impairment (VI) / Christian Religious Education Special Needs Education / Grade 6 / Adapted Interactive Digital Content for Learners with Visual Impairment (VI) / Kiswahili Special Needs Education / Grade 6 / Adapted Interactive Digital Content for Learners with Visual Impairment (VI) / English Special Needs Education / Grade 6 / Adapted Interactive Digital Content for Learners with Visual Impairment (VI) / Creative Arts Special Needs Education / Grade 6 / Adapted Interactive Digital Content for Learners with Visual Impairment (VI) / Mathematics Special Needs Education / Grade 6 / Adapted Interactive Digital Content for Learners with Visual Impairment (VI) / Science and Technology Special Needs Education / Grade 6 / Adapted Interactive Digital Content for Learners with Visual Impairment (VI) / Islamic Religious Education Special Needs Education / Grade 6 / Adapted Interactive Digital Content for Learners with Visual Impairment (VI) / Social Studies Special Needs Education / Grade 6 / Adapted Interactive Digital Content for Learners with Visual Impairment (VI) / Agriculture and Nutrition Special Needs Education / Ebooks Special Needs Education / Videos Special Needs Education / Foundational and Stage-Based Special Needs Education / Prevocational Level Special Needs Education / Prevocational Level / Music Special Needs Education / Prevocational Level / Hindu Religious Education Special Needs Education / Prevocational Level / Christian Religious Education Special Needs Education / Prevocational Level / Physical Education Special Needs Education / Prevocational Level / Islamic Religious Education Special Needs Education / Prevocational Level / Social Studies Special Needs Education / Prevocational Level / Prevocational Skills 1 Special Needs Education / Prevocational Level / Prevocational Skills 2 Special Needs Education / Prevocational Level / Prevocational Skills 3 Accessible Digital Textbooks Interactive Simulations for Sciences and Mathematics Interactive Simulations for Sciences and Mathematics / Physics Interactive Simulations for Sciences and Mathematics / Chemistry Interactive Simulations for Sciences and Mathematics / Mathematics Information, Education and Communication(IEC) Materials Information, Education and Communication(IEC) Materials / Child Online Safety Information, Education and Communication(IEC) Materials / Child Road Safety Information, Education and Communication(IEC) Materials / Child Road Safety / Integration Matrices Information, Education and Communication(IEC) Materials / Child Road Safety / Integration Matrices / Early Years Education Information, Education and Communication(IEC) Materials / Child Road Safety / Integration Matrices / Upper Primary Information, Education and Communication(IEC) Materials / Child Road Safety / Integration Matrices / Junior School Information, Education and Communication(IEC) Materials / Child Road Safety / Integration Matrices / Senior School Information, Education and Communication(IEC) Materials / Child Road Safety / Information, Education and Communication(IEC) Materials on Child Road Safety Information, Education and Communication(IEC) Materials / Child Road Safety / Information, Education and Communication(IEC) Materials on Child Road Safety / Early Years Education Information, Education and Communication(IEC) Materials / Child Road Safety / Information, Education and Communication(IEC) Materials on Child Road Safety / Upper Primary Information, Education and Communication(IEC) Materials / Child Road Safety / Information, Education and Communication(IEC) Materials on Child Road Safety / Junior School Information, Education and Communication(IEC) Materials / Child Road Safety / Information, Education and Communication(IEC) Materials on Child Road Safety / Senior School Information, Education and Communication(IEC) Materials / Child Road Safety / Teacher's Handbook Information, Education and Communication(IEC) Materials / Financial Literacy Learners’ Toolkit Teacher Resources Teacher Resources / Educational Resources Materials Development Teacher Resources / Educational Resources Materials Development / CRE Teacher Resources / Educational Resources Materials Development / English Teacher Resources / Educational Resources Materials Development / Environment Teacher Resources / Educational Resources Materials Development / Foundations Teacher Resources / Educational Resources Materials Development / H.R.E Teacher Resources / Educational Resources Materials Development / Hygiene and Nutrition Teacher Resources / Educational Resources Materials Development / I.R.E Teacher Resources / Educational Resources Materials Development / Kiswahili Teacher Resources / Educational Resources Materials Development / Language Activities Teacher Resources / Educational Resources Materials Development / Literacy Skills Teacher Resources / Educational Resources Materials Development / Mathematics Teacher Resources / Educational Resources Materials Development / Movements and Arts Teacher Resources / Pre-Primary Teacher Radio Programmes Teacher Resources / CBC Courses Teacher Resources / Special Needs Educations Teacher Resources / Interactive Digital Content for Teacher Education Teacher Resources / Interactive Digital Content for Teacher Education / English Teacher Resources / Interactive Digital Content for Teacher Education / Music Teacher Resources / Interactive Digital Content for Teacher Education / Christian Religious Education Teacher Resources / Interactive Digital Content for Teacher Education / Art and Craft Teacher Resources / Interactive Digital Content for Teacher Education / Indigenous Languages Teacher Resources / Interactive Digital Content for Teacher Education / Home science Teacher Resources / Interactive Digital Content for Teacher Education / Science and Technology Teacher Resources / Interactive Digital Content for Teacher Education / Islamic Religious Education Teacher Resources / Interactive Digital Content for Teacher Education / Mandarin Teacher Resources / Interactive Digital Content for Teacher Education / Agriculture Teacher Resources / Interactive Digital Content for Teacher Education / Mathematics Teacher Resources / Interactive Digital Content for Teacher Education / French Teacher Resources / Interactive Digital Content for Teacher Education / Hindu Religious Education Teacher Resources / Interactive Digital Content for Teacher Education / Social Studies Teacher Resources / Interactive Digital Content for Teacher Education / Kiswahili Teacher Resources / Interactive Digital Content for Teacher Education / Physical Education Teacher Resources / Interactive Digital Content for Teacher Education / Arabic Parental Resources Financial Literacy Financial Literacy / Financial Literacy for Junior School Financial Literacy / Financial Literacy for Junior School / Taxation Financial Literacy / Financial Literacy for Senior School Financial Literacy / Financial Literacy for Senior School / Taxation The content is specifically designed to deliver adapted interactive digital content for learners with hearing impairments (HI), visual impairments (VI), and other accessibility needs. Its mission is to ensure that every learner, regardless of their abilities, can actively engage with educational content through customized, inclusive, and engaging interfaces Search lessons Search Expand allGrade 1Grade 2Grade 3Grade 4Grade 5Grade 6EbooksVideosFoundational and Stage-Based Prevocational Level Grade 1Grade 2Grade 3Grade 4Grade 5Grade 6EbooksVideosFoundational and Stage-Based Prevocational Level Digital Content | Kenya Education Cloud | Unlimited Learning Experiences Skip to main content (Login) Special Needs Education Home Lessons Special Needs Education Lesson categories: Pre-Primary Pre-Primary / Radio Lessons Pre-Primary / Educhannel Video Lessons Pre-Primary / Educhannel Video Lessons / Language Activities Pre-Primary / Educhannel Video Lessons / Mathematics Pre-Primary / Educhannel Video Lessons / Our School Pre-Primary / Educhannel Video Lessons / Picture Making Pre-Primary / Educhannel Video Lessons / Social Environment Pre-Primary / Educhannel Video Lessons / Pre-Primary 1 Pre-Primary / Educhannel Video Lessons / Pre-Primary 2 Pre-Primary / Interactive digital Content Pre-Primary / Ebooks Primary Education Primary Education / Grade 1 Primary Education / Grade 1 / Educhannel TV Lessons Primary Education / Grade 1 / Educhannel TV Lessons / English Primary Education / Grade 1 / Educhannel TV Lessons / Mathematics Primary Education / Grade 1 / Educhannel TV Lessons / Kiswahili Primary Education / Grade 1 / Educhannel TV Lessons / Kenya Sign Language(KSL) Primary Education / Grade 1 / Educhannel TV Lessons / Hygiene and nutrition Primary Education / Grade 1 / Educhannel TV Lessons / Environmental Activities Primary Education / Grade 1 / Interactive Digital Content Primary Education / Grade 1 / Radio Lessons Primary Education / Grade 1 / Radio Lessons / Mathematics Primary Education / Grade 1 / Radio Lessons / Mathematics / Grade 1 Term 2 Primary Education / Grade 1 / Radio Lessons / Mathematics / Grade 1 Term 3 Primary Education / Grade 1 / Radio Lessons / Kiswahili Primary Education / Grade 1 / Radio Lessons / Kiswahili / Grade 1 Term 2 Primary Education / Grade 1 / Radio Lessons / Kiswahili / Grade 1 Term 3 Primary Education / Grade 1 / Radio Lessons / English Primary Education / Grade 1 / Radio Lessons / English / Grade 1 Term 2 Primary Education / Grade 1 / Radio Lessons / English / Grade 1 Term 3 Primary Education / Grade 1 / Ebooks Primary Education / Grade 1 / Ebooks / Tusome readers Primary Education / Grade 1 / Ebooks / Indigenous Languages Primary Education / Grade 2 Primary Education / Grade 2 / Interactive Digital Content Primary Education / Grade 2 / Educhannel Tv Lessons Primary Education / Grade 2 / Educhannel Tv Lessons / Mathematics Primary Education / Grade 2 / Educhannel Tv Lessons / English Primary Education / Grade 2 / Radio Lessons Primary Education / Grade 2 / Radio Lessons / Mathematics Primary Education / Grade 2 / Radio Lessons / Mathematics / Grade 2 Term 2 Primary Education / Grade 2 / Radio Lessons / English Primary Education / Grade 2 / Radio Lessons / English / Grade 2 Term 2 Primary Education / Grade 2 / Radio Lessons / English / Grade 2 Term 3 Primary Education / Grade 2 / Radio Lessons / Kiswahili Primary Education / Grade 2 / Radio Lessons / Kiswahili / Grade 2 Term 3 Primary Education / Grade 2 / Hygiene and Nutrition Primary Education / Grade 2 / Hygiene and Nutrition / Grade 2 Term 2 Primary Education / Grade 2 / E-books Primary Education / Grade 2 / E-books / Tusome Readers Primary Education / Grade 3 Primary Education / Grade 3 / Radio Lessons Primary Education / Grade 3 / Radio Lessons / Mathematics Primary Education / Grade 3 / Radio Lessons / Mathematics / Grade 3 Term 2 Primary Education / Grade 3 / Radio Lessons / Mathematics / Grade 3 Term 3 Primary Education / Grade 3 / Radio Lessons / English Primary Education / Grade 3 / Radio Lessons / English / Grade 3 Term 2 Primary Education / Grade 3 / Radio Lessons / English / Grade 3 Term 3 Primary Education / Grade 3 / Radio Lessons / Environmental Activities Primary Education / Grade 3 / Radio Lessons / Environmental Activities / Grade 3 Term 2 Primary Education / Grade 3 / Radio Lessons / Kiswahili Primary Education / Grade 3 / Radio Lessons / Kiswahili / Grade 3 Term 3 Primary Education / Grade 3 / Educhannel TV Lessons Primary Education / Grade 3 / Educhannel TV Lessons / Mathematics Primary Education / Grade 3 / Educhannel TV Lessons / English Primary Education / Grade 3 / Educhannel TV Lessons / Kiswahili Primary Education / Grade 3 / Educhannel TV Lessons / Hygiene and Nutrition Primary Education / Grade 3 / Educhannel TV Lessons / Environmental Activities Primary Education / Grade 3 / Interactive Digital Content Primary Education / Grade 3 / EBooks Primary Education / Grade 3 / Tusome English Video Lessons Primary Education / Grade 3 / Tusome English Video Lessons / Tusome English Grade 3 Lessons Primary Education / Grade 4 Primary Education / Grade 4 / Educhannel Tv Lessons Primary Education / Grade 4 / Educhannel Tv Lessons / Home Science Primary Education / Grade 4 / Educhannel Tv Lessons / Agriculture Primary Education / Grade 4 / Educhannel Tv Lessons / Music Primary Education / Grade 4 / Educhannel Tv Lessons / Physical Education Primary Education / Grade 4 / Educhannel Tv Lessons / Art and Craft Primary Education / Grade 4 / Educhannel Tv Lessons / Kenya Sign Language Primary Education / Grade 4 / Educhannel Tv Lessons / Mathematics Primary Education / Grade 4 / Educhannel Tv Lessons / Science and Technology Primary Education / Grade 4 / Educhannel Tv Lessons / Social Studies Primary Education / Grade 4 / Educhannel Tv Lessons / English Primary Education / Grade 4 / Educhannel Tv Lessons / Kiswahili Primary Education / Grade 4 / Educhannel Tv Lessons / Environmental Activity Primary Education / Grade 4 / Radio lessons Primary Education / Grade 4 / Radio lessons / Social Studies Primary Education / Grade 4 / Radio lessons / Social Studies / Grade 4 Term 2 Primary Education / Grade 4 / Radio lessons / Social Studies / Grade 4 Term 3 Primary Education / Grade 4 / Radio lessons / CRE Primary Education / Grade 4 / Radio lessons / CRE / Grade 4 Term 2 Primary Education / Grade 4 / Radio lessons / English Primary Education / Grade 4 / Radio lessons / English / Grade 4 Term 2 Primary Education / Grade 4 / Radio lessons / English / Grade 4 Term 3 Primary Education / Grade 4 / Radio lessons / Hygiene and Nutrition Primary Education / Grade 4 / Radio lessons / Hygiene and Nutrition / Grade 4 Term 1 Primary Education / Grade 4 / Radio lessons / IRE Primary Education / Grade 4 / Radio lessons / IRE / Grade 4 Term 2 Primary Education / Grade 4 / Radio lessons / Science and Technology Primary Education / Grade 4 / Radio lessons / Science and Technology / Grade 4 Term 3 Primary Education / Grade 4 / Radio lessons / Agriculture Primary Education / Grade 4 / Radio lessons / Agriculture / Grade 4 Term 3 Primary Education / Grade 4 / Radio lessons / Mathematics Primary Education / Grade 4 / Radio lessons / Mathematics / Grade 4 Term 3 Primary Education / Grade 4 / SNE Primary Education / Grade 4 / Interactive Digital Content Primary Education / Grade 5 Primary Education / Grade 5 / Educhannel Tv Lessons Primary Education / Grade 5 / Educhannel Tv Lessons / English Primary Education / Grade 5 / Educhannel Tv Lessons / Kiswahili Primary Education / Grade 5 / Educhannel Tv Lessons / Mathematics Primary Education / Grade 5 / Radio Lessons Primary Education / Grade 5 / Radio Lessons / English Primary Education / Grade 5 / Radio Lessons / Science and Technology Primary Education / Grade 5 / Radio Lessons / Agriculture Primary Education / Grade 5 / Radio Lessons / Social studies Primary Education / Grade 5 / Radio Lessons / Christian Religious Education Primary Education / Grade 5 / Radio Lessons / Mathematics Primary Education / Grade 5 / Interactive Digital Content Primary Education / Grade 6 Primary Education / Grade 6 / Radio Lessons Primary Education / Grade 6 / Radio Lessons / CRE Primary Education / Grade 6 / Radio Lessons / Social Studies Primary Education / Grade 6 / Radio Lessons / Science Primary Education / Grade 6 / Radio Lessons / Kiswahili Primary Education / Grade 6 / Radio Lessons / English Primary Education / Grade 6 / Radio Lessons / Mathematics Primary Education / Grade 6 / Educhannel TV Lessons Primary Education / Grade 6 / Educhannel TV Lessons / Kiswahili Primary Education / Grade 6 / Educhannel TV Lessons / Agriculture Primary Education / Grade 6 / Educhannel TV Lessons / Art and Craft Primary Education / Grade 6 / Educhannel TV Lessons / English Primary Education / Grade 6 / Educhannel TV Lessons / Home Science Primary Education / Grade 6 / Educhannel TV Lessons / Music Primary Education / Grade 6 / Educhannel TV Lessons / Science and technology Primary Education / Grade 6 / Educhannel TV Lessons / Physical health education Primary Education / Grade 6 / Interactive Digital Content Junior School Junior School / Grade 8 Junior School / Grade 8 / Educhannel Tv Lessons Junior School / Grade 8 / Radio Lessons Junior School / Grade 8 / Interactive Digital Content Junior School / Grade 7 Junior School / Grade 7 / Educhannel TV lessons Junior School / Grade 7 / Radio Lessons Junior School / Grade 7 / Radio Lessons / Mathematics Junior School / Grade 7 / Radio Lessons / Kiswahili Junior School / Grade 7 / Radio Lessons / English Junior School / Grade 7 / Radio Lessons / Christian Religious Education Junior School / Grade 7 / Radio Lessons / Integrated Science Junior School / Grade 7 / Radio Lessons / Social Studies Junior School / Grade 7 / Radio Lessons / Pre-Technical Studies Junior School / Grade 7 / Interactive Digital Content Secondary Education Secondary Education / Form 1 Secondary Education / Form 1 / Interactive Digital Content Secondary Education / Form 1 / Educhannel Tv Lessons Secondary Education / Form 1 / Educhannel Tv Lessons / Mathematics Secondary Education / Form 1 / Educhannel Tv Lessons / English Secondary Education / Form 1 / Educhannel Tv Lessons / Physics Secondary Education / Form 1 / Educhannel Tv Lessons / Biology Secondary Education / Form 1 / Educhannel Tv Lessons / Chemistry Secondary Education / Form 1 / Educhannel Tv Lessons / Kiswahili Secondary Education / Form 1 / Educhannel Tv Lessons / History and Government Secondary Education / Form 1 / Educhannel Tv Lessons / Business Studies Secondary Education / Form 1 / Radio Lessons Secondary Education / Form 1 / Ebooks Secondary Education / Form 2 Secondary Education / Form 2 / Interactive Digital Content Secondary Education / Form 2 / Educhannel Tv Lessons Secondary Education / Form 2 / Educhannel Tv Lessons / Physics Secondary Education / Form 2 / Radio Lessons Secondary Education / Form 2 / Radio Lessons / Biology Secondary Education / Form 3 Secondary Education / Form 3 / Interactive Digital Content Secondary Education / Form 3 / Educhannel Tv Lessons Secondary Education / Form 3 / Educhannel Tv Lessons / Mathematics Secondary Education / Form 3 / Educhannel Tv Lessons / English Secondary Education / Form 3 / Educhannel Tv Lessons / Kiswahili Secondary Education / Form 3 / Educhannel Tv Lessons / Biology Secondary Education / Form 3 / Educhannel Tv Lessons / Chemistry Secondary Education / Form 3 / Educhannel Tv Lessons / Physics Secondary Education / Form 3 / Educhannel Tv Lessons / Business Studies Secondary Education / Form 3 / Educhannel Tv Lessons / History and Government Secondary Education / Form 3 / Radio Lessons Secondary Education / Form 4 Secondary Education / Form 4 / Interactive Digital Content Secondary Education / Form 4 / Educhannel Tv Lessons Secondary Education / Form 4 / Educhannel Tv Lessons / Form 4 Mathematics Secondary Education / Form 4 / Educhannel Tv Lessons / Form 4 English Secondary Education / Form 4 / Educhannel Tv Lessons / Form 4 Physics Secondary Education / Form 4 / Educhannel Tv Lessons / Form 4 Biology Secondary Education / Form 4 / Educhannel Tv Lessons / Form 4 Kiswahili Secondary Education / Form 4 / Educhannel Tv Lessons / Form 4 Chemistry Secondary Education / Form 4 / Educhannel Tv Lessons / Form 4 History and Government Secondary Education / Form 4 / Educhannel Tv Lessons / Form 4 Business Studies Secondary Education / Form 4 / Radio Lessons Secondary Education / Form 4 / Radio Lessons / Mathematics Secondary Education / Form 4 / Radio Lessons / Mathematics / Form 4 Term 1 Secondary Education / Form 4 / Radio Lessons / Mathematics / Form 4 Term 2 Secondary Education / Form 4 / Radio Lessons / Mathematics / Form 4 Term 3 General Knowledge General Knowledge / VOA Connect General Knowledge / Ask the expert General Knowledge / Citizenship and Democracy General Knowledge / Digital Story General Knowledge / Impacted Educhannel Lessons Educhannel Lessons / English Educhannel Lessons / English / Transport and travel Educhannel Lessons / English / Pronunciation skills Educhannel Lessons / English / Listening and speaking Educhannel Lessons / English / Family Educhannel Lessons / English / Environment Educhannel Lessons / English / Drug and Substance Educhannel Lessons / Agriculture Educhannel Lessons / Biology Educhannel Lessons / Biology / Living Things Educhannel Lessons / Biology / Secretion and homeostasis Educhannel Lessons / Biology / Support and movement Educhannel Lessons / Business Studies Educhannel Lessons / Chemistry Educhannel Lessons / Earth Movement and Volcanicity Educhannel Lessons / Environmental Activities Educhannel Lessons / Geograpghy Educhannel Lessons / History Educhannel Lessons / History / Kenyan History Educhannel Lessons / Homescience Educhannel Lessons / Homescience / Basic care clothing Educhannel Lessons / Kiswahili Educhannel Lessons / Kiswahili / Primary Educhannel Lessons / Kiswahili / Primary / Darasa 4-5 Educhannel Lessons / Kiswahili / Secondary Educhannel Lessons / Kiswahili / Secondary / Isimu Jamii Educhannel Lessons / Kiswahili / Secondary / Sarufi Educhannel Lessons / Mathematics Educhannel Lessons / Mathematics / Secondary Educhannel Lessons / Mathematics / Secondary / Commercial Arithmetics Educhannel Lessons / Mathematics / Primary Educhannel Lessons / Mathematics / Primary / Class 5-8 Educhannel Lessons / Mathematics / Primary / Class 5-8 / Practical uses of Money Educhannel Lessons / Mathematics / Primary / Class 5-8 / Measurement Educhannel Lessons / Organic Chemistry Educhannel Lessons / Performing Music Educhannel Lessons / Homescience Educhannel Lessons / Homescience / Basic care of clothing Educhannel Lessons / Art and Craft Educhannel Lessons / Physics Educhannel Lessons / Physics / Thermodynamics Educhannel Lessons / Physics / Mechanics Educhannel Lessons / Physics / Electricity and Magnetism Educhannel Lessons / The Doyen Exposition Educhannel Lessons / Science Educhannel Lessons / Science / Making work easier Educhannel Lessons / Science / Living Things Educhannel Lessons / Science / Energy conservation Educhannel Lessons / Physical and Health Education Educhannel Lessons / Physical and Health Education / Grade 1-4 Open Education Resourses(OERs) Open Education Resourses(OERs) / Movement and Creative Activities Open Education Resourses(OERs) / 	Religious Education Activities Open Education Resourses(OERs) / Mathematical Activities Open Education Resourses(OERs) / Environmental Activities Open Education Resourses(OERs) / Kiswahili Language Open Education Resourses(OERs) / LTK | Concordia University Open Education Resourses(OERs) / Hygiene and Nutrition Open Education Resourses(OERs) / ENGLISH LANGUAGE ACTIVITIES Open Education Resourses(OERs) / Casio Materials Open Education Resourses(OERs) / Health Education Open Education Resourses(OERs) / Carbon Literacy Special Needs Education Special Needs Education / Grade 1 Special Needs Education / Grade 1 / Adapted Interactive Digital Content for Hearing Impaired(HI) Special Needs Education / Grade 1 / Adapted Interactive Digital Content for Hearing Impaired(HI) / English Activities Special Needs Education / Grade 1 / Adapted Interactive Digital Content for Hearing Impaired(HI) / Environmental Activities Special Needs Education / Grade 1 / Adapted Interactive Digital Content for Hearing Impaired(HI) / Creative Activities Special Needs Education / Grade 1 / Adapted Interactive Digital Content for Visual Impaired(VI) Special Needs Education / Grade 2 Special Needs Education / Grade 2 / Adapted Interactive Digital Content for Hearing Impaired(HI) Special Needs Education / Grade 2 / Adapted Interactive Digital Content for Hearing Impaired(HI) / Mathematics Grade 2 Special Needs Education / Grade 2 / Adapted Interactive Digital Content for Hearing Impaired(HI) / Environmental Activities Grade 2 Special Needs Education / Grade 2 / Adapted Interactive Digital Content for Hearing Impaired(HI) / Hygiene and Nutrition Grade 2 Special Needs Education / Grade 2 / Adapted Interactive Digital Content for Hearing Impaired(HI) / Christian Religious Education Grade 2 (HI) Special Needs Education / Grade 2 / Adapted Interactive Digital Content for Hearing Impaired(HI) / Literacy Activities Grade2 (HI) Special Needs Education / Grade 2 / Adapted Interactive Digital Content for Hearing Impaired(HI) / English Activities Grad2 H.I Special Needs Education / Grade 2 / Adapted Interactive Digital Content for Hearing Impaired(HI) / Creative Activities Grade2 -H.I Special Needs Education / Grade 2 / Adapted Interactive Digital Content for Visual Impaired(VI) Special Needs Education / Grade 2 / Adapted Interactive Digital Content for Visual Impaired(VI) / Mathematics Special Needs Education / Grade 2 / Adapted Interactive Digital Content for Visual Impaired(VI) / Kiswahili Special Needs Education / Grade 2 / Adapted Interactive Digital Content for Visual Impaired(VI) / English Special Needs Education / Grade 2 / Adapted Interactive Digital Content for Visual Impaired(VI) / Creative Activities Special Needs Education / Grade 2 / Adapted Interactive Digital Content for Visual Impaired(VI) / CRE Special Needs Education / Grade 3 Special Needs Education / Grade 3 / Adapted Interactive Digital Content for Learners with Hearing Impairment (HI) Special Needs Education / Grade 3 / Adapted Interactive Digital Content for Learners with Hearing Impairment (HI) / Visual Arts Special Needs Education / Grade 3 / Adapted Interactive Digital Content for Learners with Hearing Impairment (HI) / English Special Needs Education / Grade 3 / Adapted Interactive Digital Content for Learners with Hearing Impairment (HI) / Hygiene and Nutrition Special Needs Education / Grade 3 / Adapted Interactive Digital Content for Learners with Hearing Impairment (HI) / Music Special Needs Education / Grade 3 / Adapted Interactive Digital Content for Learners with Hearing Impairment (HI) / Mathematics Special Needs Education / Grade 3 / Adapted Interactive Digital Content for Learners with Hearing Impairment (HI) / Environmental Special Needs Education / Grade 3 / Adapted Interactive Digital Content for Learners with Hearing Impairment (HI) / CRE Special Needs Education / Grade 3 / Adapted Interactive Digital Content for Learners with Visual Impairment (VI) Special Needs Education / Grade 3 / Adapted Interactive Digital Content for Learners with Visual Impairment (VI) / Music Special Needs Education / Grade 3 / Adapted Interactive Digital Content for Learners with Visual Impairment (VI) / Mathematics Special Needs Education / Grade 3 / Adapted Interactive Digital Content for Learners with Visual Impairment (VI) / Visual Arts Special Needs Education / Grade 3 / Adapted Interactive Digital Content for Learners with Visual Impairment (VI) / Kiswahili Special Needs Education / Grade 3 / Adapted Interactive Digital Content for Learners with Visual Impairment (VI) / Hygiene and Nutrition Special Needs Education / Grade 3 / Adapted Interactive Digital Content for Learners with Visual Impairment (VI) / Environmental Special Needs Education / Grade 3 / Adapted Interactive Digital Content for Learners with Visual Impairment (VI) / English Special Needs Education / Grade 3 / Adapted Interactive Digital Content for Learners with Visual Impairment (VI) / CRE Special Needs Education / Grade 4 Special Needs Education / Grade 4 / Adapted Interactive Digital Content for Learners with Hearing Impairment (HI) Special Needs Education / Grade 4 / Adapted Interactive Digital Content for Learners with Hearing Impairment (HI) / Mathematics Special Needs Education / Grade 4 / Adapted Interactive Digital Content for Learners with Hearing Impairment (HI) / English Special Needs Education / Grade 4 / Adapted Interactive Digital Content for Learners with Hearing Impairment (HI) / Science and Technology Special Needs Education / Grade 4 / Adapted Interactive Digital Content for Learners with Hearing Impairment (HI) / Agriculture Special Needs Education / Grade 4 / Adapted Interactive Digital Content for Learners with Hearing Impairment (HI) / Social Studies Special Needs Education / Grade 4 / Adapted Interactive Digital Content for Learners with Hearing Impairment (HI) / Home Science Special Needs Education / Grade 4 / Adapted Interactive Digital Content for Learners with Hearing Impairment (HI) / Art and Craft Special Needs Education / Grade 4 / Adapted Interactive Digital Content for Learners with Hearing Impairment (HI) / Music Special Needs Education / Grade 4 / Adapted Interactive Digital Content for Learners with Hearing Impairment (HI) / Christian Religious Education (CRE) Special Needs Education / Grade 4 / Adapted Interactive Digital Content for Learners with Visual Impairment (VI) Special Needs Education / Grade 4 / Adapted Interactive Digital Content for Learners with Visual Impairment (VI) / Mathematics Special Needs Education / Grade 4 / Adapted Interactive Digital Content for Learners with Visual Impairment (VI) / English Special Needs Education / Grade 4 / Adapted Interactive Digital Content for Learners with Visual Impairment (VI) / Kiswahili Special Needs Education / Grade 4 / Adapted Interactive Digital Content for Learners with Visual Impairment (VI) / Science and Technology Special Needs Education / Grade 4 / Adapted Interactive Digital Content for Learners with Visual Impairment (VI) / Agriculture Special Needs Education / Grade 4 / Adapted Interactive Digital Content for Learners with Visual Impairment (VI) / Social Studies Special Needs Education / Grade 4 / Adapted Interactive Digital Content for Learners with Visual Impairment (VI) / Home Science Special Needs Education / Grade 4 / Adapted Interactive Digital Content for Learners with Visual Impairment (VI) / Art and Craft Special Needs Education / Grade 4 / Adapted Interactive Digital Content for Learners with Visual Impairment (VI) / Christian Religious Education (CRE) Special Needs Education / Grade 4 / Adapted Interactive Digital Content for Learners with Visual Impairment (VI) / Music Special Needs Education / Grade 5 Special Needs Education / Grade 5 / Adapted Interactive Digital Content for Learners with Hearing Impairment (HI) Special Needs Education / Grade 5 / Adapted Interactive Digital Content for Learners with Hearing Impairment (HI) / English Special Needs Education / Grade 5 / Adapted Interactive Digital Content for Learners with Hearing Impairment (HI) / Christian Religious Education Special Needs Education / Grade 5 / Adapted Interactive Digital Content for Learners with Hearing Impairment (HI) / Social Studies Special Needs Education / Grade 5 / Adapted Interactive Digital Content for Learners with Hearing Impairment (HI) / Agriculture and Nutrition Special Needs Education / Grade 5 / Adapted Interactive Digital Content for Learners with Hearing Impairment (HI) / Creative Arts Special Needs Education / Grade 5 / Adapted Interactive Digital Content for Learners with Hearing Impairment (HI) / Mathematics Special Needs Education / Grade 5 / Adapted Interactive Digital Content for Learners with Hearing Impairment (HI) / Science and Technology Special Needs Education / Grade 5 / Adapted Interactive Digital Content for Learners with Hearing Impairment (HI) / Islamic Religious Education Special Needs Education / Grade 5 / Adapted Interactive Digital Content for Learners with Visual Impairment (VI) Special Needs Education / Grade 5 / Adapted Interactive Digital Content for Learners with Visual Impairment (VI) / Creative Arts Special Needs Education / Grade 5 / Adapted Interactive Digital Content for Learners with Visual Impairment (VI) / Social Studies Special Needs Education / Grade 5 / Adapted Interactive Digital Content for Learners with Visual Impairment (VI) / Kiswahili Special Needs Education / Grade 5 / Adapted Interactive Digital Content for Learners with Visual Impairment (VI) / Christian Religious Education Special Needs Education / Grade 5 / Adapted Interactive Digital Content for Learners with Visual Impairment (VI) / Science and Technology Special Needs Education / Grade 5 / Adapted Interactive Digital Content for Learners with Visual Impairment (VI) / Agriculture and Nutrition Special Needs Education / Grade 5 / Adapted Interactive Digital Content for Learners with Visual Impairment (VI) / Islamic Religious Education Special Needs Education / Grade 5 / Adapted Interactive Digital Content for Learners with Visual Impairment (VI) / Mathematics Special Needs Education / Grade 5 / Adapted Interactive Digital Content for Learners with Visual Impairment (VI) / English Special Needs Education / Grade 6 Special Needs Education / Grade 6 / Adapted Interactive Digital Content for Learners with Hearing Impairment (HI) Special Needs Education / Grade 6 / Adapted Interactive Digital Content for Learners with Hearing Impairment (HI) / Science and Technology Special Needs Education / Grade 6 / Adapted Interactive Digital Content for Learners with Hearing Impairment (HI) / Christian Religious Education Special Needs Education / Grade 6 / Adapted Interactive Digital Content for Learners with Hearing Impairment (HI) / Creative Arts Special Needs Education / Grade 6 / Adapted Interactive Digital Content for Learners with Hearing Impairment (HI) / Islamic Religious Education Special Needs Education / Grade 6 / Adapted Interactive Digital Content for Learners with Hearing Impairment (HI) / English Special Needs Education / Grade 6 / Adapted Interactive Digital Content for Learners with Hearing Impairment (HI) / Social Studies Special Needs Education / Grade 6 / Adapted Interactive Digital Content for Learners with Hearing Impairment (HI) / Agriculture Special Needs Education / Grade 6 / Adapted Interactive Digital Content for Learners with Hearing Impairment (HI) / Mathematics Special Needs Education / Grade 6 / Adapted Interactive Digital Content for Learners with Visual Impairment (VI) Special Needs Education / Grade 6 / Adapted Interactive Digital Content for Learners with Visual Impairment (VI) / Christian Religious Education Special Needs Education / Grade 6 / Adapted Interactive Digital Content for Learners with Visual Impairment (VI) / Kiswahili Special Needs Education / Grade 6 / Adapted Interactive Digital Content for Learners with Visual Impairment (VI) / English Special Needs Education / Grade 6 / Adapted Interactive Digital Content for Learners with Visual Impairment (VI) / Creative Arts Special Needs Education / Grade 6 / Adapted Interactive Digital Content for Learners with Visual Impairment (VI) / Mathematics Special Needs Education / Grade 6 / Adapted Interactive Digital Content for Learners with Visual Impairment (VI) / Science and Technology Special Needs Education / Grade 6 / Adapted Interactive Digital Content for Learners with Visual Impairment (VI) / Islamic Religious Education Special Needs Education / Grade 6 / Adapted Interactive Digital Content for Learners with Visual Impairment (VI) / Social Studies Special Needs Education / Grade 6 / Adapted Interactive Digital Content for Learners with Visual Impairment (VI) / Agriculture and Nutrition Special Needs Education / Ebooks Special Needs Education / Videos Special Needs Education / Foundational and Stage-Based Special Needs Education / Prevocational Level Special Needs Education / Prevocational Level / Music Special Needs Education / Prevocational Level / Hindu Religious Education Special Needs Education / Prevocational Level / Christian Religious Education Special Needs Education / Prevocational Level / Physical Education Special Needs Education / Prevocational Level / Islamic Religious Education Special Needs Education / Prevocational Level / Social Studies Special Needs Education / Prevocational Level / Prevocational Skills 1 Special Needs Education / Prevocational Level / Prevocational Skills 2 Special Needs Education / Prevocational Level / Prevocational Skills 3 Accessible Digital Textbooks Interactive Simulations for Sciences and Mathematics Interactive Simulations for Sciences and Mathematics / Physics Interactive Simulations for Sciences and Mathematics / Chemistry Interactive Simulations for Sciences and Mathematics / Mathematics Information, Education and Communication(IEC) Materials Information, Education and Communication(IEC) Materials / Child Online Safety Information, Education and Communication(IEC) Materials / Child Road Safety Information, Education and Communication(IEC) Materials / Child Road Safety / Integration Matrices Information, Education and Communication(IEC) Materials / Child Road Safety / Integration Matrices / Early Years Education Information, Education and Communication(IEC) Materials / Child Road Safety / Integration Matrices / Upper Primary Information, Education and Communication(IEC) Materials / Child Road Safety / Integration Matrices / Junior School Information, Education and Communication(IEC) Materials / Child Road Safety / Integration Matrices / Senior School Information, Education and Communication(IEC) Materials / Child Road Safety / Information, Education and Communication(IEC) Materials on Child Road Safety Information, Education and Communication(IEC) Materials / Child Road Safety / Information, Education and Communication(IEC) Materials on Child Road Safety / Early Years Education Information, Education and Communication(IEC) Materials / Child Road Safety / Information, Education and Communication(IEC) Materials on Child Road Safety / Upper Primary Information, Education and Communication(IEC) Materials / Child Road Safety / Information, Education and Communication(IEC) Materials on Child Road Safety / Junior School Information, Education and Communication(IEC) Materials / Child Road Safety / Information, Education and Communication(IEC) Materials on Child Road Safety / Senior School Information, Education and Communication(IEC) Materials / Child Road Safety / Teacher's Handbook Information, Education and Communication(IEC) Materials / Financial Literacy Learners’ Toolkit Teacher Resources Teacher Resources / Educational Resources Materials Development Teacher Resources / Educational Resources Materials Development / CRE Teacher Resources / Educational Resources Materials Development / English Teacher Resources / Educational Resources Materials Development / Environment Teacher Resources / Educational Resources Materials Development / Foundations Teacher Resources / Educational Resources Materials Development / H.R.E Teacher Resources / Educational Resources Materials Development / Hygiene and Nutrition Teacher Resources / Educational Resources Materials Development / I.R.E Teacher Resources / Educational Resources Materials Development / Kiswahili Teacher Resources / Educational Resources Materials Development / Language Activities Teacher Resources / Educational Resources Materials Development / Literacy Skills Teacher Resources / Educational Resources Materials Development / Mathematics Teacher Resources / Educational Resources Materials Development / Movements and Arts Teacher Resources / Pre-Primary Teacher Radio Programmes Teacher Resources / CBC Courses Teacher Resources / Special Needs Educations Teacher Resources / Interactive Digital Content for Teacher Education Teacher Resources / Interactive Digital Content for Teacher Education / English Teacher Resources / Interactive Digital Content for Teacher Education / Music Teacher Resources / Interactive Digital Content for Teacher Education / Christian Religious Education Teacher Resources / Interactive Digital Content for Teacher Education / Art and Craft Teacher Resources / Interactive Digital Content for Teacher Education / Indigenous Languages Teacher Resources / Interactive Digital Content for Teacher Education / Home science Teacher Resources / Interactive Digital Content for Teacher Education / Science and Technology Teacher Resources / Interactive Digital Content for Teacher Education / Islamic Religious Education Teacher Resources / Interactive Digital Content for Teacher Education / Mandarin Teacher Resources / Interactive Digital Content for Teacher Education / Agriculture Teacher Resources / Interactive Digital Content for Teacher Education / Mathematics Teacher Resources / Interactive Digital Content for Teacher Education / French Teacher Resources / Interactive Digital Content for Teacher Education / Hindu Religious Education Teacher Resources / Interactive Digital Content for Teacher Education / Social Studies Teacher Resources / Interactive Digital Content for Teacher Education / Kiswahili Teacher Resources / Interactive Digital Content for Teacher Education / Physical Education Teacher Resources / Interactive Digital Content for Teacher Education / Arabic Parental Resources Financial Literacy Financial Literacy / Financial Literacy for Junior School Financial Literacy / Financial Literacy for Junior School / Taxation Financial Literacy / Financial Literacy for Senior School Financial Literacy / Financial Literacy for Senior School / Taxation The content is specifically designed to deliver adapted interactive digital content for learners with hearing impairments (HI), visual impairments (VI), and other accessibility needs. Its mission is to ensure that every learner, regardless of their abilities, can actively engage with educational content through customized, inclusive, and engaging interfaces Search lessons Search Expand allGrade 1Grade 2Grade 3Grade 4Grade 5Grade 6EbooksVideosFoundational and Stage-Based Prevocational Level Home Calendar Pre-primary Pre-Primary 1 Pre-Primary 2 Primary Grade 1 Grade 2 Grade 3 Grade 4 Grade 5 Grade 6 Secondary Grade 7 Grade 8 Form 1 Form 2 Form 3 Form 4 OER's SNE The Kenya Education Cloud (KEC) is a digital platform designed to enhance teaching and learning in Kenya by providing a wide range of digital educational resources. Serving as a centralized hub for e-learning, it promotes access to interactive content, supports modern pedagogical methods, and fosters collaboration among educators and learners. External Links Ministry of Education Kenya National Examinations Council Teachers Service Commission Kenya Kenya Institute of Special Education (KISE) ICT Authority TVET Authority Elimika Additional Resources Accessible Digital Textbook (ADT) Curriculum Reports Parental Resources Child Online Protection Guidelines Our Contacts Kenya Institute of Curriculum DevelopmentDesai Rd, Off Muranga Rd,Nairobi, Kenya. Telephone Contacts+254 729327331 +254 729327334 Email Addressinfo@kicd.ac.ke Kenya Education Cloud © 2024. All rights reserved. Privacy Policy Terms & Conditions (Login) Data retention summary","['mathematics', 'english', 'kiswahili', 'biology', 'chemistry', 'physics', 'geography', 'history', 'business', 'computer', 'agriculture', 'home_science', 'art', 'music', 'physical_education', 'religious_education']",form_1,cbc,[],2025-09-08T00:49:02.143838,unknown,,,,
https://kec.ac.ke/#maincontent,Kenya Education Cloud | Unlimited learning experiences,"Kenya Education Cloud is your ultimate digital learning hub, providing access to curated e-learning resources, educational tools, and innovative content for students, teachers, and institutions.","Navigation HomeCourses HomeCourses Pre-Primary Education Pre-Primary 1 Pre-Primary 2 Primary Education Grade 1 *CBC* *SNE* Grade 2 *CBC* *SNE* Grade 3 *CBC* *SNE* Grade 4 *CBC* *SNE* Grade 5 *CBC* *SNE* Grade 6 *CBC* *SNE* Junior School Education Grade 7 *CBC* *SNE* Grade 8 *CBC* *SNE* Grade 9 *CBC* *SNE* Secondary Education Form 1 *8-4-4* *SNE* Form 2 *8-4-4* *SNE* Form 3 *8-4-4* *SNE* Form 4 *8-4-4* *SNE* Kenya Education Cloud | Unlimited learning experiences Skip to main content Digital Content Elimika Courses OER Portal You are not logged in. (Login) Our Blocks You can see list of blocks here. Skip Navigation Navigation HomeCourses Previous Next Pre-Primary Education Pre-Primary 1 Pre-Primary 2 Primary Education Grade 1 *CBC* *SNE* Grade 2 *CBC* *SNE* Grade 3 *CBC* *SNE* Grade 4 *CBC* *SNE* Grade 5 *CBC* *SNE* Grade 6 *CBC* *SNE* Junior School Education Grade 7 *CBC* *SNE* Grade 8 *CBC* *SNE* Grade 9 *CBC* *SNE* Secondary Education Form 1 *8-4-4* *SNE* Form 2 *8-4-4* *SNE* Form 3 *8-4-4* *SNE* Form 4 *8-4-4* *SNE* The Kenya Education Cloud (KEC) is a digital platform designed to enhance teaching and learning in Kenya by providing a wide range of digital educational resources. Serving as a centralized hub for e-learning, it promotes access to interactive content, supports modern pedagogical methods, and fosters collaboration among educators and learners. External Links Ministry of Education Kenya National Examinations Council Teachers Service Commission Kenya Kenya Institute of Special Education (KISE) ICT Authority TVET Authority Elimika Additional Resources Accessible Digital Textbook (ADT) Curriculum Reports OrangeBook - List of Approved materials Child Online Protection Guidelines Parental Resources Our Contacts Kenya Institute of Curriculum DevelopmentDesai Rd, Off Muranga Rd,Nairobi, Kenya. Telephone Contacts+254 729327331 +254 729327334 Email Addressinfo@kicd.ac.ke Kenya Education Cloud © 2024. All rights reserved. Help and Support Privacy Policy Terms & Conditions","['computer', 'art']",form_1,cbc,[],2025-09-08T00:49:03.593079,unknown,,,,
https://lms.kec.ac.ke/course/index.php?categoryid=493,Physics,"Kenya Education Cloud is your ultimate digital learning hub, providing access to curated e-learning resources, educational tools, and innovative content for students, teachers, and institutions.","Physics Home Lessons Interactive Simulations for Sciences and Mathematics Physics Lesson categories: Pre-Primary Pre-Primary / Radio Lessons Pre-Primary / Educhannel Video Lessons Pre-Primary / Educhannel Video Lessons / Language Activities Pre-Primary / Educhannel Video Lessons / Mathematics Pre-Primary / Educhannel Video Lessons / Our School Pre-Primary / Educhannel Video Lessons / Picture Making Pre-Primary / Educhannel Video Lessons / Social Environment Pre-Primary / Educhannel Video Lessons / Pre-Primary 1 Pre-Primary / Educhannel Video Lessons / Pre-Primary 2 Pre-Primary / Interactive digital Content Pre-Primary / Ebooks Primary Education Primary Education / Grade 1 Primary Education / Grade 1 / Educhannel TV Lessons Primary Education / Grade 1 / Educhannel TV Lessons / English Primary Education / Grade 1 / Educhannel TV Lessons / Mathematics Primary Education / Grade 1 / Educhannel TV Lessons / Kiswahili Primary Education / Grade 1 / Educhannel TV Lessons / Kenya Sign Language(KSL) Primary Education / Grade 1 / Educhannel TV Lessons / Hygiene and nutrition Primary Education / Grade 1 / Educhannel TV Lessons / Environmental Activities Primary Education / Grade 1 / Interactive Digital Content Primary Education / Grade 1 / Radio Lessons Primary Education / Grade 1 / Radio Lessons / Mathematics Primary Education / Grade 1 / Radio Lessons / Mathematics / Grade 1 Term 2 Primary Education / Grade 1 / Radio Lessons / Mathematics / Grade 1 Term 3 Primary Education / Grade 1 / Radio Lessons / Kiswahili Primary Education / Grade 1 / Radio Lessons / Kiswahili / Grade 1 Term 2 Primary Education / Grade 1 / Radio Lessons / Kiswahili / Grade 1 Term 3 Primary Education / Grade 1 / Radio Lessons / English Primary Education / Grade 1 / Radio Lessons / English / Grade 1 Term 2 Primary Education / Grade 1 / Radio Lessons / English / Grade 1 Term 3 Primary Education / Grade 1 / Ebooks Primary Education / Grade 1 / Ebooks / Tusome readers Primary Education / Grade 1 / Ebooks / Indigenous Languages Primary Education / Grade 2 Primary Education / Grade 2 / Interactive Digital Content Primary Education / Grade 2 / Educhannel Tv Lessons Primary Education / Grade 2 / Educhannel Tv Lessons / Mathematics Primary Education / Grade 2 / Educhannel Tv Lessons / English Primary Education / Grade 2 / Radio Lessons Primary Education / Grade 2 / Radio Lessons / Mathematics Primary Education / Grade 2 / Radio Lessons / Mathematics / Grade 2 Term 2 Primary Education / Grade 2 / Radio Lessons / English Primary Education / Grade 2 / Radio Lessons / English / Grade 2 Term 2 Primary Education / Grade 2 / Radio Lessons / English / Grade 2 Term 3 Primary Education / Grade 2 / Radio Lessons / Kiswahili Primary Education / Grade 2 / Radio Lessons / Kiswahili / Grade 2 Term 3 Primary Education / Grade 2 / Hygiene and Nutrition Primary Education / Grade 2 / Hygiene and Nutrition / Grade 2 Term 2 Primary Education / Grade 2 / E-books Primary Education / Grade 2 / E-books / Tusome Readers Primary Education / Grade 3 Primary Education / Grade 3 / Radio Lessons Primary Education / Grade 3 / Radio Lessons / Mathematics Primary Education / Grade 3 / Radio Lessons / Mathematics / Grade 3 Term 2 Primary Education / Grade 3 / Radio Lessons / Mathematics / Grade 3 Term 3 Primary Education / Grade 3 / Radio Lessons / English Primary Education / Grade 3 / Radio Lessons / English / Grade 3 Term 2 Primary Education / Grade 3 / Radio Lessons / English / Grade 3 Term 3 Primary Education / Grade 3 / Radio Lessons / Environmental Activities Primary Education / Grade 3 / Radio Lessons / Environmental Activities / Grade 3 Term 2 Primary Education / Grade 3 / Radio Lessons / Kiswahili Primary Education / Grade 3 / Radio Lessons / Kiswahili / Grade 3 Term 3 Primary Education / Grade 3 / Educhannel TV Lessons Primary Education / Grade 3 / Educhannel TV Lessons / Mathematics Primary Education / Grade 3 / Educhannel TV Lessons / English Primary Education / Grade 3 / Educhannel TV Lessons / Kiswahili Primary Education / Grade 3 / Educhannel TV Lessons / Hygiene and Nutrition Primary Education / Grade 3 / Educhannel TV Lessons / Environmental Activities Primary Education / Grade 3 / Interactive Digital Content Primary Education / Grade 3 / EBooks Primary Education / Grade 3 / Tusome English Video Lessons Primary Education / Grade 3 / Tusome English Video Lessons / Tusome English Grade 3 Lessons Primary Education / Grade 4 Primary Education / Grade 4 / Educhannel Tv Lessons Primary Education / Grade 4 / Educhannel Tv Lessons / Home Science Primary Education / Grade 4 / Educhannel Tv Lessons / Agriculture Primary Education / Grade 4 / Educhannel Tv Lessons / Music Primary Education / Grade 4 / Educhannel Tv Lessons / Physical Education Primary Education / Grade 4 / Educhannel Tv Lessons / Art and Craft Primary Education / Grade 4 / Educhannel Tv Lessons / Kenya Sign Language Primary Education / Grade 4 / Educhannel Tv Lessons / Mathematics Primary Education / Grade 4 / Educhannel Tv Lessons / Science and Technology Primary Education / Grade 4 / Educhannel Tv Lessons / Social Studies Primary Education / Grade 4 / Educhannel Tv Lessons / English Primary Education / Grade 4 / Educhannel Tv Lessons / Kiswahili Primary Education / Grade 4 / Educhannel Tv Lessons / Environmental Activity Primary Education / Grade 4 / Radio lessons Primary Education / Grade 4 / Radio lessons / Social Studies Primary Education / Grade 4 / Radio lessons / Social Studies / Grade 4 Term 2 Primary Education / Grade 4 / Radio lessons / Social Studies / Grade 4 Term 3 Primary Education / Grade 4 / Radio lessons / CRE Primary Education / Grade 4 / Radio lessons / CRE / Grade 4 Term 2 Primary Education / Grade 4 / Radio lessons / English Primary Education / Grade 4 / Radio lessons / English / Grade 4 Term 2 Primary Education / Grade 4 / Radio lessons / English / Grade 4 Term 3 Primary Education / Grade 4 / Radio lessons / Hygiene and Nutrition Primary Education / Grade 4 / Radio lessons / Hygiene and Nutrition / Grade 4 Term 1 Primary Education / Grade 4 / Radio lessons / IRE Primary Education / Grade 4 / Radio lessons / IRE / Grade 4 Term 2 Primary Education / Grade 4 / Radio lessons / Science and Technology Primary Education / Grade 4 / Radio lessons / Science and Technology / Grade 4 Term 3 Primary Education / Grade 4 / Radio lessons / Agriculture Primary Education / Grade 4 / Radio lessons / Agriculture / Grade 4 Term 3 Primary Education / Grade 4 / Radio lessons / Mathematics Primary Education / Grade 4 / Radio lessons / Mathematics / Grade 4 Term 3 Primary Education / Grade 4 / SNE Primary Education / Grade 4 / Interactive Digital Content Primary Education / Grade 5 Primary Education / Grade 5 / Educhannel Tv Lessons Primary Education / Grade 5 / Educhannel Tv Lessons / English Primary Education / Grade 5 / Educhannel Tv Lessons / Kiswahili Primary Education / Grade 5 / Educhannel Tv Lessons / Mathematics Primary Education / Grade 5 / Radio Lessons Primary Education / Grade 5 / Radio Lessons / English Primary Education / Grade 5 / Radio Lessons / Science and Technology Primary Education / Grade 5 / Radio Lessons / Agriculture Primary Education / Grade 5 / Radio Lessons / Social studies Primary Education / Grade 5 / Radio Lessons / Christian Religious Education Primary Education / Grade 5 / Radio Lessons / Mathematics Primary Education / Grade 5 / Interactive Digital Content Primary Education / Grade 6 Primary Education / Grade 6 / Radio Lessons Primary Education / Grade 6 / Radio Lessons / CRE Primary Education / Grade 6 / Radio Lessons / Social Studies Primary Education / Grade 6 / Radio Lessons / Science Primary Education / Grade 6 / Radio Lessons / Kiswahili Primary Education / Grade 6 / Radio Lessons / English Primary Education / Grade 6 / Radio Lessons / Mathematics Primary Education / Grade 6 / Educhannel TV Lessons Primary Education / Grade 6 / Educhannel TV Lessons / Kiswahili Primary Education / Grade 6 / Educhannel TV Lessons / Agriculture Primary Education / Grade 6 / Educhannel TV Lessons / Art and Craft Primary Education / Grade 6 / Educhannel TV Lessons / English Primary Education / Grade 6 / Educhannel TV Lessons / Home Science Primary Education / Grade 6 / Educhannel TV Lessons / Music Primary Education / Grade 6 / Educhannel TV Lessons / Science and technology Primary Education / Grade 6 / Educhannel TV Lessons / Physical health education Primary Education / Grade 6 / Interactive Digital Content Junior School Junior School / Grade 8 Junior School / Grade 8 / Educhannel Tv Lessons Junior School / Grade 8 / Radio Lessons Junior School / Grade 8 / Interactive Digital Content Junior School / Grade 7 Junior School / Grade 7 / Educhannel TV lessons Junior School / Grade 7 / Radio Lessons Junior School / Grade 7 / Radio Lessons / Mathematics Junior School / Grade 7 / Radio Lessons / Kiswahili Junior School / Grade 7 / Radio Lessons / English Junior School / Grade 7 / Radio Lessons / Christian Religious Education Junior School / Grade 7 / Radio Lessons / Integrated Science Junior School / Grade 7 / Radio Lessons / Social Studies Junior School / Grade 7 / Radio Lessons / Pre-Technical Studies Junior School / Grade 7 / Interactive Digital Content Secondary Education Secondary Education / Form 1 Secondary Education / Form 1 / Interactive Digital Content Secondary Education / Form 1 / Educhannel Tv Lessons Secondary Education / Form 1 / Educhannel Tv Lessons / Mathematics Secondary Education / Form 1 / Educhannel Tv Lessons / English Secondary Education / Form 1 / Educhannel Tv Lessons / Physics Secondary Education / Form 1 / Educhannel Tv Lessons / Biology Secondary Education / Form 1 / Educhannel Tv Lessons / Chemistry Secondary Education / Form 1 / Educhannel Tv Lessons / Kiswahili Secondary Education / Form 1 / Educhannel Tv Lessons / History and Government Secondary Education / Form 1 / Educhannel Tv Lessons / Business Studies Secondary Education / Form 1 / Radio Lessons Secondary Education / Form 1 / Ebooks Secondary Education / Form 2 Secondary Education / Form 2 / Interactive Digital Content Secondary Education / Form 2 / Educhannel Tv Lessons Secondary Education / Form 2 / Educhannel Tv Lessons / Physics Secondary Education / Form 2 / Radio Lessons Secondary Education / Form 2 / Radio Lessons / Biology Secondary Education / Form 3 Secondary Education / Form 3 / Interactive Digital Content Secondary Education / Form 3 / Educhannel Tv Lessons Secondary Education / Form 3 / Educhannel Tv Lessons / Mathematics Secondary Education / Form 3 / Educhannel Tv Lessons / English Secondary Education / Form 3 / Educhannel Tv Lessons / Kiswahili Secondary Education / Form 3 / Educhannel Tv Lessons / Biology Secondary Education / Form 3 / Educhannel Tv Lessons / Chemistry Secondary Education / Form 3 / Educhannel Tv Lessons / Physics Secondary Education / Form 3 / Educhannel Tv Lessons / Business Studies Secondary Education / Form 3 / Educhannel Tv Lessons / History and Government Secondary Education / Form 3 / Radio Lessons Secondary Education / Form 4 Secondary Education / Form 4 / Interactive Digital Content Secondary Education / Form 4 / Educhannel Tv Lessons Secondary Education / Form 4 / Educhannel Tv Lessons / Form 4 Mathematics Secondary Education / Form 4 / Educhannel Tv Lessons / Form 4 English Secondary Education / Form 4 / Educhannel Tv Lessons / Form 4 Physics Secondary Education / Form 4 / Educhannel Tv Lessons / Form 4 Biology Secondary Education / Form 4 / Educhannel Tv Lessons / Form 4 Kiswahili Secondary Education / Form 4 / Educhannel Tv Lessons / Form 4 Chemistry Secondary Education / Form 4 / Educhannel Tv Lessons / Form 4 History and Government Secondary Education / Form 4 / Educhannel Tv Lessons / Form 4 Business Studies Secondary Education / Form 4 / Radio Lessons Secondary Education / Form 4 / Radio Lessons / Mathematics Secondary Education / Form 4 / Radio Lessons / Mathematics / Form 4 Term 1 Secondary Education / Form 4 / Radio Lessons / Mathematics / Form 4 Term 2 Secondary Education / Form 4 / Radio Lessons / Mathematics / Form 4 Term 3 General Knowledge General Knowledge / VOA Connect General Knowledge / Ask the expert General Knowledge / Citizenship and Democracy General Knowledge / Digital Story General Knowledge / Impacted Educhannel Lessons Educhannel Lessons / English Educhannel Lessons / English / Transport and travel Educhannel Lessons / English / Pronunciation skills Educhannel Lessons / English / Listening and speaking Educhannel Lessons / English / Family Educhannel Lessons / English / Environment Educhannel Lessons / English / Drug and Substance Educhannel Lessons / Agriculture Educhannel Lessons / Biology Educhannel Lessons / Biology / Living Things Educhannel Lessons / Biology / Secretion and homeostasis Educhannel Lessons / Biology / Support and movement Educhannel Lessons / Business Studies Educhannel Lessons / Chemistry Educhannel Lessons / Earth Movement and Volcanicity Educhannel Lessons / Environmental Activities Educhannel Lessons / Geograpghy Educhannel Lessons / History Educhannel Lessons / History / Kenyan History Educhannel Lessons / Homescience Educhannel Lessons / Homescience / Basic care clothing Educhannel Lessons / Kiswahili Educhannel Lessons / Kiswahili / Primary Educhannel Lessons / Kiswahili / Primary / Darasa 4-5 Educhannel Lessons / Kiswahili / Secondary Educhannel Lessons / Kiswahili / Secondary / Isimu Jamii Educhannel Lessons / Kiswahili / Secondary / Sarufi Educhannel Lessons / Mathematics Educhannel Lessons / Mathematics / Secondary Educhannel Lessons / Mathematics / Secondary / Commercial Arithmetics Educhannel Lessons / Mathematics / Primary Educhannel Lessons / Mathematics / Primary / Class 5-8 Educhannel Lessons / Mathematics / Primary / Class 5-8 / Practical uses of Money Educhannel Lessons / Mathematics / Primary / Class 5-8 / Measurement Educhannel Lessons / Organic Chemistry Educhannel Lessons / Performing Music Educhannel Lessons / Homescience Educhannel Lessons / Homescience / Basic care of clothing Educhannel Lessons / Art and Craft Educhannel Lessons / Physics Educhannel Lessons / Physics / Thermodynamics Educhannel Lessons / Physics / Mechanics Educhannel Lessons / Physics / Electricity and Magnetism Educhannel Lessons / The Doyen Exposition Educhannel Lessons / Science Educhannel Lessons / Science / Making work easier Educhannel Lessons / Science / Living Things Educhannel Lessons / Science / Energy conservation Educhannel Lessons / Physical and Health Education Educhannel Lessons / Physical and Health Education / Grade 1-4 Open Education Resourses(OERs) Open Education Resourses(OERs) / Movement and Creative Activities Open Education Resourses(OERs) / 	Religious Education Activities Open Education Resourses(OERs) / Mathematical Activities Open Education Resourses(OERs) / Environmental Activities Open Education Resourses(OERs) / Kiswahili Language Open Education Resourses(OERs) / LTK | Concordia University Open Education Resourses(OERs) / Hygiene and Nutrition Open Education Resourses(OERs) / ENGLISH LANGUAGE ACTIVITIES Open Education Resourses(OERs) / Casio Materials Open Education Resourses(OERs) / Health Education Open Education Resourses(OERs) / Carbon Literacy Special Needs Education Special Needs Education / Grade 1 Special Needs Education / Grade 1 / Adapted Interactive Digital Content for Hearing Impaired(HI) Special Needs Education / Grade 1 / Adapted Interactive Digital Content for Hearing Impaired(HI) / English Activities Special Needs Education / Grade 1 / Adapted Interactive Digital Content for Hearing Impaired(HI) / Environmental Activities Special Needs Education / Grade 1 / Adapted Interactive Digital Content for Hearing Impaired(HI) / Creative Activities Special Needs Education / Grade 1 / Adapted Interactive Digital Content for Visual Impaired(VI) Special Needs Education / Grade 2 Special Needs Education / Grade 2 / Adapted Interactive Digital Content for Hearing Impaired(HI) Special Needs Education / Grade 2 / Adapted Interactive Digital Content for Hearing Impaired(HI) / Mathematics Grade 2 Special Needs Education / Grade 2 / Adapted Interactive Digital Content for Hearing Impaired(HI) / Environmental Activities Grade 2 Special Needs Education / Grade 2 / Adapted Interactive Digital Content for Hearing Impaired(HI) / Hygiene and Nutrition Grade 2 Special Needs Education / Grade 2 / Adapted Interactive Digital Content for Hearing Impaired(HI) / Christian Religious Education Grade 2 (HI) Special Needs Education / Grade 2 / Adapted Interactive Digital Content for Hearing Impaired(HI) / Literacy Activities Grade2 (HI) Special Needs Education / Grade 2 / Adapted Interactive Digital Content for Hearing Impaired(HI) / English Activities Grad2 H.I Special Needs Education / Grade 2 / Adapted Interactive Digital Content for Hearing Impaired(HI) / Creative Activities Grade2 -H.I Special Needs Education / Grade 2 / Adapted Interactive Digital Content for Visual Impaired(VI) Special Needs Education / Grade 2 / Adapted Interactive Digital Content for Visual Impaired(VI) / Mathematics Special Needs Education / Grade 2 / Adapted Interactive Digital Content for Visual Impaired(VI) / Kiswahili Special Needs Education / Grade 2 / Adapted Interactive Digital Content for Visual Impaired(VI) / English Special Needs Education / Grade 2 / Adapted Interactive Digital Content for Visual Impaired(VI) / Creative Activities Special Needs Education / Grade 2 / Adapted Interactive Digital Content for Visual Impaired(VI) / CRE Special Needs Education / Grade 3 Special Needs Education / Grade 3 / Adapted Interactive Digital Content for Learners with Hearing Impairment (HI) Special Needs Education / Grade 3 / Adapted Interactive Digital Content for Learners with Hearing Impairment (HI) / Visual Arts Special Needs Education / Grade 3 / Adapted Interactive Digital Content for Learners with Hearing Impairment (HI) / English Special Needs Education / Grade 3 / Adapted Interactive Digital Content for Learners with Hearing Impairment (HI) / Hygiene and Nutrition Special Needs Education / Grade 3 / Adapted Interactive Digital Content for Learners with Hearing Impairment (HI) / Music Special Needs Education / Grade 3 / Adapted Interactive Digital Content for Learners with Hearing Impairment (HI) / Mathematics Special Needs Education / Grade 3 / Adapted Interactive Digital Content for Learners with Hearing Impairment (HI) / Environmental Special Needs Education / Grade 3 / Adapted Interactive Digital Content for Learners with Hearing Impairment (HI) / CRE Special Needs Education / Grade 3 / Adapted Interactive Digital Content for Learners with Visual Impairment (VI) Special Needs Education / Grade 3 / Adapted Interactive Digital Content for Learners with Visual Impairment (VI) / Music Special Needs Education / Grade 3 / Adapted Interactive Digital Content for Learners with Visual Impairment (VI) / Mathematics Special Needs Education / Grade 3 / Adapted Interactive Digital Content for Learners with Visual Impairment (VI) / Visual Arts Special Needs Education / Grade 3 / Adapted Interactive Digital Content for Learners with Visual Impairment (VI) / Kiswahili Special Needs Education / Grade 3 / Adapted Interactive Digital Content for Learners with Visual Impairment (VI) / Hygiene and Nutrition Special Needs Education / Grade 3 / Adapted Interactive Digital Content for Learners with Visual Impairment (VI) / Environmental Special Needs Education / Grade 3 / Adapted Interactive Digital Content for Learners with Visual Impairment (VI) / English Special Needs Education / Grade 3 / Adapted Interactive Digital Content for Learners with Visual Impairment (VI) / CRE Special Needs Education / Grade 4 Special Needs Education / Grade 4 / Adapted Interactive Digital Content for Learners with Hearing Impairment (HI) Special Needs Education / Grade 4 / Adapted Interactive Digital Content for Learners with Hearing Impairment (HI) / Mathematics Special Needs Education / Grade 4 / Adapted Interactive Digital Content for Learners with Hearing Impairment (HI) / English Special Needs Education / Grade 4 / Adapted Interactive Digital Content for Learners with Hearing Impairment (HI) / Science and Technology Special Needs Education / Grade 4 / Adapted Interactive Digital Content for Learners with Hearing Impairment (HI) / Agriculture Special Needs Education / Grade 4 / Adapted Interactive Digital Content for Learners with Hearing Impairment (HI) / Social Studies Special Needs Education / Grade 4 / Adapted Interactive Digital Content for Learners with Hearing Impairment (HI) / Home Science Special Needs Education / Grade 4 / Adapted Interactive Digital Content for Learners with Hearing Impairment (HI) / Art and Craft Special Needs Education / Grade 4 / Adapted Interactive Digital Content for Learners with Hearing Impairment (HI) / Music Special Needs Education / Grade 4 / Adapted Interactive Digital Content for Learners with Hearing Impairment (HI) / Christian Religious Education (CRE) Special Needs Education / Grade 4 / Adapted Interactive Digital Content for Learners with Visual Impairment (VI) Special Needs Education / Grade 4 / Adapted Interactive Digital Content for Learners with Visual Impairment (VI) / Mathematics Special Needs Education / Grade 4 / Adapted Interactive Digital Content for Learners with Visual Impairment (VI) / English Special Needs Education / Grade 4 / Adapted Interactive Digital Content for Learners with Visual Impairment (VI) / Kiswahili Special Needs Education / Grade 4 / Adapted Interactive Digital Content for Learners with Visual Impairment (VI) / Science and Technology Special Needs Education / Grade 4 / Adapted Interactive Digital Content for Learners with Visual Impairment (VI) / Agriculture Special Needs Education / Grade 4 / Adapted Interactive Digital Content for Learners with Visual Impairment (VI) / Social Studies Special Needs Education / Grade 4 / Adapted Interactive Digital Content for Learners with Visual Impairment (VI) / Home Science Special Needs Education / Grade 4 / Adapted Interactive Digital Content for Learners with Visual Impairment (VI) / Art and Craft Special Needs Education / Grade 4 / Adapted Interactive Digital Content for Learners with Visual Impairment (VI) / Christian Religious Education (CRE) Special Needs Education / Grade 4 / Adapted Interactive Digital Content for Learners with Visual Impairment (VI) / Music Special Needs Education / Grade 5 Special Needs Education / Grade 5 / Adapted Interactive Digital Content for Learners with Hearing Impairment (HI) Special Needs Education / Grade 5 / Adapted Interactive Digital Content for Learners with Hearing Impairment (HI) / English Special Needs Education / Grade 5 / Adapted Interactive Digital Content for Learners with Hearing Impairment (HI) / Christian Religious Education Special Needs Education / Grade 5 / Adapted Interactive Digital Content for Learners with Hearing Impairment (HI) / Social Studies Special Needs Education / Grade 5 / Adapted Interactive Digital Content for Learners with Hearing Impairment (HI) / Agriculture and Nutrition Special Needs Education / Grade 5 / Adapted Interactive Digital Content for Learners with Hearing Impairment (HI) / Creative Arts Special Needs Education / Grade 5 / Adapted Interactive Digital Content for Learners with Hearing Impairment (HI) / Mathematics Special Needs Education / Grade 5 / Adapted Interactive Digital Content for Learners with Hearing Impairment (HI) / Science and Technology Special Needs Education / Grade 5 / Adapted Interactive Digital Content for Learners with Hearing Impairment (HI) / Islamic Religious Education Special Needs Education / Grade 5 / Adapted Interactive Digital Content for Learners with Visual Impairment (VI) Special Needs Education / Grade 5 / Adapted Interactive Digital Content for Learners with Visual Impairment (VI) / Creative Arts Special Needs Education / Grade 5 / Adapted Interactive Digital Content for Learners with Visual Impairment (VI) / Social Studies Special Needs Education / Grade 5 / Adapted Interactive Digital Content for Learners with Visual Impairment (VI) / Kiswahili Special Needs Education / Grade 5 / Adapted Interactive Digital Content for Learners with Visual Impairment (VI) / Christian Religious Education Special Needs Education / Grade 5 / Adapted Interactive Digital Content for Learners with Visual Impairment (VI) / Science and Technology Special Needs Education / Grade 5 / Adapted Interactive Digital Content for Learners with Visual Impairment (VI) / Agriculture and Nutrition Special Needs Education / Grade 5 / Adapted Interactive Digital Content for Learners with Visual Impairment (VI) / Islamic Religious Education Special Needs Education / Grade 5 / Adapted Interactive Digital Content for Learners with Visual Impairment (VI) / Mathematics Special Needs Education / Grade 5 / Adapted Interactive Digital Content for Learners with Visual Impairment (VI) / English Special Needs Education / Grade 6 Special Needs Education / Grade 6 / Adapted Interactive Digital Content for Learners with Hearing Impairment (HI) Special Needs Education / Grade 6 / Adapted Interactive Digital Content for Learners with Hearing Impairment (HI) / Science and Technology Special Needs Education / Grade 6 / Adapted Interactive Digital Content for Learners with Hearing Impairment (HI) / Christian Religious Education Special Needs Education / Grade 6 / Adapted Interactive Digital Content for Learners with Hearing Impairment (HI) / Creative Arts Special Needs Education / Grade 6 / Adapted Interactive Digital Content for Learners with Hearing Impairment (HI) / Islamic Religious Education Special Needs Education / Grade 6 / Adapted Interactive Digital Content for Learners with Hearing Impairment (HI) / English Special Needs Education / Grade 6 / Adapted Interactive Digital Content for Learners with Hearing Impairment (HI) / Social Studies Special Needs Education / Grade 6 / Adapted Interactive Digital Content for Learners with Hearing Impairment (HI) / Agriculture Special Needs Education / Grade 6 / Adapted Interactive Digital Content for Learners with Hearing Impairment (HI) / Mathematics Special Needs Education / Grade 6 / Adapted Interactive Digital Content for Learners with Visual Impairment (VI) Special Needs Education / Grade 6 / Adapted Interactive Digital Content for Learners with Visual Impairment (VI) / Christian Religious Education Special Needs Education / Grade 6 / Adapted Interactive Digital Content for Learners with Visual Impairment (VI) / Kiswahili Special Needs Education / Grade 6 / Adapted Interactive Digital Content for Learners with Visual Impairment (VI) / English Special Needs Education / Grade 6 / Adapted Interactive Digital Content for Learners with Visual Impairment (VI) / Creative Arts Special Needs Education / Grade 6 / Adapted Interactive Digital Content for Learners with Visual Impairment (VI) / Mathematics Special Needs Education / Grade 6 / Adapted Interactive Digital Content for Learners with Visual Impairment (VI) / Science and Technology Special Needs Education / Grade 6 / Adapted Interactive Digital Content for Learners with Visual Impairment (VI) / Islamic Religious Education Special Needs Education / Grade 6 / Adapted Interactive Digital Content for Learners with Visual Impairment (VI) / Social Studies Special Needs Education / Grade 6 / Adapted Interactive Digital Content for Learners with Visual Impairment (VI) / Agriculture and Nutrition Special Needs Education / Ebooks Special Needs Education / Videos Special Needs Education / Foundational and Stage-Based Special Needs Education / Prevocational Level Special Needs Education / Prevocational Level / Music Special Needs Education / Prevocational Level / Hindu Religious Education Special Needs Education / Prevocational Level / Christian Religious Education Special Needs Education / Prevocational Level / Physical Education Special Needs Education / Prevocational Level / Islamic Religious Education Special Needs Education / Prevocational Level / Social Studies Special Needs Education / Prevocational Level / Prevocational Skills 1 Special Needs Education / Prevocational Level / Prevocational Skills 2 Special Needs Education / Prevocational Level / Prevocational Skills 3 Accessible Digital Textbooks Interactive Simulations for Sciences and Mathematics Interactive Simulations for Sciences and Mathematics / Physics Interactive Simulations for Sciences and Mathematics / Chemistry Interactive Simulations for Sciences and Mathematics / Mathematics Information, Education and Communication(IEC) Materials Information, Education and Communication(IEC) Materials / Child Online Safety Information, Education and Communication(IEC) Materials / Child Road Safety Information, Education and Communication(IEC) Materials / Child Road Safety / Integration Matrices Information, Education and Communication(IEC) Materials / Child Road Safety / Integration Matrices / Early Years Education Information, Education and Communication(IEC) Materials / Child Road Safety / Integration Matrices / Upper Primary Information, Education and Communication(IEC) Materials / Child Road Safety / Integration Matrices / Junior School Information, Education and Communication(IEC) Materials / Child Road Safety / Integration Matrices / Senior School Information, Education and Communication(IEC) Materials / Child Road Safety / Information, Education and Communication(IEC) Materials on Child Road Safety Information, Education and Communication(IEC) Materials / Child Road Safety / Information, Education and Communication(IEC) Materials on Child Road Safety / Early Years Education Information, Education and Communication(IEC) Materials / Child Road Safety / Information, Education and Communication(IEC) Materials on Child Road Safety / Upper Primary Information, Education and Communication(IEC) Materials / Child Road Safety / Information, Education and Communication(IEC) Materials on Child Road Safety / Junior School Information, Education and Communication(IEC) Materials / Child Road Safety / Information, Education and Communication(IEC) Materials on Child Road Safety / Senior School Information, Education and Communication(IEC) Materials / Child Road Safety / Teacher's Handbook Information, Education and Communication(IEC) Materials / Financial Literacy Learners’ Toolkit Teacher Resources Teacher Resources / Educational Resources Materials Development Teacher Resources / Educational Resources Materials Development / CRE Teacher Resources / Educational Resources Materials Development / English Teacher Resources / Educational Resources Materials Development / Environment Teacher Resources / Educational Resources Materials Development / Foundations Teacher Resources / Educational Resources Materials Development / H.R.E Teacher Resources / Educational Resources Materials Development / Hygiene and Nutrition Teacher Resources / Educational Resources Materials Development / I.R.E Teacher Resources / Educational Resources Materials Development / Kiswahili Teacher Resources / Educational Resources Materials Development / Language Activities Teacher Resources / Educational Resources Materials Development / Literacy Skills Teacher Resources / Educational Resources Materials Development / Mathematics Teacher Resources / Educational Resources Materials Development / Movements and Arts Teacher Resources / Pre-Primary Teacher Radio Programmes Teacher Resources / CBC Courses Teacher Resources / Special Needs Educations Teacher Resources / Interactive Digital Content for Teacher Education Teacher Resources / Interactive Digital Content for Teacher Education / English Teacher Resources / Interactive Digital Content for Teacher Education / Music Teacher Resources / Interactive Digital Content for Teacher Education / Christian Religious Education Teacher Resources / Interactive Digital Content for Teacher Education / Art and Craft Teacher Resources / Interactive Digital Content for Teacher Education / Indigenous Languages Teacher Resources / Interactive Digital Content for Teacher Education / Home science Teacher Resources / Interactive Digital Content for Teacher Education / Science and Technology Teacher Resources / Interactive Digital Content for Teacher Education / Islamic Religious Education Teacher Resources / Interactive Digital Content for Teacher Education / Mandarin Teacher Resources / Interactive Digital Content for Teacher Education / Agriculture Teacher Resources / Interactive Digital Content for Teacher Education / Mathematics Teacher Resources / Interactive Digital Content for Teacher Education / French Teacher Resources / Interactive Digital Content for Teacher Education / Hindu Religious Education Teacher Resources / Interactive Digital Content for Teacher Education / Social Studies Teacher Resources / Interactive Digital Content for Teacher Education / Kiswahili Teacher Resources / Interactive Digital Content for Teacher Education / Physical Education Teacher Resources / Interactive Digital Content for Teacher Education / Arabic Parental Resources Financial Literacy Financial Literacy / Financial Literacy for Junior School Financial Literacy / Financial Literacy for Junior School / Taxation Financial Literacy / Financial Literacy for Senior School Financial Literacy / Financial Literacy for Senior School / Taxation Search lessons Search Hooke's LawSee moreMagnets and ElectromagnetsSee moreMagnet and CompassSee moreDensitySee moreSound WavesSee moreMasses and Springs: BasicsSee moreBuild a NucleusSee more Hooke's LawSee moreMagnets and ElectromagnetsSee moreMagnet and CompassSee moreDensitySee moreSound WavesSee moreMasses and Springs: BasicsSee moreBuild a NucleusSee more Hooke's Law Magnets and Electromagnets Magnet and Compass Density Sound Waves Masses and Springs: Basics Build a Nucleus Digital Content | Kenya Education Cloud | Unlimited Learning Experiences Skip to main content (Login) Physics Home Lessons Interactive Simulations for Sciences and Mathematics Physics Lesson categories: Pre-Primary Pre-Primary / Radio Lessons Pre-Primary / Educhannel Video Lessons Pre-Primary / Educhannel Video Lessons / Language Activities Pre-Primary / Educhannel Video Lessons / Mathematics Pre-Primary / Educhannel Video Lessons / Our School Pre-Primary / Educhannel Video Lessons / Picture Making Pre-Primary / Educhannel Video Lessons / Social Environment Pre-Primary / Educhannel Video Lessons / Pre-Primary 1 Pre-Primary / Educhannel Video Lessons / Pre-Primary 2 Pre-Primary / Interactive digital Content Pre-Primary / Ebooks Primary Education Primary Education / Grade 1 Primary Education / Grade 1 / Educhannel TV Lessons Primary Education / Grade 1 / Educhannel TV Lessons / English Primary Education / Grade 1 / Educhannel TV Lessons / Mathematics Primary Education / Grade 1 / Educhannel TV Lessons / Kiswahili Primary Education / Grade 1 / Educhannel TV Lessons / Kenya Sign Language(KSL) Primary Education / Grade 1 / Educhannel TV Lessons / Hygiene and nutrition Primary Education / Grade 1 / Educhannel TV Lessons / Environmental Activities Primary Education / Grade 1 / Interactive Digital Content Primary Education / Grade 1 / Radio Lessons Primary Education / Grade 1 / Radio Lessons / Mathematics Primary Education / Grade 1 / Radio Lessons / Mathematics / Grade 1 Term 2 Primary Education / Grade 1 / Radio Lessons / Mathematics / Grade 1 Term 3 Primary Education / Grade 1 / Radio Lessons / Kiswahili Primary Education / Grade 1 / Radio Lessons / Kiswahili / Grade 1 Term 2 Primary Education / Grade 1 / Radio Lessons / Kiswahili / Grade 1 Term 3 Primary Education / Grade 1 / Radio Lessons / English Primary Education / Grade 1 / Radio Lessons / English / Grade 1 Term 2 Primary Education / Grade 1 / Radio Lessons / English / Grade 1 Term 3 Primary Education / Grade 1 / Ebooks Primary Education / Grade 1 / Ebooks / Tusome readers Primary Education / Grade 1 / Ebooks / Indigenous Languages Primary Education / Grade 2 Primary Education / Grade 2 / Interactive Digital Content Primary Education / Grade 2 / Educhannel Tv Lessons Primary Education / Grade 2 / Educhannel Tv Lessons / Mathematics Primary Education / Grade 2 / Educhannel Tv Lessons / English Primary Education / Grade 2 / Radio Lessons Primary Education / Grade 2 / Radio Lessons / Mathematics Primary Education / Grade 2 / Radio Lessons / Mathematics / Grade 2 Term 2 Primary Education / Grade 2 / Radio Lessons / English Primary Education / Grade 2 / Radio Lessons / English / Grade 2 Term 2 Primary Education / Grade 2 / Radio Lessons / English / Grade 2 Term 3 Primary Education / Grade 2 / Radio Lessons / Kiswahili Primary Education / Grade 2 / Radio Lessons / Kiswahili / Grade 2 Term 3 Primary Education / Grade 2 / Hygiene and Nutrition Primary Education / Grade 2 / Hygiene and Nutrition / Grade 2 Term 2 Primary Education / Grade 2 / E-books Primary Education / Grade 2 / E-books / Tusome Readers Primary Education / Grade 3 Primary Education / Grade 3 / Radio Lessons Primary Education / Grade 3 / Radio Lessons / Mathematics Primary Education / Grade 3 / Radio Lessons / Mathematics / Grade 3 Term 2 Primary Education / Grade 3 / Radio Lessons / Mathematics / Grade 3 Term 3 Primary Education / Grade 3 / Radio Lessons / English Primary Education / Grade 3 / Radio Lessons / English / Grade 3 Term 2 Primary Education / Grade 3 / Radio Lessons / English / Grade 3 Term 3 Primary Education / Grade 3 / Radio Lessons / Environmental Activities Primary Education / Grade 3 / Radio Lessons / Environmental Activities / Grade 3 Term 2 Primary Education / Grade 3 / Radio Lessons / Kiswahili Primary Education / Grade 3 / Radio Lessons / Kiswahili / Grade 3 Term 3 Primary Education / Grade 3 / Educhannel TV Lessons Primary Education / Grade 3 / Educhannel TV Lessons / Mathematics Primary Education / Grade 3 / Educhannel TV Lessons / English Primary Education / Grade 3 / Educhannel TV Lessons / Kiswahili Primary Education / Grade 3 / Educhannel TV Lessons / Hygiene and Nutrition Primary Education / Grade 3 / Educhannel TV Lessons / Environmental Activities Primary Education / Grade 3 / Interactive Digital Content Primary Education / Grade 3 / EBooks Primary Education / Grade 3 / Tusome English Video Lessons Primary Education / Grade 3 / Tusome English Video Lessons / Tusome English Grade 3 Lessons Primary Education / Grade 4 Primary Education / Grade 4 / Educhannel Tv Lessons Primary Education / Grade 4 / Educhannel Tv Lessons / Home Science Primary Education / Grade 4 / Educhannel Tv Lessons / Agriculture Primary Education / Grade 4 / Educhannel Tv Lessons / Music Primary Education / Grade 4 / Educhannel Tv Lessons / Physical Education Primary Education / Grade 4 / Educhannel Tv Lessons / Art and Craft Primary Education / Grade 4 / Educhannel Tv Lessons / Kenya Sign Language Primary Education / Grade 4 / Educhannel Tv Lessons / Mathematics Primary Education / Grade 4 / Educhannel Tv Lessons / Science and Technology Primary Education / Grade 4 / Educhannel Tv Lessons / Social Studies Primary Education / Grade 4 / Educhannel Tv Lessons / English Primary Education / Grade 4 / Educhannel Tv Lessons / Kiswahili Primary Education / Grade 4 / Educhannel Tv Lessons / Environmental Activity Primary Education / Grade 4 / Radio lessons Primary Education / Grade 4 / Radio lessons / Social Studies Primary Education / Grade 4 / Radio lessons / Social Studies / Grade 4 Term 2 Primary Education / Grade 4 / Radio lessons / Social Studies / Grade 4 Term 3 Primary Education / Grade 4 / Radio lessons / CRE Primary Education / Grade 4 / Radio lessons / CRE / Grade 4 Term 2 Primary Education / Grade 4 / Radio lessons / English Primary Education / Grade 4 / Radio lessons / English / Grade 4 Term 2 Primary Education / Grade 4 / Radio lessons / English / Grade 4 Term 3 Primary Education / Grade 4 / Radio lessons / Hygiene and Nutrition Primary Education / Grade 4 / Radio lessons / Hygiene and Nutrition / Grade 4 Term 1 Primary Education / Grade 4 / Radio lessons / IRE Primary Education / Grade 4 / Radio lessons / IRE / Grade 4 Term 2 Primary Education / Grade 4 / Radio lessons / Science and Technology Primary Education / Grade 4 / Radio lessons / Science and Technology / Grade 4 Term 3 Primary Education / Grade 4 / Radio lessons / Agriculture Primary Education / Grade 4 / Radio lessons / Agriculture / Grade 4 Term 3 Primary Education / Grade 4 / Radio lessons / Mathematics Primary Education / Grade 4 / Radio lessons / Mathematics / Grade 4 Term 3 Primary Education / Grade 4 / SNE Primary Education / Grade 4 / Interactive Digital Content Primary Education / Grade 5 Primary Education / Grade 5 / Educhannel Tv Lessons Primary Education / Grade 5 / Educhannel Tv Lessons / English Primary Education / Grade 5 / Educhannel Tv Lessons / Kiswahili Primary Education / Grade 5 / Educhannel Tv Lessons / Mathematics Primary Education / Grade 5 / Radio Lessons Primary Education / Grade 5 / Radio Lessons / English Primary Education / Grade 5 / Radio Lessons / Science and Technology Primary Education / Grade 5 / Radio Lessons / Agriculture Primary Education / Grade 5 / Radio Lessons / Social studies Primary Education / Grade 5 / Radio Lessons / Christian Religious Education Primary Education / Grade 5 / Radio Lessons / Mathematics Primary Education / Grade 5 / Interactive Digital Content Primary Education / Grade 6 Primary Education / Grade 6 / Radio Lessons Primary Education / Grade 6 / Radio Lessons / CRE Primary Education / Grade 6 / Radio Lessons / Social Studies Primary Education / Grade 6 / Radio Lessons / Science Primary Education / Grade 6 / Radio Lessons / Kiswahili Primary Education / Grade 6 / Radio Lessons / English Primary Education / Grade 6 / Radio Lessons / Mathematics Primary Education / Grade 6 / Educhannel TV Lessons Primary Education / Grade 6 / Educhannel TV Lessons / Kiswahili Primary Education / Grade 6 / Educhannel TV Lessons / Agriculture Primary Education / Grade 6 / Educhannel TV Lessons / Art and Craft Primary Education / Grade 6 / Educhannel TV Lessons / English Primary Education / Grade 6 / Educhannel TV Lessons / Home Science Primary Education / Grade 6 / Educhannel TV Lessons / Music Primary Education / Grade 6 / Educhannel TV Lessons / Science and technology Primary Education / Grade 6 / Educhannel TV Lessons / Physical health education Primary Education / Grade 6 / Interactive Digital Content Junior School Junior School / Grade 8 Junior School / Grade 8 / Educhannel Tv Lessons Junior School / Grade 8 / Radio Lessons Junior School / Grade 8 / Interactive Digital Content Junior School / Grade 7 Junior School / Grade 7 / Educhannel TV lessons Junior School / Grade 7 / Radio Lessons Junior School / Grade 7 / Radio Lessons / Mathematics Junior School / Grade 7 / Radio Lessons / Kiswahili Junior School / Grade 7 / Radio Lessons / English Junior School / Grade 7 / Radio Lessons / Christian Religious Education Junior School / Grade 7 / Radio Lessons / Integrated Science Junior School / Grade 7 / Radio Lessons / Social Studies Junior School / Grade 7 / Radio Lessons / Pre-Technical Studies Junior School / Grade 7 / Interactive Digital Content Secondary Education Secondary Education / Form 1 Secondary Education / Form 1 / Interactive Digital Content Secondary Education / Form 1 / Educhannel Tv Lessons Secondary Education / Form 1 / Educhannel Tv Lessons / Mathematics Secondary Education / Form 1 / Educhannel Tv Lessons / English Secondary Education / Form 1 / Educhannel Tv Lessons / Physics Secondary Education / Form 1 / Educhannel Tv Lessons / Biology Secondary Education / Form 1 / Educhannel Tv Lessons / Chemistry Secondary Education / Form 1 / Educhannel Tv Lessons / Kiswahili Secondary Education / Form 1 / Educhannel Tv Lessons / History and Government Secondary Education / Form 1 / Educhannel Tv Lessons / Business Studies Secondary Education / Form 1 / Radio Lessons Secondary Education / Form 1 / Ebooks Secondary Education / Form 2 Secondary Education / Form 2 / Interactive Digital Content Secondary Education / Form 2 / Educhannel Tv Lessons Secondary Education / Form 2 / Educhannel Tv Lessons / Physics Secondary Education / Form 2 / Radio Lessons Secondary Education / Form 2 / Radio Lessons / Biology Secondary Education / Form 3 Secondary Education / Form 3 / Interactive Digital Content Secondary Education / Form 3 / Educhannel Tv Lessons Secondary Education / Form 3 / Educhannel Tv Lessons / Mathematics Secondary Education / Form 3 / Educhannel Tv Lessons / English Secondary Education / Form 3 / Educhannel Tv Lessons / Kiswahili Secondary Education / Form 3 / Educhannel Tv Lessons / Biology Secondary Education / Form 3 / Educhannel Tv Lessons / Chemistry Secondary Education / Form 3 / Educhannel Tv Lessons / Physics Secondary Education / Form 3 / Educhannel Tv Lessons / Business Studies Secondary Education / Form 3 / Educhannel Tv Lessons / History and Government Secondary Education / Form 3 / Radio Lessons Secondary Education / Form 4 Secondary Education / Form 4 / Interactive Digital Content Secondary Education / Form 4 / Educhannel Tv Lessons Secondary Education / Form 4 / Educhannel Tv Lessons / Form 4 Mathematics Secondary Education / Form 4 / Educhannel Tv Lessons / Form 4 English Secondary Education / Form 4 / Educhannel Tv Lessons / Form 4 Physics Secondary Education / Form 4 / Educhannel Tv Lessons / Form 4 Biology Secondary Education / Form 4 / Educhannel Tv Lessons / Form 4 Kiswahili Secondary Education / Form 4 / Educhannel Tv Lessons / Form 4 Chemistry Secondary Education / Form 4 / Educhannel Tv Lessons / Form 4 History and Government Secondary Education / Form 4 / Educhannel Tv Lessons / Form 4 Business Studies Secondary Education / Form 4 / Radio Lessons Secondary Education / Form 4 / Radio Lessons / Mathematics Secondary Education / Form 4 / Radio Lessons / Mathematics / Form 4 Term 1 Secondary Education / Form 4 / Radio Lessons / Mathematics / Form 4 Term 2 Secondary Education / Form 4 / Radio Lessons / Mathematics / Form 4 Term 3 General Knowledge General Knowledge / VOA Connect General Knowledge / Ask the expert General Knowledge / Citizenship and Democracy General Knowledge / Digital Story General Knowledge / Impacted Educhannel Lessons Educhannel Lessons / English Educhannel Lessons / English / Transport and travel Educhannel Lessons / English / Pronunciation skills Educhannel Lessons / English / Listening and speaking Educhannel Lessons / English / Family Educhannel Lessons / English / Environment Educhannel Lessons / English / Drug and Substance Educhannel Lessons / Agriculture Educhannel Lessons / Biology Educhannel Lessons / Biology / Living Things Educhannel Lessons / Biology / Secretion and homeostasis Educhannel Lessons / Biology / Support and movement Educhannel Lessons / Business Studies Educhannel Lessons / Chemistry Educhannel Lessons / Earth Movement and Volcanicity Educhannel Lessons / Environmental Activities Educhannel Lessons / Geograpghy Educhannel Lessons / History Educhannel Lessons / History / Kenyan History Educhannel Lessons / Homescience Educhannel Lessons / Homescience / Basic care clothing Educhannel Lessons / Kiswahili Educhannel Lessons / Kiswahili / Primary Educhannel Lessons / Kiswahili / Primary / Darasa 4-5 Educhannel Lessons / Kiswahili / Secondary Educhannel Lessons / Kiswahili / Secondary / Isimu Jamii Educhannel Lessons / Kiswahili / Secondary / Sarufi Educhannel Lessons / Mathematics Educhannel Lessons / Mathematics / Secondary Educhannel Lessons / Mathematics / Secondary / Commercial Arithmetics Educhannel Lessons / Mathematics / Primary Educhannel Lessons / Mathematics / Primary / Class 5-8 Educhannel Lessons / Mathematics / Primary / Class 5-8 / Practical uses of Money Educhannel Lessons / Mathematics / Primary / Class 5-8 / Measurement Educhannel Lessons / Organic Chemistry Educhannel Lessons / Performing Music Educhannel Lessons / Homescience Educhannel Lessons / Homescience / Basic care of clothing Educhannel Lessons / Art and Craft Educhannel Lessons / Physics Educhannel Lessons / Physics / Thermodynamics Educhannel Lessons / Physics / Mechanics Educhannel Lessons / Physics / Electricity and Magnetism Educhannel Lessons / The Doyen Exposition Educhannel Lessons / Science Educhannel Lessons / Science / Making work easier Educhannel Lessons / Science / Living Things Educhannel Lessons / Science / Energy conservation Educhannel Lessons / Physical and Health Education Educhannel Lessons / Physical and Health Education / Grade 1-4 Open Education Resourses(OERs) Open Education Resourses(OERs) / Movement and Creative Activities Open Education Resourses(OERs) / 	Religious Education Activities Open Education Resourses(OERs) / Mathematical Activities Open Education Resourses(OERs) / Environmental Activities Open Education Resourses(OERs) / Kiswahili Language Open Education Resourses(OERs) / LTK | Concordia University Open Education Resourses(OERs) / Hygiene and Nutrition Open Education Resourses(OERs) / ENGLISH LANGUAGE ACTIVITIES Open Education Resourses(OERs) / Casio Materials Open Education Resourses(OERs) / Health Education Open Education Resourses(OERs) / Carbon Literacy Special Needs Education Special Needs Education / Grade 1 Special Needs Education / Grade 1 / Adapted Interactive Digital Content for Hearing Impaired(HI) Special Needs Education / Grade 1 / Adapted Interactive Digital Content for Hearing Impaired(HI) / English Activities Special Needs Education / Grade 1 / Adapted Interactive Digital Content for Hearing Impaired(HI) / Environmental Activities Special Needs Education / Grade 1 / Adapted Interactive Digital Content for Hearing Impaired(HI) / Creative Activities Special Needs Education / Grade 1 / Adapted Interactive Digital Content for Visual Impaired(VI) Special Needs Education / Grade 2 Special Needs Education / Grade 2 / Adapted Interactive Digital Content for Hearing Impaired(HI) Special Needs Education / Grade 2 / Adapted Interactive Digital Content for Hearing Impaired(HI) / Mathematics Grade 2 Special Needs Education / Grade 2 / Adapted Interactive Digital Content for Hearing Impaired(HI) / Environmental Activities Grade 2 Special Needs Education / Grade 2 / Adapted Interactive Digital Content for Hearing Impaired(HI) / Hygiene and Nutrition Grade 2 Special Needs Education / Grade 2 / Adapted Interactive Digital Content for Hearing Impaired(HI) / Christian Religious Education Grade 2 (HI) Special Needs Education / Grade 2 / Adapted Interactive Digital Content for Hearing Impaired(HI) / Literacy Activities Grade2 (HI) Special Needs Education / Grade 2 / Adapted Interactive Digital Content for Hearing Impaired(HI) / English Activities Grad2 H.I Special Needs Education / Grade 2 / Adapted Interactive Digital Content for Hearing Impaired(HI) / Creative Activities Grade2 -H.I Special Needs Education / Grade 2 / Adapted Interactive Digital Content for Visual Impaired(VI) Special Needs Education / Grade 2 / Adapted Interactive Digital Content for Visual Impaired(VI) / Mathematics Special Needs Education / Grade 2 / Adapted Interactive Digital Content for Visual Impaired(VI) / Kiswahili Special Needs Education / Grade 2 / Adapted Interactive Digital Content for Visual Impaired(VI) / English Special Needs Education / Grade 2 / Adapted Interactive Digital Content for Visual Impaired(VI) / Creative Activities Special Needs Education / Grade 2 / Adapted Interactive Digital Content for Visual Impaired(VI) / CRE Special Needs Education / Grade 3 Special Needs Education / Grade 3 / Adapted Interactive Digital Content for Learners with Hearing Impairment (HI) Special Needs Education / Grade 3 / Adapted Interactive Digital Content for Learners with Hearing Impairment (HI) / Visual Arts Special Needs Education / Grade 3 / Adapted Interactive Digital Content for Learners with Hearing Impairment (HI) / English Special Needs Education / Grade 3 / Adapted Interactive Digital Content for Learners with Hearing Impairment (HI) / Hygiene and Nutrition Special Needs Education / Grade 3 / Adapted Interactive Digital Content for Learners with Hearing Impairment (HI) / Music Special Needs Education / Grade 3 / Adapted Interactive Digital Content for Learners with Hearing Impairment (HI) / Mathematics Special Needs Education / Grade 3 / Adapted Interactive Digital Content for Learners with Hearing Impairment (HI) / Environmental Special Needs Education / Grade 3 / Adapted Interactive Digital Content for Learners with Hearing Impairment (HI) / CRE Special Needs Education / Grade 3 / Adapted Interactive Digital Content for Learners with Visual Impairment (VI) Special Needs Education / Grade 3 / Adapted Interactive Digital Content for Learners with Visual Impairment (VI) / Music Special Needs Education / Grade 3 / Adapted Interactive Digital Content for Learners with Visual Impairment (VI) / Mathematics Special Needs Education / Grade 3 / Adapted Interactive Digital Content for Learners with Visual Impairment (VI) / Visual Arts Special Needs Education / Grade 3 / Adapted Interactive Digital Content for Learners with Visual Impairment (VI) / Kiswahili Special Needs Education / Grade 3 / Adapted Interactive Digital Content for Learners with Visual Impairment (VI) / Hygiene and Nutrition Special Needs Education / Grade 3 / Adapted Interactive Digital Content for Learners with Visual Impairment (VI) / Environmental Special Needs Education / Grade 3 / Adapted Interactive Digital Content for Learners with Visual Impairment (VI) / English Special Needs Education / Grade 3 / Adapted Interactive Digital Content for Learners with Visual Impairment (VI) / CRE Special Needs Education / Grade 4 Special Needs Education / Grade 4 / Adapted Interactive Digital Content for Learners with Hearing Impairment (HI) Special Needs Education / Grade 4 / Adapted Interactive Digital Content for Learners with Hearing Impairment (HI) / Mathematics Special Needs Education / Grade 4 / Adapted Interactive Digital Content for Learners with Hearing Impairment (HI) / English Special Needs Education / Grade 4 / Adapted Interactive Digital Content for Learners with Hearing Impairment (HI) / Science and Technology Special Needs Education / Grade 4 / Adapted Interactive Digital Content for Learners with Hearing Impairment (HI) / Agriculture Special Needs Education / Grade 4 / Adapted Interactive Digital Content for Learners with Hearing Impairment (HI) / Social Studies Special Needs Education / Grade 4 / Adapted Interactive Digital Content for Learners with Hearing Impairment (HI) / Home Science Special Needs Education / Grade 4 / Adapted Interactive Digital Content for Learners with Hearing Impairment (HI) / Art and Craft Special Needs Education / Grade 4 / Adapted Interactive Digital Content for Learners with Hearing Impairment (HI) / Music Special Needs Education / Grade 4 / Adapted Interactive Digital Content for Learners with Hearing Impairment (HI) / Christian Religious Education (CRE) Special Needs Education / Grade 4 / Adapted Interactive Digital Content for Learners with Visual Impairment (VI) Special Needs Education / Grade 4 / Adapted Interactive Digital Content for Learners with Visual Impairment (VI) / Mathematics Special Needs Education / Grade 4 / Adapted Interactive Digital Content for Learners with Visual Impairment (VI) / English Special Needs Education / Grade 4 / Adapted Interactive Digital Content for Learners with Visual Impairment (VI) / Kiswahili Special Needs Education / Grade 4 / Adapted Interactive Digital Content for Learners with Visual Impairment (VI) / Science and Technology Special Needs Education / Grade 4 / Adapted Interactive Digital Content for Learners with Visual Impairment (VI) / Agriculture Special Needs Education / Grade 4 / Adapted Interactive Digital Content for Learners with Visual Impairment (VI) / Social Studies Special Needs Education / Grade 4 / Adapted Interactive Digital Content for Learners with Visual Impairment (VI) / Home Science Special Needs Education / Grade 4 / Adapted Interactive Digital Content for Learners with Visual Impairment (VI) / Art and Craft Special Needs Education / Grade 4 / Adapted Interactive Digital Content for Learners with Visual Impairment (VI) / Christian Religious Education (CRE) Special Needs Education / Grade 4 / Adapted Interactive Digital Content for Learners with Visual Impairment (VI) / Music Special Needs Education / Grade 5 Special Needs Education / Grade 5 / Adapted Interactive Digital Content for Learners with Hearing Impairment (HI) Special Needs Education / Grade 5 / Adapted Interactive Digital Content for Learners with Hearing Impairment (HI) / English Special Needs Education / Grade 5 / Adapted Interactive Digital Content for Learners with Hearing Impairment (HI) / Christian Religious Education Special Needs Education / Grade 5 / Adapted Interactive Digital Content for Learners with Hearing Impairment (HI) / Social Studies Special Needs Education / Grade 5 / Adapted Interactive Digital Content for Learners with Hearing Impairment (HI) / Agriculture and Nutrition Special Needs Education / Grade 5 / Adapted Interactive Digital Content for Learners with Hearing Impairment (HI) / Creative Arts Special Needs Education / Grade 5 / Adapted Interactive Digital Content for Learners with Hearing Impairment (HI) / Mathematics Special Needs Education / Grade 5 / Adapted Interactive Digital Content for Learners with Hearing Impairment (HI) / Science and Technology Special Needs Education / Grade 5 / Adapted Interactive Digital Content for Learners with Hearing Impairment (HI) / Islamic Religious Education Special Needs Education / Grade 5 / Adapted Interactive Digital Content for Learners with Visual Impairment (VI) Special Needs Education / Grade 5 / Adapted Interactive Digital Content for Learners with Visual Impairment (VI) / Creative Arts Special Needs Education / Grade 5 / Adapted Interactive Digital Content for Learners with Visual Impairment (VI) / Social Studies Special Needs Education / Grade 5 / Adapted Interactive Digital Content for Learners with Visual Impairment (VI) / Kiswahili Special Needs Education / Grade 5 / Adapted Interactive Digital Content for Learners with Visual Impairment (VI) / Christian Religious Education Special Needs Education / Grade 5 / Adapted Interactive Digital Content for Learners with Visual Impairment (VI) / Science and Technology Special Needs Education / Grade 5 / Adapted Interactive Digital Content for Learners with Visual Impairment (VI) / Agriculture and Nutrition Special Needs Education / Grade 5 / Adapted Interactive Digital Content for Learners with Visual Impairment (VI) / Islamic Religious Education Special Needs Education / Grade 5 / Adapted Interactive Digital Content for Learners with Visual Impairment (VI) / Mathematics Special Needs Education / Grade 5 / Adapted Interactive Digital Content for Learners with Visual Impairment (VI) / English Special Needs Education / Grade 6 Special Needs Education / Grade 6 / Adapted Interactive Digital Content for Learners with Hearing Impairment (HI) Special Needs Education / Grade 6 / Adapted Interactive Digital Content for Learners with Hearing Impairment (HI) / Science and Technology Special Needs Education / Grade 6 / Adapted Interactive Digital Content for Learners with Hearing Impairment (HI) / Christian Religious Education Special Needs Education / Grade 6 / Adapted Interactive Digital Content for Learners with Hearing Impairment (HI) / Creative Arts Special Needs Education / Grade 6 / Adapted Interactive Digital Content for Learners with Hearing Impairment (HI) / Islamic Religious Education Special Needs Education / Grade 6 / Adapted Interactive Digital Content for Learners with Hearing Impairment (HI) / English Special Needs Education / Grade 6 / Adapted Interactive Digital Content for Learners with Hearing Impairment (HI) / Social Studies Special Needs Education / Grade 6 / Adapted Interactive Digital Content for Learners with Hearing Impairment (HI) / Agriculture Special Needs Education / Grade 6 / Adapted Interactive Digital Content for Learners with Hearing Impairment (HI) / Mathematics Special Needs Education / Grade 6 / Adapted Interactive Digital Content for Learners with Visual Impairment (VI) Special Needs Education / Grade 6 / Adapted Interactive Digital Content for Learners with Visual Impairment (VI) / Christian Religious Education Special Needs Education / Grade 6 / Adapted Interactive Digital Content for Learners with Visual Impairment (VI) / Kiswahili Special Needs Education / Grade 6 / Adapted Interactive Digital Content for Learners with Visual Impairment (VI) / English Special Needs Education / Grade 6 / Adapted Interactive Digital Content for Learners with Visual Impairment (VI) / Creative Arts Special Needs Education / Grade 6 / Adapted Interactive Digital Content for Learners with Visual Impairment (VI) / Mathematics Special Needs Education / Grade 6 / Adapted Interactive Digital Content for Learners with Visual Impairment (VI) / Science and Technology Special Needs Education / Grade 6 / Adapted Interactive Digital Content for Learners with Visual Impairment (VI) / Islamic Religious Education Special Needs Education / Grade 6 / Adapted Interactive Digital Content for Learners with Visual Impairment (VI) / Social Studies Special Needs Education / Grade 6 / Adapted Interactive Digital Content for Learners with Visual Impairment (VI) / Agriculture and Nutrition Special Needs Education / Ebooks Special Needs Education / Videos Special Needs Education / Foundational and Stage-Based Special Needs Education / Prevocational Level Special Needs Education / Prevocational Level / Music Special Needs Education / Prevocational Level / Hindu Religious Education Special Needs Education / Prevocational Level / Christian Religious Education Special Needs Education / Prevocational Level / Physical Education Special Needs Education / Prevocational Level / Islamic Religious Education Special Needs Education / Prevocational Level / Social Studies Special Needs Education / Prevocational Level / Prevocational Skills 1 Special Needs Education / Prevocational Level / Prevocational Skills 2 Special Needs Education / Prevocational Level / Prevocational Skills 3 Accessible Digital Textbooks Interactive Simulations for Sciences and Mathematics Interactive Simulations for Sciences and Mathematics / Physics Interactive Simulations for Sciences and Mathematics / Chemistry Interactive Simulations for Sciences and Mathematics / Mathematics Information, Education and Communication(IEC) Materials Information, Education and Communication(IEC) Materials / Child Online Safety Information, Education and Communication(IEC) Materials / Child Road Safety Information, Education and Communication(IEC) Materials / Child Road Safety / Integration Matrices Information, Education and Communication(IEC) Materials / Child Road Safety / Integration Matrices / Early Years Education Information, Education and Communication(IEC) Materials / Child Road Safety / Integration Matrices / Upper Primary Information, Education and Communication(IEC) Materials / Child Road Safety / Integration Matrices / Junior School Information, Education and Communication(IEC) Materials / Child Road Safety / Integration Matrices / Senior School Information, Education and Communication(IEC) Materials / Child Road Safety / Information, Education and Communication(IEC) Materials on Child Road Safety Information, Education and Communication(IEC) Materials / Child Road Safety / Information, Education and Communication(IEC) Materials on Child Road Safety / Early Years Education Information, Education and Communication(IEC) Materials / Child Road Safety / Information, Education and Communication(IEC) Materials on Child Road Safety / Upper Primary Information, Education and Communication(IEC) Materials / Child Road Safety / Information, Education and Communication(IEC) Materials on Child Road Safety / Junior School Information, Education and Communication(IEC) Materials / Child Road Safety / Information, Education and Communication(IEC) Materials on Child Road Safety / Senior School Information, Education and Communication(IEC) Materials / Child Road Safety / Teacher's Handbook Information, Education and Communication(IEC) Materials / Financial Literacy Learners’ Toolkit Teacher Resources Teacher Resources / Educational Resources Materials Development Teacher Resources / Educational Resources Materials Development / CRE Teacher Resources / Educational Resources Materials Development / English Teacher Resources / Educational Resources Materials Development / Environment Teacher Resources / Educational Resources Materials Development / Foundations Teacher Resources / Educational Resources Materials Development / H.R.E Teacher Resources / Educational Resources Materials Development / Hygiene and Nutrition Teacher Resources / Educational Resources Materials Development / I.R.E Teacher Resources / Educational Resources Materials Development / Kiswahili Teacher Resources / Educational Resources Materials Development / Language Activities Teacher Resources / Educational Resources Materials Development / Literacy Skills Teacher Resources / Educational Resources Materials Development / Mathematics Teacher Resources / Educational Resources Materials Development / Movements and Arts Teacher Resources / Pre-Primary Teacher Radio Programmes Teacher Resources / CBC Courses Teacher Resources / Special Needs Educations Teacher Resources / Interactive Digital Content for Teacher Education Teacher Resources / Interactive Digital Content for Teacher Education / English Teacher Resources / Interactive Digital Content for Teacher Education / Music Teacher Resources / Interactive Digital Content for Teacher Education / Christian Religious Education Teacher Resources / Interactive Digital Content for Teacher Education / Art and Craft Teacher Resources / Interactive Digital Content for Teacher Education / Indigenous Languages Teacher Resources / Interactive Digital Content for Teacher Education / Home science Teacher Resources / Interactive Digital Content for Teacher Education / Science and Technology Teacher Resources / Interactive Digital Content for Teacher Education / Islamic Religious Education Teacher Resources / Interactive Digital Content for Teacher Education / Mandarin Teacher Resources / Interactive Digital Content for Teacher Education / Agriculture Teacher Resources / Interactive Digital Content for Teacher Education / Mathematics Teacher Resources / Interactive Digital Content for Teacher Education / French Teacher Resources / Interactive Digital Content for Teacher Education / Hindu Religious Education Teacher Resources / Interactive Digital Content for Teacher Education / Social Studies Teacher Resources / Interactive Digital Content for Teacher Education / Kiswahili Teacher Resources / Interactive Digital Content for Teacher Education / Physical Education Teacher Resources / Interactive Digital Content for Teacher Education / Arabic Parental Resources Financial Literacy Financial Literacy / Financial Literacy for Junior School Financial Literacy / Financial Literacy for Junior School / Taxation Financial Literacy / Financial Literacy for Senior School Financial Literacy / Financial Literacy for Senior School / Taxation Search lessons Search Hooke's LawSee moreMagnets and ElectromagnetsSee moreMagnet and CompassSee moreDensitySee moreSound WavesSee moreMasses and Springs: BasicsSee moreBuild a NucleusSee more Home Calendar Pre-primary Pre-Primary 1 Pre-Primary 2 Primary Grade 1 Grade 2 Grade 3 Grade 4 Grade 5 Grade 6 Secondary Grade 7 Grade 8 Form 1 Form 2 Form 3 Form 4 OER's SNE The Kenya Education Cloud (KEC) is a digital platform designed to enhance teaching and learning in Kenya by providing a wide range of digital educational resources. Serving as a centralized hub for e-learning, it promotes access to interactive content, supports modern pedagogical methods, and fosters collaboration among educators and learners. External Links Ministry of Education Kenya National Examinations Council Teachers Service Commission Kenya Kenya Institute of Special Education (KISE) ICT Authority TVET Authority Elimika Additional Resources Accessible Digital Textbook (ADT) Curriculum Reports Parental Resources Child Online Protection Guidelines Our Contacts Kenya Institute of Curriculum DevelopmentDesai Rd, Off Muranga Rd,Nairobi, Kenya. Telephone Contacts+254 729327331 +254 729327334 Email Addressinfo@kicd.ac.ke Kenya Education Cloud © 2024. All rights reserved. Privacy Policy Terms & Conditions (Login) Data retention summary","['mathematics', 'english', 'kiswahili', 'biology', 'chemistry', 'physics', 'geography', 'history', 'business', 'computer', 'agriculture', 'home_science', 'art', 'music', 'physical_education', 'religious_education']",form_1,cbc,[],2025-09-08T00:49:03.753922,unknown,,,,
https://elimika.kec.ac.ke/course/view.php?id=2,Elimika Platform | Kenya Education Cloud | Unlimited Learning Experinces,"Elimika is an online teacher training platform , offering Competency Based Curriculum (CBC)-aligned courses developed by the Kenya Institute of Curriculum Development (KICD). Learn anytime, anywhere and enhance your skills in ICT integration, assessment, pedagogy, and professional teaching under Kenya’s Competency Based Curriculum.","Sign Up and Start Learning!. By signing up, you agree to our Terms of Use and Privacy Policy. Elimika Skip to create new account Sign In Username / email Password Remember username Forgot Password? Log in No Account? Sign up Alternatively, you can Log in to the Elimika platform using your account on: Microsoft Google Skip to create new account Sign In Username / email Password Remember username Forgot Password? Log in No Account? Sign up Alternatively, you can Log in to the Elimika platform using your account on: Microsoft Google Sign In Username / email Password Remember username Forgot Password? Log in No Account? Sign up Alternatively, you can Log in to the Elimika platform using your account on: Microsoft Google Elimika Platform | Kenya Education Cloud | Unlimited Learning Experinces Skip to main content Sign Up and Start Learning!. By signing up, you agree to our Terms of Use and Privacy Policy. Elimika Skip to create new account Sign In Username / email Password Remember username Forgot Password? Log in No Account? Sign up Alternatively, you can Log in to the Elimika platform using your account on: Microsoft Google You are not logged in. Home","['art', 'religious_education']",unknown,unknown,[],2025-09-08T00:49:04.092778,unknown,,,,
https://kec.ac.ke/,Kenya Education Cloud | Unlimited learning experiences,"Kenya Education Cloud is your ultimate digital learning hub, providing access to curated e-learning resources, educational tools, and innovative content for students, teachers, and institutions.","Navigation HomeCourses HomeCourses Pre-Primary Education Pre-Primary 1 Pre-Primary 2 Primary Education Grade 1 *CBC* *SNE* Grade 2 *CBC* *SNE* Grade 3 *CBC* *SNE* Grade 4 *CBC* *SNE* Grade 5 *CBC* *SNE* Grade 6 *CBC* *SNE* Junior School Education Grade 7 *CBC* *SNE* Grade 8 *CBC* *SNE* Grade 9 *CBC* *SNE* Secondary Education Form 1 *8-4-4* *SNE* Form 2 *8-4-4* *SNE* Form 3 *8-4-4* *SNE* Form 4 *8-4-4* *SNE* Kenya Education Cloud | Unlimited learning experiences Skip to main content Digital Content Elimika Courses OER Portal You are not logged in. (Login) Our Blocks You can see list of blocks here. Skip Navigation Navigation HomeCourses Previous Next Pre-Primary Education Pre-Primary 1 Pre-Primary 2 Primary Education Grade 1 *CBC* *SNE* Grade 2 *CBC* *SNE* Grade 3 *CBC* *SNE* Grade 4 *CBC* *SNE* Grade 5 *CBC* *SNE* Grade 6 *CBC* *SNE* Junior School Education Grade 7 *CBC* *SNE* Grade 8 *CBC* *SNE* Grade 9 *CBC* *SNE* Secondary Education Form 1 *8-4-4* *SNE* Form 2 *8-4-4* *SNE* Form 3 *8-4-4* *SNE* Form 4 *8-4-4* *SNE* The Kenya Education Cloud (KEC) is a digital platform designed to enhance teaching and learning in Kenya by providing a wide range of digital educational resources. Serving as a centralized hub for e-learning, it promotes access to interactive content, supports modern pedagogical methods, and fosters collaboration among educators and learners. External Links Ministry of Education Kenya National Examinations Council Teachers Service Commission Kenya Kenya Institute of Special Education (KISE) ICT Authority TVET Authority Elimika Additional Resources Accessible Digital Textbook (ADT) Curriculum Reports OrangeBook - List of Approved materials Child Online Protection Guidelines Parental Resources Our Contacts Kenya Institute of Curriculum DevelopmentDesai Rd, Off Muranga Rd,Nairobi, Kenya. Telephone Contacts+254 729327331 +254 729327334 Email Addressinfo@kicd.ac.ke Kenya Education Cloud © 2024. All rights reserved. Help and Support Privacy Policy Terms & Conditions","['computer', 'art']",form_1,cbc,[],2025-09-08T00:49:05.381981,unknown,,,,
https://oer.kec.ac.ke/courses/grade-6-music/,Grade 6 Music,,"Home About Learning Areas Resources Menu Toggle Learning Areas Forums Events Calendar Mobile App Contact Log In Register Home About Learning Areas Resources Menu Toggle Learning Areas Forums Events Calendar Mobile App Contact Log In Register Home About Learning Areas Resources Menu Toggle Learning Areas Forums Events Calendar Mobile App Contact Log In Register Home About Learning Areas Resources Menu Toggle Learning Areas Forums Events Calendar Mobile App Contact Log In Register Home About Learning Areas Resources Menu Toggle Learning Areas Forums Events Calendar Mobile App Contact Log In Register Main Menu Main Menu Home About Learning Areas Resources Menu Toggle Learning Areas Forums Events Calendar Mobile App Contact Log In Register Home About Learning Areas Resources Menu Toggle Learning Areas Forums Events Calendar Mobile App Contact Log In Register Home About Learning Areas Resources Menu Toggle Learning Areas Forums Events Calendar Mobile App Contact Log In Register Home About Learning Areas Resources Menu Toggle Learning Areas Forums Events Calendar Mobile App Contact Log In Register Grade 6 Music Current Status Not Enrolled Enroll in this learning area to get access Price Free Get Started Log In to Enroll Learning Area Reviews Learning Area Info In Grade 6 Music, students build on their understanding of music through listening, singing, playing instruments, and creating their own musical pieces. The subject introduces basic music theory, including rhythm, melody, harmony, and musical notation. License Type: Free | Subscription: None necessary Contact Name: KICD elearning department Contact Email: support@kec.ac.ke or info@kicd.ac.ke Contact Phone: +254 20 3749900-9, +254 20 3749900-3, +254 729 327 334, +254 787 883 311 Average Review Score: ★★★★★ You must log in and have started this learning area to submit a review. Username or Email Address Password Remember Me orLogin with Google Learning Area Content Music You don't currently have access to this content Grade 6 Music Current Status Not Enrolled Enroll in this learning area to get access Price Free Get Started Log In to Enroll Learning Area Reviews Learning Area Info In Grade 6 Music, students build on their understanding of music through listening, singing, playing instruments, and creating their own musical pieces. The subject introduces basic music theory, including rhythm, melody, harmony, and musical notation. License Type: Free | Subscription: None necessary Contact Name: KICD elearning department Contact Email: support@kec.ac.ke or info@kicd.ac.ke Contact Phone: +254 20 3749900-9, +254 20 3749900-3, +254 729 327 334, +254 787 883 311 Average Review Score: ★★★★★ You must log in and have started this learning area to submit a review. Username or Email Address Password Remember Me orLogin with Google Learning Area Content Music You don't currently have access to this content Current Status Not Enrolled Enroll in this learning area to get access Price Free Get Started Log In to Enroll Learning Area Reviews Learning Area Info In Grade 6 Music, students build on their understanding of music through listening, singing, playing instruments, and creating their own musical pieces. The subject introduces basic music theory, including rhythm, melody, harmony, and musical notation. License Type: Free | Subscription: None necessary Contact Name: KICD elearning department Contact Email: support@kec.ac.ke or info@kicd.ac.ke Contact Phone: +254 20 3749900-9, +254 20 3749900-3, +254 729 327 334, +254 787 883 311 Average Review Score: ★★★★★ You must log in and have started this learning area to submit a review. Username or Email Address Password Remember Me orLogin with Google Learning Area Content Music You don't currently have access to this content Not Enrolled Enroll in this learning area to get access Free Log In to Enroll Learning Area Info In Grade 6 Music, students build on their understanding of music through listening, singing, playing instruments, and creating their own musical pieces. The subject introduces basic music theory, including rhythm, melody, harmony, and musical notation. License Type: Free | Subscription: None necessary Contact Name: KICD elearning department Contact Email: support@kec.ac.ke or info@kicd.ac.ke Contact Phone: +254 20 3749900-9, +254 20 3749900-3, +254 729 327 334, +254 787 883 311 Average Review Score: ★★★★★ You must log in and have started this learning area to submit a review. Username or Email Address Password Remember Me orLogin with Google Learning Area Info In Grade 6 Music, students build on their understanding of music through listening, singing, playing instruments, and creating their own musical pieces. The subject introduces basic music theory, including rhythm, melody, harmony, and musical notation. License Type: Free | Subscription: None necessary Contact Name: KICD elearning department Contact Email: support@kec.ac.ke or info@kicd.ac.ke Contact Phone: +254 20 3749900-9, +254 20 3749900-3, +254 729 327 334, +254 787 883 311 Average Review Score: ★★★★★ You must log in and have started this learning area to submit a review. Username or Email Address Password Remember Me orLogin with Google Learning Area Content Music You don't currently have access to this content Learning Area Content Music You don't currently have access to this content Grade 6 Music – oer.kec.ac.ke Skip to content Home About Learning Areas Resources Menu Toggle Learning Areas Forums Events Calendar Mobile App Contact Log In Register Main Menu Home About Learning Areas Resources Menu Toggle Learning Areas Forums Events Calendar Mobile App Contact Log In Register Grade 6 Music Current Status Not Enrolled Enroll in this learning area to get access Price Free Get Started Log In to Enroll Learning Area Reviews Learning Area Info In Grade 6 Music, students build on their understanding of music through listening, singing, playing instruments, and creating their own musical pieces. The subject introduces basic music theory, including rhythm, melody, harmony, and musical notation. License Type: Free | Subscription: None necessary Contact Name: KICD elearning department Contact Email: support@kec.ac.ke or info@kicd.ac.ke Contact Phone: +254 20 3749900-9, +254 20 3749900-3, +254 729 327 334, +254 787 883 311 Average Review Score: ★★★★★ You must log in and have started this learning area to submit a review. Username or Email Address Password Remember Me orLogin with Google Learning Area Content Music You don't currently have access to this content Kenya Institute ofCurriculum DevelopmentOpen Education Resources“Nurturing Every Learners Potential” The Kenya Institute of Curriculum Development(KICD) is an Institute established through the KICDAct No. 4 of 2013 of the laws of Kenya. © 2025 Kenya Institute of Curriculum Development.All Rights Reserved Our Contacts Kenya Institute of Curriculum Development Desai Rd, Off­ Muranga Rd, Nairobi, Kenya. Telephone Contacts +254 20 3749900-9 +254 20 3749900-3 +254 729 327 334 +254 787 883 311 Email Address info@kicd.ac.ke Developed by Darasa Online, a subsidiary of Mashariki Ltd. (Kenya)","['art', 'music', 'religious_education']",grade_6,unknown,[],2025-09-08T00:49:05.566836,unknown,,,,
https://oer.kec.ac.ke/mobile-app/,Mobile App,,"Home About Learning Areas Resources Menu Toggle Learning Areas Forums Events Calendar Mobile App Contact Log In Register Home About Learning Areas Resources Menu Toggle Learning Areas Forums Events Calendar Mobile App Contact Log In Register Home About Learning Areas Resources Menu Toggle Learning Areas Forums Events Calendar Mobile App Contact Log In Register Home About Learning Areas Resources Menu Toggle Learning Areas Forums Events Calendar Mobile App Contact Log In Register Home About Learning Areas Resources Menu Toggle Learning Areas Forums Events Calendar Mobile App Contact Log In Register Main Menu Main Menu Home About Learning Areas Resources Menu Toggle Learning Areas Forums Events Calendar Mobile App Contact Log In Register Home About Learning Areas Resources Menu Toggle Learning Areas Forums Events Calendar Mobile App Contact Log In Register Home About Learning Areas Resources Menu Toggle Learning Areas Forums Events Calendar Mobile App Contact Log In Register Home About Learning Areas Resources Menu Toggle Learning Areas Forums Events Calendar Mobile App Contact Log In Register Mobile App Android APK Playstore iOS Test Flight App Store Share on Facebook Share on LinkedIn Email this Page Mobile App Android APK Playstore iOS Test Flight App Store Share on Facebook Share on LinkedIn Email this Page Android APK Playstore iOS Test Flight App Store Share on Facebook Share on LinkedIn Email this Page Mobile App – oer.kec.ac.ke Skip to content Home About Learning Areas Resources Menu Toggle Learning Areas Forums Events Calendar Mobile App Contact Log In Register Main Menu Home About Learning Areas Resources Menu Toggle Learning Areas Forums Events Calendar Mobile App Contact Log In Register Mobile App Android APK Playstore iOS Test Flight App Store Share on Facebook Share on LinkedIn Email this Page Kenya Institute ofCurriculum DevelopmentOpen Education Resources“Nurturing Every Learners Potential” The Kenya Institute of Curriculum Development(KICD) is an Institute established through the KICDAct No. 4 of 2013 of the laws of Kenya. © 2025 Kenya Institute of Curriculum Development.All Rights Reserved Our Contacts Kenya Institute of Curriculum Development Desai Rd, Off­ Muranga Rd, Nairobi, Kenya. Telephone Contacts +254 20 3749900-9 +254 20 3749900-3 +254 729 327 334 +254 787 883 311 Email Address info@kicd.ac.ke Developed by Darasa Online, a subsidiary of Mashariki Ltd. (Kenya)",[],unknown,unknown,[],2025-09-08T00:49:05.878035,unknown,,,,
https://elimika.kec.ac.ke/course/view.php?id=13,Elimika Platform | Kenya Education Cloud | Unlimited Learning Experinces,"Elimika is an online teacher training platform , offering Competency Based Curriculum (CBC)-aligned courses developed by the Kenya Institute of Curriculum Development (KICD). Learn anytime, anywhere and enhance your skills in ICT integration, assessment, pedagogy, and professional teaching under Kenya’s Competency Based Curriculum.","Sign Up and Start Learning!. By signing up, you agree to our Terms of Use and Privacy Policy. Elimika Skip to create new account Sign In Username / email Password Remember username Forgot Password? Log in No Account? Sign up Alternatively, you can Log in to the Elimika platform using your account on: Microsoft Google Skip to create new account Sign In Username / email Password Remember username Forgot Password? Log in No Account? Sign up Alternatively, you can Log in to the Elimika platform using your account on: Microsoft Google Sign In Username / email Password Remember username Forgot Password? Log in No Account? Sign up Alternatively, you can Log in to the Elimika platform using your account on: Microsoft Google Elimika Platform | Kenya Education Cloud | Unlimited Learning Experinces Skip to main content Sign Up and Start Learning!. By signing up, you agree to our Terms of Use and Privacy Policy. Elimika Skip to create new account Sign In Username / email Password Remember username Forgot Password? Log in No Account? Sign up Alternatively, you can Log in to the Elimika platform using your account on: Microsoft Google You are not logged in. Home","['art', 'religious_education']",unknown,unknown,[],2025-09-08T00:49:07.324755,unknown,,,,
https://lms.kec.ac.ke/course/index.php?categoryid=232,Educhannel Lessons,"Kenya Education Cloud is your ultimate digital learning hub, providing access to curated e-learning resources, educational tools, and innovative content for students, teachers, and institutions.","Educhannel Lessons Home Lessons Educhannel Lessons Lesson categories: Pre-Primary Pre-Primary / Radio Lessons Pre-Primary / Educhannel Video Lessons Pre-Primary / Educhannel Video Lessons / Language Activities Pre-Primary / Educhannel Video Lessons / Mathematics Pre-Primary / Educhannel Video Lessons / Our School Pre-Primary / Educhannel Video Lessons / Picture Making Pre-Primary / Educhannel Video Lessons / Social Environment Pre-Primary / Educhannel Video Lessons / Pre-Primary 1 Pre-Primary / Educhannel Video Lessons / Pre-Primary 2 Pre-Primary / Interactive digital Content Pre-Primary / Ebooks Primary Education Primary Education / Grade 1 Primary Education / Grade 1 / Educhannel TV Lessons Primary Education / Grade 1 / Educhannel TV Lessons / English Primary Education / Grade 1 / Educhannel TV Lessons / Mathematics Primary Education / Grade 1 / Educhannel TV Lessons / Kiswahili Primary Education / Grade 1 / Educhannel TV Lessons / Kenya Sign Language(KSL) Primary Education / Grade 1 / Educhannel TV Lessons / Hygiene and nutrition Primary Education / Grade 1 / Educhannel TV Lessons / Environmental Activities Primary Education / Grade 1 / Interactive Digital Content Primary Education / Grade 1 / Radio Lessons Primary Education / Grade 1 / Radio Lessons / Mathematics Primary Education / Grade 1 / Radio Lessons / Mathematics / Grade 1 Term 2 Primary Education / Grade 1 / Radio Lessons / Mathematics / Grade 1 Term 3 Primary Education / Grade 1 / Radio Lessons / Kiswahili Primary Education / Grade 1 / Radio Lessons / Kiswahili / Grade 1 Term 2 Primary Education / Grade 1 / Radio Lessons / Kiswahili / Grade 1 Term 3 Primary Education / Grade 1 / Radio Lessons / English Primary Education / Grade 1 / Radio Lessons / English / Grade 1 Term 2 Primary Education / Grade 1 / Radio Lessons / English / Grade 1 Term 3 Primary Education / Grade 1 / Ebooks Primary Education / Grade 1 / Ebooks / Tusome readers Primary Education / Grade 1 / Ebooks / Indigenous Languages Primary Education / Grade 2 Primary Education / Grade 2 / Interactive Digital Content Primary Education / Grade 2 / Educhannel Tv Lessons Primary Education / Grade 2 / Educhannel Tv Lessons / Mathematics Primary Education / Grade 2 / Educhannel Tv Lessons / English Primary Education / Grade 2 / Radio Lessons Primary Education / Grade 2 / Radio Lessons / Mathematics Primary Education / Grade 2 / Radio Lessons / Mathematics / Grade 2 Term 2 Primary Education / Grade 2 / Radio Lessons / English Primary Education / Grade 2 / Radio Lessons / English / Grade 2 Term 2 Primary Education / Grade 2 / Radio Lessons / English / Grade 2 Term 3 Primary Education / Grade 2 / Radio Lessons / Kiswahili Primary Education / Grade 2 / Radio Lessons / Kiswahili / Grade 2 Term 3 Primary Education / Grade 2 / Hygiene and Nutrition Primary Education / Grade 2 / Hygiene and Nutrition / Grade 2 Term 2 Primary Education / Grade 2 / E-books Primary Education / Grade 2 / E-books / Tusome Readers Primary Education / Grade 3 Primary Education / Grade 3 / Radio Lessons Primary Education / Grade 3 / Radio Lessons / Mathematics Primary Education / Grade 3 / Radio Lessons / Mathematics / Grade 3 Term 2 Primary Education / Grade 3 / Radio Lessons / Mathematics / Grade 3 Term 3 Primary Education / Grade 3 / Radio Lessons / English Primary Education / Grade 3 / Radio Lessons / English / Grade 3 Term 2 Primary Education / Grade 3 / Radio Lessons / English / Grade 3 Term 3 Primary Education / Grade 3 / Radio Lessons / Environmental Activities Primary Education / Grade 3 / Radio Lessons / Environmental Activities / Grade 3 Term 2 Primary Education / Grade 3 / Radio Lessons / Kiswahili Primary Education / Grade 3 / Radio Lessons / Kiswahili / Grade 3 Term 3 Primary Education / Grade 3 / Educhannel TV Lessons Primary Education / Grade 3 / Educhannel TV Lessons / Mathematics Primary Education / Grade 3 / Educhannel TV Lessons / English Primary Education / Grade 3 / Educhannel TV Lessons / Kiswahili Primary Education / Grade 3 / Educhannel TV Lessons / Hygiene and Nutrition Primary Education / Grade 3 / Educhannel TV Lessons / Environmental Activities Primary Education / Grade 3 / Interactive Digital Content Primary Education / Grade 3 / EBooks Primary Education / Grade 3 / Tusome English Video Lessons Primary Education / Grade 3 / Tusome English Video Lessons / Tusome English Grade 3 Lessons Primary Education / Grade 4 Primary Education / Grade 4 / Educhannel Tv Lessons Primary Education / Grade 4 / Educhannel Tv Lessons / Home Science Primary Education / Grade 4 / Educhannel Tv Lessons / Agriculture Primary Education / Grade 4 / Educhannel Tv Lessons / Music Primary Education / Grade 4 / Educhannel Tv Lessons / Physical Education Primary Education / Grade 4 / Educhannel Tv Lessons / Art and Craft Primary Education / Grade 4 / Educhannel Tv Lessons / Kenya Sign Language Primary Education / Grade 4 / Educhannel Tv Lessons / Mathematics Primary Education / Grade 4 / Educhannel Tv Lessons / Science and Technology Primary Education / Grade 4 / Educhannel Tv Lessons / Social Studies Primary Education / Grade 4 / Educhannel Tv Lessons / English Primary Education / Grade 4 / Educhannel Tv Lessons / Kiswahili Primary Education / Grade 4 / Educhannel Tv Lessons / Environmental Activity Primary Education / Grade 4 / Radio lessons Primary Education / Grade 4 / Radio lessons / Social Studies Primary Education / Grade 4 / Radio lessons / Social Studies / Grade 4 Term 2 Primary Education / Grade 4 / Radio lessons / Social Studies / Grade 4 Term 3 Primary Education / Grade 4 / Radio lessons / CRE Primary Education / Grade 4 / Radio lessons / CRE / Grade 4 Term 2 Primary Education / Grade 4 / Radio lessons / English Primary Education / Grade 4 / Radio lessons / English / Grade 4 Term 2 Primary Education / Grade 4 / Radio lessons / English / Grade 4 Term 3 Primary Education / Grade 4 / Radio lessons / Hygiene and Nutrition Primary Education / Grade 4 / Radio lessons / Hygiene and Nutrition / Grade 4 Term 1 Primary Education / Grade 4 / Radio lessons / IRE Primary Education / Grade 4 / Radio lessons / IRE / Grade 4 Term 2 Primary Education / Grade 4 / Radio lessons / Science and Technology Primary Education / Grade 4 / Radio lessons / Science and Technology / Grade 4 Term 3 Primary Education / Grade 4 / Radio lessons / Agriculture Primary Education / Grade 4 / Radio lessons / Agriculture / Grade 4 Term 3 Primary Education / Grade 4 / Radio lessons / Mathematics Primary Education / Grade 4 / Radio lessons / Mathematics / Grade 4 Term 3 Primary Education / Grade 4 / SNE Primary Education / Grade 4 / Interactive Digital Content Primary Education / Grade 5 Primary Education / Grade 5 / Educhannel Tv Lessons Primary Education / Grade 5 / Educhannel Tv Lessons / English Primary Education / Grade 5 / Educhannel Tv Lessons / Kiswahili Primary Education / Grade 5 / Educhannel Tv Lessons / Mathematics Primary Education / Grade 5 / Radio Lessons Primary Education / Grade 5 / Radio Lessons / English Primary Education / Grade 5 / Radio Lessons / Science and Technology Primary Education / Grade 5 / Radio Lessons / Agriculture Primary Education / Grade 5 / Radio Lessons / Social studies Primary Education / Grade 5 / Radio Lessons / Christian Religious Education Primary Education / Grade 5 / Radio Lessons / Mathematics Primary Education / Grade 5 / Interactive Digital Content Primary Education / Grade 6 Primary Education / Grade 6 / Radio Lessons Primary Education / Grade 6 / Radio Lessons / CRE Primary Education / Grade 6 / Radio Lessons / Social Studies Primary Education / Grade 6 / Radio Lessons / Science Primary Education / Grade 6 / Radio Lessons / Kiswahili Primary Education / Grade 6 / Radio Lessons / English Primary Education / Grade 6 / Radio Lessons / Mathematics Primary Education / Grade 6 / Educhannel TV Lessons Primary Education / Grade 6 / Educhannel TV Lessons / Kiswahili Primary Education / Grade 6 / Educhannel TV Lessons / Agriculture Primary Education / Grade 6 / Educhannel TV Lessons / Art and Craft Primary Education / Grade 6 / Educhannel TV Lessons / English Primary Education / Grade 6 / Educhannel TV Lessons / Home Science Primary Education / Grade 6 / Educhannel TV Lessons / Music Primary Education / Grade 6 / Educhannel TV Lessons / Science and technology Primary Education / Grade 6 / Educhannel TV Lessons / Physical health education Primary Education / Grade 6 / Interactive Digital Content Junior School Junior School / Grade 8 Junior School / Grade 8 / Educhannel Tv Lessons Junior School / Grade 8 / Radio Lessons Junior School / Grade 8 / Interactive Digital Content Junior School / Grade 7 Junior School / Grade 7 / Educhannel TV lessons Junior School / Grade 7 / Radio Lessons Junior School / Grade 7 / Radio Lessons / Mathematics Junior School / Grade 7 / Radio Lessons / Kiswahili Junior School / Grade 7 / Radio Lessons / English Junior School / Grade 7 / Radio Lessons / Christian Religious Education Junior School / Grade 7 / Radio Lessons / Integrated Science Junior School / Grade 7 / Radio Lessons / Social Studies Junior School / Grade 7 / Radio Lessons / Pre-Technical Studies Junior School / Grade 7 / Interactive Digital Content Secondary Education Secondary Education / Form 1 Secondary Education / Form 1 / Interactive Digital Content Secondary Education / Form 1 / Educhannel Tv Lessons Secondary Education / Form 1 / Educhannel Tv Lessons / Mathematics Secondary Education / Form 1 / Educhannel Tv Lessons / English Secondary Education / Form 1 / Educhannel Tv Lessons / Physics Secondary Education / Form 1 / Educhannel Tv Lessons / Biology Secondary Education / Form 1 / Educhannel Tv Lessons / Chemistry Secondary Education / Form 1 / Educhannel Tv Lessons / Kiswahili Secondary Education / Form 1 / Educhannel Tv Lessons / History and Government Secondary Education / Form 1 / Educhannel Tv Lessons / Business Studies Secondary Education / Form 1 / Radio Lessons Secondary Education / Form 1 / Ebooks Secondary Education / Form 2 Secondary Education / Form 2 / Interactive Digital Content Secondary Education / Form 2 / Educhannel Tv Lessons Secondary Education / Form 2 / Educhannel Tv Lessons / Physics Secondary Education / Form 2 / Radio Lessons Secondary Education / Form 2 / Radio Lessons / Biology Secondary Education / Form 3 Secondary Education / Form 3 / Interactive Digital Content Secondary Education / Form 3 / Educhannel Tv Lessons Secondary Education / Form 3 / Educhannel Tv Lessons / Mathematics Secondary Education / Form 3 / Educhannel Tv Lessons / English Secondary Education / Form 3 / Educhannel Tv Lessons / Kiswahili Secondary Education / Form 3 / Educhannel Tv Lessons / Biology Secondary Education / Form 3 / Educhannel Tv Lessons / Chemistry Secondary Education / Form 3 / Educhannel Tv Lessons / Physics Secondary Education / Form 3 / Educhannel Tv Lessons / Business Studies Secondary Education / Form 3 / Educhannel Tv Lessons / History and Government Secondary Education / Form 3 / Radio Lessons Secondary Education / Form 4 Secondary Education / Form 4 / Interactive Digital Content Secondary Education / Form 4 / Educhannel Tv Lessons Secondary Education / Form 4 / Educhannel Tv Lessons / Form 4 Mathematics Secondary Education / Form 4 / Educhannel Tv Lessons / Form 4 English Secondary Education / Form 4 / Educhannel Tv Lessons / Form 4 Physics Secondary Education / Form 4 / Educhannel Tv Lessons / Form 4 Biology Secondary Education / Form 4 / Educhannel Tv Lessons / Form 4 Kiswahili Secondary Education / Form 4 / Educhannel Tv Lessons / Form 4 Chemistry Secondary Education / Form 4 / Educhannel Tv Lessons / Form 4 History and Government Secondary Education / Form 4 / Educhannel Tv Lessons / Form 4 Business Studies Secondary Education / Form 4 / Radio Lessons Secondary Education / Form 4 / Radio Lessons / Mathematics Secondary Education / Form 4 / Radio Lessons / Mathematics / Form 4 Term 1 Secondary Education / Form 4 / Radio Lessons / Mathematics / Form 4 Term 2 Secondary Education / Form 4 / Radio Lessons / Mathematics / Form 4 Term 3 General Knowledge General Knowledge / VOA Connect General Knowledge / Ask the expert General Knowledge / Citizenship and Democracy General Knowledge / Digital Story General Knowledge / Impacted Educhannel Lessons Educhannel Lessons / English Educhannel Lessons / English / Transport and travel Educhannel Lessons / English / Pronunciation skills Educhannel Lessons / English / Listening and speaking Educhannel Lessons / English / Family Educhannel Lessons / English / Environment Educhannel Lessons / English / Drug and Substance Educhannel Lessons / Agriculture Educhannel Lessons / Biology Educhannel Lessons / Biology / Living Things Educhannel Lessons / Biology / Secretion and homeostasis Educhannel Lessons / Biology / Support and movement Educhannel Lessons / Business Studies Educhannel Lessons / Chemistry Educhannel Lessons / Earth Movement and Volcanicity Educhannel Lessons / Environmental Activities Educhannel Lessons / Geograpghy Educhannel Lessons / History Educhannel Lessons / History / Kenyan History Educhannel Lessons / Homescience Educhannel Lessons / Homescience / Basic care clothing Educhannel Lessons / Kiswahili Educhannel Lessons / Kiswahili / Primary Educhannel Lessons / Kiswahili / Primary / Darasa 4-5 Educhannel Lessons / Kiswahili / Secondary Educhannel Lessons / Kiswahili / Secondary / Isimu Jamii Educhannel Lessons / Kiswahili / Secondary / Sarufi Educhannel Lessons / Mathematics Educhannel Lessons / Mathematics / Secondary Educhannel Lessons / Mathematics / Secondary / Commercial Arithmetics Educhannel Lessons / Mathematics / Primary Educhannel Lessons / Mathematics / Primary / Class 5-8 Educhannel Lessons / Mathematics / Primary / Class 5-8 / Practical uses of Money Educhannel Lessons / Mathematics / Primary / Class 5-8 / Measurement Educhannel Lessons / Organic Chemistry Educhannel Lessons / Performing Music Educhannel Lessons / Homescience Educhannel Lessons / Homescience / Basic care of clothing Educhannel Lessons / Art and Craft Educhannel Lessons / Physics Educhannel Lessons / Physics / Thermodynamics Educhannel Lessons / Physics / Mechanics Educhannel Lessons / Physics / Electricity and Magnetism Educhannel Lessons / The Doyen Exposition Educhannel Lessons / Science Educhannel Lessons / Science / Making work easier Educhannel Lessons / Science / Living Things Educhannel Lessons / Science / Energy conservation Educhannel Lessons / Physical and Health Education Educhannel Lessons / Physical and Health Education / Grade 1-4 Open Education Resourses(OERs) Open Education Resourses(OERs) / Movement and Creative Activities Open Education Resourses(OERs) / 	Religious Education Activities Open Education Resourses(OERs) / Mathematical Activities Open Education Resourses(OERs) / Environmental Activities Open Education Resourses(OERs) / Kiswahili Language Open Education Resourses(OERs) / LTK | Concordia University Open Education Resourses(OERs) / Hygiene and Nutrition Open Education Resourses(OERs) / ENGLISH LANGUAGE ACTIVITIES Open Education Resourses(OERs) / Casio Materials Open Education Resourses(OERs) / Health Education Open Education Resourses(OERs) / Carbon Literacy Special Needs Education Special Needs Education / Grade 1 Special Needs Education / Grade 1 / Adapted Interactive Digital Content for Hearing Impaired(HI) Special Needs Education / Grade 1 / Adapted Interactive Digital Content for Hearing Impaired(HI) / English Activities Special Needs Education / Grade 1 / Adapted Interactive Digital Content for Hearing Impaired(HI) / Environmental Activities Special Needs Education / Grade 1 / Adapted Interactive Digital Content for Hearing Impaired(HI) / Creative Activities Special Needs Education / Grade 1 / Adapted Interactive Digital Content for Visual Impaired(VI) Special Needs Education / Grade 2 Special Needs Education / Grade 2 / Adapted Interactive Digital Content for Hearing Impaired(HI) Special Needs Education / Grade 2 / Adapted Interactive Digital Content for Hearing Impaired(HI) / Mathematics Grade 2 Special Needs Education / Grade 2 / Adapted Interactive Digital Content for Hearing Impaired(HI) / Environmental Activities Grade 2 Special Needs Education / Grade 2 / Adapted Interactive Digital Content for Hearing Impaired(HI) / Hygiene and Nutrition Grade 2 Special Needs Education / Grade 2 / Adapted Interactive Digital Content for Hearing Impaired(HI) / Christian Religious Education Grade 2 (HI) Special Needs Education / Grade 2 / Adapted Interactive Digital Content for Hearing Impaired(HI) / Literacy Activities Grade2 (HI) Special Needs Education / Grade 2 / Adapted Interactive Digital Content for Hearing Impaired(HI) / English Activities Grad2 H.I Special Needs Education / Grade 2 / Adapted Interactive Digital Content for Hearing Impaired(HI) / Creative Activities Grade2 -H.I Special Needs Education / Grade 2 / Adapted Interactive Digital Content for Visual Impaired(VI) Special Needs Education / Grade 2 / Adapted Interactive Digital Content for Visual Impaired(VI) / Mathematics Special Needs Education / Grade 2 / Adapted Interactive Digital Content for Visual Impaired(VI) / Kiswahili Special Needs Education / Grade 2 / Adapted Interactive Digital Content for Visual Impaired(VI) / English Special Needs Education / Grade 2 / Adapted Interactive Digital Content for Visual Impaired(VI) / Creative Activities Special Needs Education / Grade 2 / Adapted Interactive Digital Content for Visual Impaired(VI) / CRE Special Needs Education / Grade 3 Special Needs Education / Grade 3 / Adapted Interactive Digital Content for Learners with Hearing Impairment (HI) Special Needs Education / Grade 3 / Adapted Interactive Digital Content for Learners with Hearing Impairment (HI) / Visual Arts Special Needs Education / Grade 3 / Adapted Interactive Digital Content for Learners with Hearing Impairment (HI) / English Special Needs Education / Grade 3 / Adapted Interactive Digital Content for Learners with Hearing Impairment (HI) / Hygiene and Nutrition Special Needs Education / Grade 3 / Adapted Interactive Digital Content for Learners with Hearing Impairment (HI) / Music Special Needs Education / Grade 3 / Adapted Interactive Digital Content for Learners with Hearing Impairment (HI) / Mathematics Special Needs Education / Grade 3 / Adapted Interactive Digital Content for Learners with Hearing Impairment (HI) / Environmental Special Needs Education / Grade 3 / Adapted Interactive Digital Content for Learners with Hearing Impairment (HI) / CRE Special Needs Education / Grade 3 / Adapted Interactive Digital Content for Learners with Visual Impairment (VI) Special Needs Education / Grade 3 / Adapted Interactive Digital Content for Learners with Visual Impairment (VI) / Music Special Needs Education / Grade 3 / Adapted Interactive Digital Content for Learners with Visual Impairment (VI) / Mathematics Special Needs Education / Grade 3 / Adapted Interactive Digital Content for Learners with Visual Impairment (VI) / Visual Arts Special Needs Education / Grade 3 / Adapted Interactive Digital Content for Learners with Visual Impairment (VI) / Kiswahili Special Needs Education / Grade 3 / Adapted Interactive Digital Content for Learners with Visual Impairment (VI) / Hygiene and Nutrition Special Needs Education / Grade 3 / Adapted Interactive Digital Content for Learners with Visual Impairment (VI) / Environmental Special Needs Education / Grade 3 / Adapted Interactive Digital Content for Learners with Visual Impairment (VI) / English Special Needs Education / Grade 3 / Adapted Interactive Digital Content for Learners with Visual Impairment (VI) / CRE Special Needs Education / Grade 4 Special Needs Education / Grade 4 / Adapted Interactive Digital Content for Learners with Hearing Impairment (HI) Special Needs Education / Grade 4 / Adapted Interactive Digital Content for Learners with Hearing Impairment (HI) / Mathematics Special Needs Education / Grade 4 / Adapted Interactive Digital Content for Learners with Hearing Impairment (HI) / English Special Needs Education / Grade 4 / Adapted Interactive Digital Content for Learners with Hearing Impairment (HI) / Science and Technology Special Needs Education / Grade 4 / Adapted Interactive Digital Content for Learners with Hearing Impairment (HI) / Agriculture Special Needs Education / Grade 4 / Adapted Interactive Digital Content for Learners with Hearing Impairment (HI) / Social Studies Special Needs Education / Grade 4 / Adapted Interactive Digital Content for Learners with Hearing Impairment (HI) / Home Science Special Needs Education / Grade 4 / Adapted Interactive Digital Content for Learners with Hearing Impairment (HI) / Art and Craft Special Needs Education / Grade 4 / Adapted Interactive Digital Content for Learners with Hearing Impairment (HI) / Music Special Needs Education / Grade 4 / Adapted Interactive Digital Content for Learners with Hearing Impairment (HI) / Christian Religious Education (CRE) Special Needs Education / Grade 4 / Adapted Interactive Digital Content for Learners with Visual Impairment (VI) Special Needs Education / Grade 4 / Adapted Interactive Digital Content for Learners with Visual Impairment (VI) / Mathematics Special Needs Education / Grade 4 / Adapted Interactive Digital Content for Learners with Visual Impairment (VI) / English Special Needs Education / Grade 4 / Adapted Interactive Digital Content for Learners with Visual Impairment (VI) / Kiswahili Special Needs Education / Grade 4 / Adapted Interactive Digital Content for Learners with Visual Impairment (VI) / Science and Technology Special Needs Education / Grade 4 / Adapted Interactive Digital Content for Learners with Visual Impairment (VI) / Agriculture Special Needs Education / Grade 4 / Adapted Interactive Digital Content for Learners with Visual Impairment (VI) / Social Studies Special Needs Education / Grade 4 / Adapted Interactive Digital Content for Learners with Visual Impairment (VI) / Home Science Special Needs Education / Grade 4 / Adapted Interactive Digital Content for Learners with Visual Impairment (VI) / Art and Craft Special Needs Education / Grade 4 / Adapted Interactive Digital Content for Learners with Visual Impairment (VI) / Christian Religious Education (CRE) Special Needs Education / Grade 4 / Adapted Interactive Digital Content for Learners with Visual Impairment (VI) / Music Special Needs Education / Grade 5 Special Needs Education / Grade 5 / Adapted Interactive Digital Content for Learners with Hearing Impairment (HI) Special Needs Education / Grade 5 / Adapted Interactive Digital Content for Learners with Hearing Impairment (HI) / English Special Needs Education / Grade 5 / Adapted Interactive Digital Content for Learners with Hearing Impairment (HI) / Christian Religious Education Special Needs Education / Grade 5 / Adapted Interactive Digital Content for Learners with Hearing Impairment (HI) / Social Studies Special Needs Education / Grade 5 / Adapted Interactive Digital Content for Learners with Hearing Impairment (HI) / Agriculture and Nutrition Special Needs Education / Grade 5 / Adapted Interactive Digital Content for Learners with Hearing Impairment (HI) / Creative Arts Special Needs Education / Grade 5 / Adapted Interactive Digital Content for Learners with Hearing Impairment (HI) / Mathematics Special Needs Education / Grade 5 / Adapted Interactive Digital Content for Learners with Hearing Impairment (HI) / Science and Technology Special Needs Education / Grade 5 / Adapted Interactive Digital Content for Learners with Hearing Impairment (HI) / Islamic Religious Education Special Needs Education / Grade 5 / Adapted Interactive Digital Content for Learners with Visual Impairment (VI) Special Needs Education / Grade 5 / Adapted Interactive Digital Content for Learners with Visual Impairment (VI) / Creative Arts Special Needs Education / Grade 5 / Adapted Interactive Digital Content for Learners with Visual Impairment (VI) / Social Studies Special Needs Education / Grade 5 / Adapted Interactive Digital Content for Learners with Visual Impairment (VI) / Kiswahili Special Needs Education / Grade 5 / Adapted Interactive Digital Content for Learners with Visual Impairment (VI) / Christian Religious Education Special Needs Education / Grade 5 / Adapted Interactive Digital Content for Learners with Visual Impairment (VI) / Science and Technology Special Needs Education / Grade 5 / Adapted Interactive Digital Content for Learners with Visual Impairment (VI) / Agriculture and Nutrition Special Needs Education / Grade 5 / Adapted Interactive Digital Content for Learners with Visual Impairment (VI) / Islamic Religious Education Special Needs Education / Grade 5 / Adapted Interactive Digital Content for Learners with Visual Impairment (VI) / Mathematics Special Needs Education / Grade 5 / Adapted Interactive Digital Content for Learners with Visual Impairment (VI) / English Special Needs Education / Grade 6 Special Needs Education / Grade 6 / Adapted Interactive Digital Content for Learners with Hearing Impairment (HI) Special Needs Education / Grade 6 / Adapted Interactive Digital Content for Learners with Hearing Impairment (HI) / Science and Technology Special Needs Education / Grade 6 / Adapted Interactive Digital Content for Learners with Hearing Impairment (HI) / Christian Religious Education Special Needs Education / Grade 6 / Adapted Interactive Digital Content for Learners with Hearing Impairment (HI) / Creative Arts Special Needs Education / Grade 6 / Adapted Interactive Digital Content for Learners with Hearing Impairment (HI) / Islamic Religious Education Special Needs Education / Grade 6 / Adapted Interactive Digital Content for Learners with Hearing Impairment (HI) / English Special Needs Education / Grade 6 / Adapted Interactive Digital Content for Learners with Hearing Impairment (HI) / Social Studies Special Needs Education / Grade 6 / Adapted Interactive Digital Content for Learners with Hearing Impairment (HI) / Agriculture Special Needs Education / Grade 6 / Adapted Interactive Digital Content for Learners with Hearing Impairment (HI) / Mathematics Special Needs Education / Grade 6 / Adapted Interactive Digital Content for Learners with Visual Impairment (VI) Special Needs Education / Grade 6 / Adapted Interactive Digital Content for Learners with Visual Impairment (VI) / Christian Religious Education Special Needs Education / Grade 6 / Adapted Interactive Digital Content for Learners with Visual Impairment (VI) / Kiswahili Special Needs Education / Grade 6 / Adapted Interactive Digital Content for Learners with Visual Impairment (VI) / English Special Needs Education / Grade 6 / Adapted Interactive Digital Content for Learners with Visual Impairment (VI) / Creative Arts Special Needs Education / Grade 6 / Adapted Interactive Digital Content for Learners with Visual Impairment (VI) / Mathematics Special Needs Education / Grade 6 / Adapted Interactive Digital Content for Learners with Visual Impairment (VI) / Science and Technology Special Needs Education / Grade 6 / Adapted Interactive Digital Content for Learners with Visual Impairment (VI) / Islamic Religious Education Special Needs Education / Grade 6 / Adapted Interactive Digital Content for Learners with Visual Impairment (VI) / Social Studies Special Needs Education / Grade 6 / Adapted Interactive Digital Content for Learners with Visual Impairment (VI) / Agriculture and Nutrition Special Needs Education / Ebooks Special Needs Education / Videos Special Needs Education / Foundational and Stage-Based Special Needs Education / Prevocational Level Special Needs Education / Prevocational Level / Music Special Needs Education / Prevocational Level / Hindu Religious Education Special Needs Education / Prevocational Level / Christian Religious Education Special Needs Education / Prevocational Level / Physical Education Special Needs Education / Prevocational Level / Islamic Religious Education Special Needs Education / Prevocational Level / Social Studies Special Needs Education / Prevocational Level / Prevocational Skills 1 Special Needs Education / Prevocational Level / Prevocational Skills 2 Special Needs Education / Prevocational Level / Prevocational Skills 3 Accessible Digital Textbooks Interactive Simulations for Sciences and Mathematics Interactive Simulations for Sciences and Mathematics / Physics Interactive Simulations for Sciences and Mathematics / Chemistry Interactive Simulations for Sciences and Mathematics / Mathematics Information, Education and Communication(IEC) Materials Information, Education and Communication(IEC) Materials / Child Online Safety Information, Education and Communication(IEC) Materials / Child Road Safety Information, Education and Communication(IEC) Materials / Child Road Safety / Integration Matrices Information, Education and Communication(IEC) Materials / Child Road Safety / Integration Matrices / Early Years Education Information, Education and Communication(IEC) Materials / Child Road Safety / Integration Matrices / Upper Primary Information, Education and Communication(IEC) Materials / Child Road Safety / Integration Matrices / Junior School Information, Education and Communication(IEC) Materials / Child Road Safety / Integration Matrices / Senior School Information, Education and Communication(IEC) Materials / Child Road Safety / Information, Education and Communication(IEC) Materials on Child Road Safety Information, Education and Communication(IEC) Materials / Child Road Safety / Information, Education and Communication(IEC) Materials on Child Road Safety / Early Years Education Information, Education and Communication(IEC) Materials / Child Road Safety / Information, Education and Communication(IEC) Materials on Child Road Safety / Upper Primary Information, Education and Communication(IEC) Materials / Child Road Safety / Information, Education and Communication(IEC) Materials on Child Road Safety / Junior School Information, Education and Communication(IEC) Materials / Child Road Safety / Information, Education and Communication(IEC) Materials on Child Road Safety / Senior School Information, Education and Communication(IEC) Materials / Child Road Safety / Teacher's Handbook Information, Education and Communication(IEC) Materials / Financial Literacy Learners’ Toolkit Teacher Resources Teacher Resources / Educational Resources Materials Development Teacher Resources / Educational Resources Materials Development / CRE Teacher Resources / Educational Resources Materials Development / English Teacher Resources / Educational Resources Materials Development / Environment Teacher Resources / Educational Resources Materials Development / Foundations Teacher Resources / Educational Resources Materials Development / H.R.E Teacher Resources / Educational Resources Materials Development / Hygiene and Nutrition Teacher Resources / Educational Resources Materials Development / I.R.E Teacher Resources / Educational Resources Materials Development / Kiswahili Teacher Resources / Educational Resources Materials Development / Language Activities Teacher Resources / Educational Resources Materials Development / Literacy Skills Teacher Resources / Educational Resources Materials Development / Mathematics Teacher Resources / Educational Resources Materials Development / Movements and Arts Teacher Resources / Pre-Primary Teacher Radio Programmes Teacher Resources / CBC Courses Teacher Resources / Special Needs Educations Teacher Resources / Interactive Digital Content for Teacher Education Teacher Resources / Interactive Digital Content for Teacher Education / English Teacher Resources / Interactive Digital Content for Teacher Education / Music Teacher Resources / Interactive Digital Content for Teacher Education / Christian Religious Education Teacher Resources / Interactive Digital Content for Teacher Education / Art and Craft Teacher Resources / Interactive Digital Content for Teacher Education / Indigenous Languages Teacher Resources / Interactive Digital Content for Teacher Education / Home science Teacher Resources / Interactive Digital Content for Teacher Education / Science and Technology Teacher Resources / Interactive Digital Content for Teacher Education / Islamic Religious Education Teacher Resources / Interactive Digital Content for Teacher Education / Mandarin Teacher Resources / Interactive Digital Content for Teacher Education / Agriculture Teacher Resources / Interactive Digital Content for Teacher Education / Mathematics Teacher Resources / Interactive Digital Content for Teacher Education / French Teacher Resources / Interactive Digital Content for Teacher Education / Hindu Religious Education Teacher Resources / Interactive Digital Content for Teacher Education / Social Studies Teacher Resources / Interactive Digital Content for Teacher Education / Kiswahili Teacher Resources / Interactive Digital Content for Teacher Education / Physical Education Teacher Resources / Interactive Digital Content for Teacher Education / Arabic Parental Resources Financial Literacy Financial Literacy / Financial Literacy for Junior School Financial Literacy / Financial Literacy for Junior School / Taxation Financial Literacy / Financial Literacy for Senior School Financial Literacy / Financial Literacy for Senior School / Taxation Search lessons Search Expand allEnglishAgricultureBiologyBusiness StudiesChemistryEarth Movement and VolcanicityEnvironmental ActivitiesGeograpghyHistoryHomescienceKiswahiliMathematicsOrganic ChemistryPerforming MusicHomescienceArt and CraftPhysicsThe Doyen ExpositionSciencePhysical and Health Education EnglishAgricultureBiologyBusiness StudiesChemistryEarth Movement and VolcanicityEnvironmental ActivitiesGeograpghyHistoryHomescienceKiswahiliMathematicsOrganic ChemistryPerforming MusicHomescienceArt and CraftPhysicsThe Doyen ExpositionSciencePhysical and Health Education Digital Content | Kenya Education Cloud | Unlimited Learning Experiences Skip to main content (Login) Educhannel Lessons Home Lessons Educhannel Lessons Lesson categories: Pre-Primary Pre-Primary / Radio Lessons Pre-Primary / Educhannel Video Lessons Pre-Primary / Educhannel Video Lessons / Language Activities Pre-Primary / Educhannel Video Lessons / Mathematics Pre-Primary / Educhannel Video Lessons / Our School Pre-Primary / Educhannel Video Lessons / Picture Making Pre-Primary / Educhannel Video Lessons / Social Environment Pre-Primary / Educhannel Video Lessons / Pre-Primary 1 Pre-Primary / Educhannel Video Lessons / Pre-Primary 2 Pre-Primary / Interactive digital Content Pre-Primary / Ebooks Primary Education Primary Education / Grade 1 Primary Education / Grade 1 / Educhannel TV Lessons Primary Education / Grade 1 / Educhannel TV Lessons / English Primary Education / Grade 1 / Educhannel TV Lessons / Mathematics Primary Education / Grade 1 / Educhannel TV Lessons / Kiswahili Primary Education / Grade 1 / Educhannel TV Lessons / Kenya Sign Language(KSL) Primary Education / Grade 1 / Educhannel TV Lessons / Hygiene and nutrition Primary Education / Grade 1 / Educhannel TV Lessons / Environmental Activities Primary Education / Grade 1 / Interactive Digital Content Primary Education / Grade 1 / Radio Lessons Primary Education / Grade 1 / Radio Lessons / Mathematics Primary Education / Grade 1 / Radio Lessons / Mathematics / Grade 1 Term 2 Primary Education / Grade 1 / Radio Lessons / Mathematics / Grade 1 Term 3 Primary Education / Grade 1 / Radio Lessons / Kiswahili Primary Education / Grade 1 / Radio Lessons / Kiswahili / Grade 1 Term 2 Primary Education / Grade 1 / Radio Lessons / Kiswahili / Grade 1 Term 3 Primary Education / Grade 1 / Radio Lessons / English Primary Education / Grade 1 / Radio Lessons / English / Grade 1 Term 2 Primary Education / Grade 1 / Radio Lessons / English / Grade 1 Term 3 Primary Education / Grade 1 / Ebooks Primary Education / Grade 1 / Ebooks / Tusome readers Primary Education / Grade 1 / Ebooks / Indigenous Languages Primary Education / Grade 2 Primary Education / Grade 2 / Interactive Digital Content Primary Education / Grade 2 / Educhannel Tv Lessons Primary Education / Grade 2 / Educhannel Tv Lessons / Mathematics Primary Education / Grade 2 / Educhannel Tv Lessons / English Primary Education / Grade 2 / Radio Lessons Primary Education / Grade 2 / Radio Lessons / Mathematics Primary Education / Grade 2 / Radio Lessons / Mathematics / Grade 2 Term 2 Primary Education / Grade 2 / Radio Lessons / English Primary Education / Grade 2 / Radio Lessons / English / Grade 2 Term 2 Primary Education / Grade 2 / Radio Lessons / English / Grade 2 Term 3 Primary Education / Grade 2 / Radio Lessons / Kiswahili Primary Education / Grade 2 / Radio Lessons / Kiswahili / Grade 2 Term 3 Primary Education / Grade 2 / Hygiene and Nutrition Primary Education / Grade 2 / Hygiene and Nutrition / Grade 2 Term 2 Primary Education / Grade 2 / E-books Primary Education / Grade 2 / E-books / Tusome Readers Primary Education / Grade 3 Primary Education / Grade 3 / Radio Lessons Primary Education / Grade 3 / Radio Lessons / Mathematics Primary Education / Grade 3 / Radio Lessons / Mathematics / Grade 3 Term 2 Primary Education / Grade 3 / Radio Lessons / Mathematics / Grade 3 Term 3 Primary Education / Grade 3 / Radio Lessons / English Primary Education / Grade 3 / Radio Lessons / English / Grade 3 Term 2 Primary Education / Grade 3 / Radio Lessons / English / Grade 3 Term 3 Primary Education / Grade 3 / Radio Lessons / Environmental Activities Primary Education / Grade 3 / Radio Lessons / Environmental Activities / Grade 3 Term 2 Primary Education / Grade 3 / Radio Lessons / Kiswahili Primary Education / Grade 3 / Radio Lessons / Kiswahili / Grade 3 Term 3 Primary Education / Grade 3 / Educhannel TV Lessons Primary Education / Grade 3 / Educhannel TV Lessons / Mathematics Primary Education / Grade 3 / Educhannel TV Lessons / English Primary Education / Grade 3 / Educhannel TV Lessons / Kiswahili Primary Education / Grade 3 / Educhannel TV Lessons / Hygiene and Nutrition Primary Education / Grade 3 / Educhannel TV Lessons / Environmental Activities Primary Education / Grade 3 / Interactive Digital Content Primary Education / Grade 3 / EBooks Primary Education / Grade 3 / Tusome English Video Lessons Primary Education / Grade 3 / Tusome English Video Lessons / Tusome English Grade 3 Lessons Primary Education / Grade 4 Primary Education / Grade 4 / Educhannel Tv Lessons Primary Education / Grade 4 / Educhannel Tv Lessons / Home Science Primary Education / Grade 4 / Educhannel Tv Lessons / Agriculture Primary Education / Grade 4 / Educhannel Tv Lessons / Music Primary Education / Grade 4 / Educhannel Tv Lessons / Physical Education Primary Education / Grade 4 / Educhannel Tv Lessons / Art and Craft Primary Education / Grade 4 / Educhannel Tv Lessons / Kenya Sign Language Primary Education / Grade 4 / Educhannel Tv Lessons / Mathematics Primary Education / Grade 4 / Educhannel Tv Lessons / Science and Technology Primary Education / Grade 4 / Educhannel Tv Lessons / Social Studies Primary Education / Grade 4 / Educhannel Tv Lessons / English Primary Education / Grade 4 / Educhannel Tv Lessons / Kiswahili Primary Education / Grade 4 / Educhannel Tv Lessons / Environmental Activity Primary Education / Grade 4 / Radio lessons Primary Education / Grade 4 / Radio lessons / Social Studies Primary Education / Grade 4 / Radio lessons / Social Studies / Grade 4 Term 2 Primary Education / Grade 4 / Radio lessons / Social Studies / Grade 4 Term 3 Primary Education / Grade 4 / Radio lessons / CRE Primary Education / Grade 4 / Radio lessons / CRE / Grade 4 Term 2 Primary Education / Grade 4 / Radio lessons / English Primary Education / Grade 4 / Radio lessons / English / Grade 4 Term 2 Primary Education / Grade 4 / Radio lessons / English / Grade 4 Term 3 Primary Education / Grade 4 / Radio lessons / Hygiene and Nutrition Primary Education / Grade 4 / Radio lessons / Hygiene and Nutrition / Grade 4 Term 1 Primary Education / Grade 4 / Radio lessons / IRE Primary Education / Grade 4 / Radio lessons / IRE / Grade 4 Term 2 Primary Education / Grade 4 / Radio lessons / Science and Technology Primary Education / Grade 4 / Radio lessons / Science and Technology / Grade 4 Term 3 Primary Education / Grade 4 / Radio lessons / Agriculture Primary Education / Grade 4 / Radio lessons / Agriculture / Grade 4 Term 3 Primary Education / Grade 4 / Radio lessons / Mathematics Primary Education / Grade 4 / Radio lessons / Mathematics / Grade 4 Term 3 Primary Education / Grade 4 / SNE Primary Education / Grade 4 / Interactive Digital Content Primary Education / Grade 5 Primary Education / Grade 5 / Educhannel Tv Lessons Primary Education / Grade 5 / Educhannel Tv Lessons / English Primary Education / Grade 5 / Educhannel Tv Lessons / Kiswahili Primary Education / Grade 5 / Educhannel Tv Lessons / Mathematics Primary Education / Grade 5 / Radio Lessons Primary Education / Grade 5 / Radio Lessons / English Primary Education / Grade 5 / Radio Lessons / Science and Technology Primary Education / Grade 5 / Radio Lessons / Agriculture Primary Education / Grade 5 / Radio Lessons / Social studies Primary Education / Grade 5 / Radio Lessons / Christian Religious Education Primary Education / Grade 5 / Radio Lessons / Mathematics Primary Education / Grade 5 / Interactive Digital Content Primary Education / Grade 6 Primary Education / Grade 6 / Radio Lessons Primary Education / Grade 6 / Radio Lessons / CRE Primary Education / Grade 6 / Radio Lessons / Social Studies Primary Education / Grade 6 / Radio Lessons / Science Primary Education / Grade 6 / Radio Lessons / Kiswahili Primary Education / Grade 6 / Radio Lessons / English Primary Education / Grade 6 / Radio Lessons / Mathematics Primary Education / Grade 6 / Educhannel TV Lessons Primary Education / Grade 6 / Educhannel TV Lessons / Kiswahili Primary Education / Grade 6 / Educhannel TV Lessons / Agriculture Primary Education / Grade 6 / Educhannel TV Lessons / Art and Craft Primary Education / Grade 6 / Educhannel TV Lessons / English Primary Education / Grade 6 / Educhannel TV Lessons / Home Science Primary Education / Grade 6 / Educhannel TV Lessons / Music Primary Education / Grade 6 / Educhannel TV Lessons / Science and technology Primary Education / Grade 6 / Educhannel TV Lessons / Physical health education Primary Education / Grade 6 / Interactive Digital Content Junior School Junior School / Grade 8 Junior School / Grade 8 / Educhannel Tv Lessons Junior School / Grade 8 / Radio Lessons Junior School / Grade 8 / Interactive Digital Content Junior School / Grade 7 Junior School / Grade 7 / Educhannel TV lessons Junior School / Grade 7 / Radio Lessons Junior School / Grade 7 / Radio Lessons / Mathematics Junior School / Grade 7 / Radio Lessons / Kiswahili Junior School / Grade 7 / Radio Lessons / English Junior School / Grade 7 / Radio Lessons / Christian Religious Education Junior School / Grade 7 / Radio Lessons / Integrated Science Junior School / Grade 7 / Radio Lessons / Social Studies Junior School / Grade 7 / Radio Lessons / Pre-Technical Studies Junior School / Grade 7 / Interactive Digital Content Secondary Education Secondary Education / Form 1 Secondary Education / Form 1 / Interactive Digital Content Secondary Education / Form 1 / Educhannel Tv Lessons Secondary Education / Form 1 / Educhannel Tv Lessons / Mathematics Secondary Education / Form 1 / Educhannel Tv Lessons / English Secondary Education / Form 1 / Educhannel Tv Lessons / Physics Secondary Education / Form 1 / Educhannel Tv Lessons / Biology Secondary Education / Form 1 / Educhannel Tv Lessons / Chemistry Secondary Education / Form 1 / Educhannel Tv Lessons / Kiswahili Secondary Education / Form 1 / Educhannel Tv Lessons / History and Government Secondary Education / Form 1 / Educhannel Tv Lessons / Business Studies Secondary Education / Form 1 / Radio Lessons Secondary Education / Form 1 / Ebooks Secondary Education / Form 2 Secondary Education / Form 2 / Interactive Digital Content Secondary Education / Form 2 / Educhannel Tv Lessons Secondary Education / Form 2 / Educhannel Tv Lessons / Physics Secondary Education / Form 2 / Radio Lessons Secondary Education / Form 2 / Radio Lessons / Biology Secondary Education / Form 3 Secondary Education / Form 3 / Interactive Digital Content Secondary Education / Form 3 / Educhannel Tv Lessons Secondary Education / Form 3 / Educhannel Tv Lessons / Mathematics Secondary Education / Form 3 / Educhannel Tv Lessons / English Secondary Education / Form 3 / Educhannel Tv Lessons / Kiswahili Secondary Education / Form 3 / Educhannel Tv Lessons / Biology Secondary Education / Form 3 / Educhannel Tv Lessons / Chemistry Secondary Education / Form 3 / Educhannel Tv Lessons / Physics Secondary Education / Form 3 / Educhannel Tv Lessons / Business Studies Secondary Education / Form 3 / Educhannel Tv Lessons / History and Government Secondary Education / Form 3 / Radio Lessons Secondary Education / Form 4 Secondary Education / Form 4 / Interactive Digital Content Secondary Education / Form 4 / Educhannel Tv Lessons Secondary Education / Form 4 / Educhannel Tv Lessons / Form 4 Mathematics Secondary Education / Form 4 / Educhannel Tv Lessons / Form 4 English Secondary Education / Form 4 / Educhannel Tv Lessons / Form 4 Physics Secondary Education / Form 4 / Educhannel Tv Lessons / Form 4 Biology Secondary Education / Form 4 / Educhannel Tv Lessons / Form 4 Kiswahili Secondary Education / Form 4 / Educhannel Tv Lessons / Form 4 Chemistry Secondary Education / Form 4 / Educhannel Tv Lessons / Form 4 History and Government Secondary Education / Form 4 / Educhannel Tv Lessons / Form 4 Business Studies Secondary Education / Form 4 / Radio Lessons Secondary Education / Form 4 / Radio Lessons / Mathematics Secondary Education / Form 4 / Radio Lessons / Mathematics / Form 4 Term 1 Secondary Education / Form 4 / Radio Lessons / Mathematics / Form 4 Term 2 Secondary Education / Form 4 / Radio Lessons / Mathematics / Form 4 Term 3 General Knowledge General Knowledge / VOA Connect General Knowledge / Ask the expert General Knowledge / Citizenship and Democracy General Knowledge / Digital Story General Knowledge / Impacted Educhannel Lessons Educhannel Lessons / English Educhannel Lessons / English / Transport and travel Educhannel Lessons / English / Pronunciation skills Educhannel Lessons / English / Listening and speaking Educhannel Lessons / English / Family Educhannel Lessons / English / Environment Educhannel Lessons / English / Drug and Substance Educhannel Lessons / Agriculture Educhannel Lessons / Biology Educhannel Lessons / Biology / Living Things Educhannel Lessons / Biology / Secretion and homeostasis Educhannel Lessons / Biology / Support and movement Educhannel Lessons / Business Studies Educhannel Lessons / Chemistry Educhannel Lessons / Earth Movement and Volcanicity Educhannel Lessons / Environmental Activities Educhannel Lessons / Geograpghy Educhannel Lessons / History Educhannel Lessons / History / Kenyan History Educhannel Lessons / Homescience Educhannel Lessons / Homescience / Basic care clothing Educhannel Lessons / Kiswahili Educhannel Lessons / Kiswahili / Primary Educhannel Lessons / Kiswahili / Primary / Darasa 4-5 Educhannel Lessons / Kiswahili / Secondary Educhannel Lessons / Kiswahili / Secondary / Isimu Jamii Educhannel Lessons / Kiswahili / Secondary / Sarufi Educhannel Lessons / Mathematics Educhannel Lessons / Mathematics / Secondary Educhannel Lessons / Mathematics / Secondary / Commercial Arithmetics Educhannel Lessons / Mathematics / Primary Educhannel Lessons / Mathematics / Primary / Class 5-8 Educhannel Lessons / Mathematics / Primary / Class 5-8 / Practical uses of Money Educhannel Lessons / Mathematics / Primary / Class 5-8 / Measurement Educhannel Lessons / Organic Chemistry Educhannel Lessons / Performing Music Educhannel Lessons / Homescience Educhannel Lessons / Homescience / Basic care of clothing Educhannel Lessons / Art and Craft Educhannel Lessons / Physics Educhannel Lessons / Physics / Thermodynamics Educhannel Lessons / Physics / Mechanics Educhannel Lessons / Physics / Electricity and Magnetism Educhannel Lessons / The Doyen Exposition Educhannel Lessons / Science Educhannel Lessons / Science / Making work easier Educhannel Lessons / Science / Living Things Educhannel Lessons / Science / Energy conservation Educhannel Lessons / Physical and Health Education Educhannel Lessons / Physical and Health Education / Grade 1-4 Open Education Resourses(OERs) Open Education Resourses(OERs) / Movement and Creative Activities Open Education Resourses(OERs) / 	Religious Education Activities Open Education Resourses(OERs) / Mathematical Activities Open Education Resourses(OERs) / Environmental Activities Open Education Resourses(OERs) / Kiswahili Language Open Education Resourses(OERs) / LTK | Concordia University Open Education Resourses(OERs) / Hygiene and Nutrition Open Education Resourses(OERs) / ENGLISH LANGUAGE ACTIVITIES Open Education Resourses(OERs) / Casio Materials Open Education Resourses(OERs) / Health Education Open Education Resourses(OERs) / Carbon Literacy Special Needs Education Special Needs Education / Grade 1 Special Needs Education / Grade 1 / Adapted Interactive Digital Content for Hearing Impaired(HI) Special Needs Education / Grade 1 / Adapted Interactive Digital Content for Hearing Impaired(HI) / English Activities Special Needs Education / Grade 1 / Adapted Interactive Digital Content for Hearing Impaired(HI) / Environmental Activities Special Needs Education / Grade 1 / Adapted Interactive Digital Content for Hearing Impaired(HI) / Creative Activities Special Needs Education / Grade 1 / Adapted Interactive Digital Content for Visual Impaired(VI) Special Needs Education / Grade 2 Special Needs Education / Grade 2 / Adapted Interactive Digital Content for Hearing Impaired(HI) Special Needs Education / Grade 2 / Adapted Interactive Digital Content for Hearing Impaired(HI) / Mathematics Grade 2 Special Needs Education / Grade 2 / Adapted Interactive Digital Content for Hearing Impaired(HI) / Environmental Activities Grade 2 Special Needs Education / Grade 2 / Adapted Interactive Digital Content for Hearing Impaired(HI) / Hygiene and Nutrition Grade 2 Special Needs Education / Grade 2 / Adapted Interactive Digital Content for Hearing Impaired(HI) / Christian Religious Education Grade 2 (HI) Special Needs Education / Grade 2 / Adapted Interactive Digital Content for Hearing Impaired(HI) / Literacy Activities Grade2 (HI) Special Needs Education / Grade 2 / Adapted Interactive Digital Content for Hearing Impaired(HI) / English Activities Grad2 H.I Special Needs Education / Grade 2 / Adapted Interactive Digital Content for Hearing Impaired(HI) / Creative Activities Grade2 -H.I Special Needs Education / Grade 2 / Adapted Interactive Digital Content for Visual Impaired(VI) Special Needs Education / Grade 2 / Adapted Interactive Digital Content for Visual Impaired(VI) / Mathematics Special Needs Education / Grade 2 / Adapted Interactive Digital Content for Visual Impaired(VI) / Kiswahili Special Needs Education / Grade 2 / Adapted Interactive Digital Content for Visual Impaired(VI) / English Special Needs Education / Grade 2 / Adapted Interactive Digital Content for Visual Impaired(VI) / Creative Activities Special Needs Education / Grade 2 / Adapted Interactive Digital Content for Visual Impaired(VI) / CRE Special Needs Education / Grade 3 Special Needs Education / Grade 3 / Adapted Interactive Digital Content for Learners with Hearing Impairment (HI) Special Needs Education / Grade 3 / Adapted Interactive Digital Content for Learners with Hearing Impairment (HI) / Visual Arts Special Needs Education / Grade 3 / Adapted Interactive Digital Content for Learners with Hearing Impairment (HI) / English Special Needs Education / Grade 3 / Adapted Interactive Digital Content for Learners with Hearing Impairment (HI) / Hygiene and Nutrition Special Needs Education / Grade 3 / Adapted Interactive Digital Content for Learners with Hearing Impairment (HI) / Music Special Needs Education / Grade 3 / Adapted Interactive Digital Content for Learners with Hearing Impairment (HI) / Mathematics Special Needs Education / Grade 3 / Adapted Interactive Digital Content for Learners with Hearing Impairment (HI) / Environmental Special Needs Education / Grade 3 / Adapted Interactive Digital Content for Learners with Hearing Impairment (HI) / CRE Special Needs Education / Grade 3 / Adapted Interactive Digital Content for Learners with Visual Impairment (VI) Special Needs Education / Grade 3 / Adapted Interactive Digital Content for Learners with Visual Impairment (VI) / Music Special Needs Education / Grade 3 / Adapted Interactive Digital Content for Learners with Visual Impairment (VI) / Mathematics Special Needs Education / Grade 3 / Adapted Interactive Digital Content for Learners with Visual Impairment (VI) / Visual Arts Special Needs Education / Grade 3 / Adapted Interactive Digital Content for Learners with Visual Impairment (VI) / Kiswahili Special Needs Education / Grade 3 / Adapted Interactive Digital Content for Learners with Visual Impairment (VI) / Hygiene and Nutrition Special Needs Education / Grade 3 / Adapted Interactive Digital Content for Learners with Visual Impairment (VI) / Environmental Special Needs Education / Grade 3 / Adapted Interactive Digital Content for Learners with Visual Impairment (VI) / English Special Needs Education / Grade 3 / Adapted Interactive Digital Content for Learners with Visual Impairment (VI) / CRE Special Needs Education / Grade 4 Special Needs Education / Grade 4 / Adapted Interactive Digital Content for Learners with Hearing Impairment (HI) Special Needs Education / Grade 4 / Adapted Interactive Digital Content for Learners with Hearing Impairment (HI) / Mathematics Special Needs Education / Grade 4 / Adapted Interactive Digital Content for Learners with Hearing Impairment (HI) / English Special Needs Education / Grade 4 / Adapted Interactive Digital Content for Learners with Hearing Impairment (HI) / Science and Technology Special Needs Education / Grade 4 / Adapted Interactive Digital Content for Learners with Hearing Impairment (HI) / Agriculture Special Needs Education / Grade 4 / Adapted Interactive Digital Content for Learners with Hearing Impairment (HI) / Social Studies Special Needs Education / Grade 4 / Adapted Interactive Digital Content for Learners with Hearing Impairment (HI) / Home Science Special Needs Education / Grade 4 / Adapted Interactive Digital Content for Learners with Hearing Impairment (HI) / Art and Craft Special Needs Education / Grade 4 / Adapted Interactive Digital Content for Learners with Hearing Impairment (HI) / Music Special Needs Education / Grade 4 / Adapted Interactive Digital Content for Learners with Hearing Impairment (HI) / Christian Religious Education (CRE) Special Needs Education / Grade 4 / Adapted Interactive Digital Content for Learners with Visual Impairment (VI) Special Needs Education / Grade 4 / Adapted Interactive Digital Content for Learners with Visual Impairment (VI) / Mathematics Special Needs Education / Grade 4 / Adapted Interactive Digital Content for Learners with Visual Impairment (VI) / English Special Needs Education / Grade 4 / Adapted Interactive Digital Content for Learners with Visual Impairment (VI) / Kiswahili Special Needs Education / Grade 4 / Adapted Interactive Digital Content for Learners with Visual Impairment (VI) / Science and Technology Special Needs Education / Grade 4 / Adapted Interactive Digital Content for Learners with Visual Impairment (VI) / Agriculture Special Needs Education / Grade 4 / Adapted Interactive Digital Content for Learners with Visual Impairment (VI) / Social Studies Special Needs Education / Grade 4 / Adapted Interactive Digital Content for Learners with Visual Impairment (VI) / Home Science Special Needs Education / Grade 4 / Adapted Interactive Digital Content for Learners with Visual Impairment (VI) / Art and Craft Special Needs Education / Grade 4 / Adapted Interactive Digital Content for Learners with Visual Impairment (VI) / Christian Religious Education (CRE) Special Needs Education / Grade 4 / Adapted Interactive Digital Content for Learners with Visual Impairment (VI) / Music Special Needs Education / Grade 5 Special Needs Education / Grade 5 / Adapted Interactive Digital Content for Learners with Hearing Impairment (HI) Special Needs Education / Grade 5 / Adapted Interactive Digital Content for Learners with Hearing Impairment (HI) / English Special Needs Education / Grade 5 / Adapted Interactive Digital Content for Learners with Hearing Impairment (HI) / Christian Religious Education Special Needs Education / Grade 5 / Adapted Interactive Digital Content for Learners with Hearing Impairment (HI) / Social Studies Special Needs Education / Grade 5 / Adapted Interactive Digital Content for Learners with Hearing Impairment (HI) / Agriculture and Nutrition Special Needs Education / Grade 5 / Adapted Interactive Digital Content for Learners with Hearing Impairment (HI) / Creative Arts Special Needs Education / Grade 5 / Adapted Interactive Digital Content for Learners with Hearing Impairment (HI) / Mathematics Special Needs Education / Grade 5 / Adapted Interactive Digital Content for Learners with Hearing Impairment (HI) / Science and Technology Special Needs Education / Grade 5 / Adapted Interactive Digital Content for Learners with Hearing Impairment (HI) / Islamic Religious Education Special Needs Education / Grade 5 / Adapted Interactive Digital Content for Learners with Visual Impairment (VI) Special Needs Education / Grade 5 / Adapted Interactive Digital Content for Learners with Visual Impairment (VI) / Creative Arts Special Needs Education / Grade 5 / Adapted Interactive Digital Content for Learners with Visual Impairment (VI) / Social Studies Special Needs Education / Grade 5 / Adapted Interactive Digital Content for Learners with Visual Impairment (VI) / Kiswahili Special Needs Education / Grade 5 / Adapted Interactive Digital Content for Learners with Visual Impairment (VI) / Christian Religious Education Special Needs Education / Grade 5 / Adapted Interactive Digital Content for Learners with Visual Impairment (VI) / Science and Technology Special Needs Education / Grade 5 / Adapted Interactive Digital Content for Learners with Visual Impairment (VI) / Agriculture and Nutrition Special Needs Education / Grade 5 / Adapted Interactive Digital Content for Learners with Visual Impairment (VI) / Islamic Religious Education Special Needs Education / Grade 5 / Adapted Interactive Digital Content for Learners with Visual Impairment (VI) / Mathematics Special Needs Education / Grade 5 / Adapted Interactive Digital Content for Learners with Visual Impairment (VI) / English Special Needs Education / Grade 6 Special Needs Education / Grade 6 / Adapted Interactive Digital Content for Learners with Hearing Impairment (HI) Special Needs Education / Grade 6 / Adapted Interactive Digital Content for Learners with Hearing Impairment (HI) / Science and Technology Special Needs Education / Grade 6 / Adapted Interactive Digital Content for Learners with Hearing Impairment (HI) / Christian Religious Education Special Needs Education / Grade 6 / Adapted Interactive Digital Content for Learners with Hearing Impairment (HI) / Creative Arts Special Needs Education / Grade 6 / Adapted Interactive Digital Content for Learners with Hearing Impairment (HI) / Islamic Religious Education Special Needs Education / Grade 6 / Adapted Interactive Digital Content for Learners with Hearing Impairment (HI) / English Special Needs Education / Grade 6 / Adapted Interactive Digital Content for Learners with Hearing Impairment (HI) / Social Studies Special Needs Education / Grade 6 / Adapted Interactive Digital Content for Learners with Hearing Impairment (HI) / Agriculture Special Needs Education / Grade 6 / Adapted Interactive Digital Content for Learners with Hearing Impairment (HI) / Mathematics Special Needs Education / Grade 6 / Adapted Interactive Digital Content for Learners with Visual Impairment (VI) Special Needs Education / Grade 6 / Adapted Interactive Digital Content for Learners with Visual Impairment (VI) / Christian Religious Education Special Needs Education / Grade 6 / Adapted Interactive Digital Content for Learners with Visual Impairment (VI) / Kiswahili Special Needs Education / Grade 6 / Adapted Interactive Digital Content for Learners with Visual Impairment (VI) / English Special Needs Education / Grade 6 / Adapted Interactive Digital Content for Learners with Visual Impairment (VI) / Creative Arts Special Needs Education / Grade 6 / Adapted Interactive Digital Content for Learners with Visual Impairment (VI) / Mathematics Special Needs Education / Grade 6 / Adapted Interactive Digital Content for Learners with Visual Impairment (VI) / Science and Technology Special Needs Education / Grade 6 / Adapted Interactive Digital Content for Learners with Visual Impairment (VI) / Islamic Religious Education Special Needs Education / Grade 6 / Adapted Interactive Digital Content for Learners with Visual Impairment (VI) / Social Studies Special Needs Education / Grade 6 / Adapted Interactive Digital Content for Learners with Visual Impairment (VI) / Agriculture and Nutrition Special Needs Education / Ebooks Special Needs Education / Videos Special Needs Education / Foundational and Stage-Based Special Needs Education / Prevocational Level Special Needs Education / Prevocational Level / Music Special Needs Education / Prevocational Level / Hindu Religious Education Special Needs Education / Prevocational Level / Christian Religious Education Special Needs Education / Prevocational Level / Physical Education Special Needs Education / Prevocational Level / Islamic Religious Education Special Needs Education / Prevocational Level / Social Studies Special Needs Education / Prevocational Level / Prevocational Skills 1 Special Needs Education / Prevocational Level / Prevocational Skills 2 Special Needs Education / Prevocational Level / Prevocational Skills 3 Accessible Digital Textbooks Interactive Simulations for Sciences and Mathematics Interactive Simulations for Sciences and Mathematics / Physics Interactive Simulations for Sciences and Mathematics / Chemistry Interactive Simulations for Sciences and Mathematics / Mathematics Information, Education and Communication(IEC) Materials Information, Education and Communication(IEC) Materials / Child Online Safety Information, Education and Communication(IEC) Materials / Child Road Safety Information, Education and Communication(IEC) Materials / Child Road Safety / Integration Matrices Information, Education and Communication(IEC) Materials / Child Road Safety / Integration Matrices / Early Years Education Information, Education and Communication(IEC) Materials / Child Road Safety / Integration Matrices / Upper Primary Information, Education and Communication(IEC) Materials / Child Road Safety / Integration Matrices / Junior School Information, Education and Communication(IEC) Materials / Child Road Safety / Integration Matrices / Senior School Information, Education and Communication(IEC) Materials / Child Road Safety / Information, Education and Communication(IEC) Materials on Child Road Safety Information, Education and Communication(IEC) Materials / Child Road Safety / Information, Education and Communication(IEC) Materials on Child Road Safety / Early Years Education Information, Education and Communication(IEC) Materials / Child Road Safety / Information, Education and Communication(IEC) Materials on Child Road Safety / Upper Primary Information, Education and Communication(IEC) Materials / Child Road Safety / Information, Education and Communication(IEC) Materials on Child Road Safety / Junior School Information, Education and Communication(IEC) Materials / Child Road Safety / Information, Education and Communication(IEC) Materials on Child Road Safety / Senior School Information, Education and Communication(IEC) Materials / Child Road Safety / Teacher's Handbook Information, Education and Communication(IEC) Materials / Financial Literacy Learners’ Toolkit Teacher Resources Teacher Resources / Educational Resources Materials Development Teacher Resources / Educational Resources Materials Development / CRE Teacher Resources / Educational Resources Materials Development / English Teacher Resources / Educational Resources Materials Development / Environment Teacher Resources / Educational Resources Materials Development / Foundations Teacher Resources / Educational Resources Materials Development / H.R.E Teacher Resources / Educational Resources Materials Development / Hygiene and Nutrition Teacher Resources / Educational Resources Materials Development / I.R.E Teacher Resources / Educational Resources Materials Development / Kiswahili Teacher Resources / Educational Resources Materials Development / Language Activities Teacher Resources / Educational Resources Materials Development / Literacy Skills Teacher Resources / Educational Resources Materials Development / Mathematics Teacher Resources / Educational Resources Materials Development / Movements and Arts Teacher Resources / Pre-Primary Teacher Radio Programmes Teacher Resources / CBC Courses Teacher Resources / Special Needs Educations Teacher Resources / Interactive Digital Content for Teacher Education Teacher Resources / Interactive Digital Content for Teacher Education / English Teacher Resources / Interactive Digital Content for Teacher Education / Music Teacher Resources / Interactive Digital Content for Teacher Education / Christian Religious Education Teacher Resources / Interactive Digital Content for Teacher Education / Art and Craft Teacher Resources / Interactive Digital Content for Teacher Education / Indigenous Languages Teacher Resources / Interactive Digital Content for Teacher Education / Home science Teacher Resources / Interactive Digital Content for Teacher Education / Science and Technology Teacher Resources / Interactive Digital Content for Teacher Education / Islamic Religious Education Teacher Resources / Interactive Digital Content for Teacher Education / Mandarin Teacher Resources / Interactive Digital Content for Teacher Education / Agriculture Teacher Resources / Interactive Digital Content for Teacher Education / Mathematics Teacher Resources / Interactive Digital Content for Teacher Education / French Teacher Resources / Interactive Digital Content for Teacher Education / Hindu Religious Education Teacher Resources / Interactive Digital Content for Teacher Education / Social Studies Teacher Resources / Interactive Digital Content for Teacher Education / Kiswahili Teacher Resources / Interactive Digital Content for Teacher Education / Physical Education Teacher Resources / Interactive Digital Content for Teacher Education / Arabic Parental Resources Financial Literacy Financial Literacy / Financial Literacy for Junior School Financial Literacy / Financial Literacy for Junior School / Taxation Financial Literacy / Financial Literacy for Senior School Financial Literacy / Financial Literacy for Senior School / Taxation Search lessons Search Expand allEnglishAgricultureBiologyBusiness StudiesChemistryEarth Movement and VolcanicityEnvironmental ActivitiesGeograpghyHistoryHomescienceKiswahiliMathematicsOrganic ChemistryPerforming MusicHomescienceArt and CraftPhysicsThe Doyen ExpositionSciencePhysical and Health Education Home Calendar Pre-primary Pre-Primary 1 Pre-Primary 2 Primary Grade 1 Grade 2 Grade 3 Grade 4 Grade 5 Grade 6 Secondary Grade 7 Grade 8 Form 1 Form 2 Form 3 Form 4 OER's SNE The Kenya Education Cloud (KEC) is a digital platform designed to enhance teaching and learning in Kenya by providing a wide range of digital educational resources. Serving as a centralized hub for e-learning, it promotes access to interactive content, supports modern pedagogical methods, and fosters collaboration among educators and learners. External Links Ministry of Education Kenya National Examinations Council Teachers Service Commission Kenya Kenya Institute of Special Education (KISE) ICT Authority TVET Authority Elimika Additional Resources Accessible Digital Textbook (ADT) Curriculum Reports Parental Resources Child Online Protection Guidelines Our Contacts Kenya Institute of Curriculum DevelopmentDesai Rd, Off Muranga Rd,Nairobi, Kenya. Telephone Contacts+254 729327331 +254 729327334 Email Addressinfo@kicd.ac.ke Kenya Education Cloud © 2024. All rights reserved. Privacy Policy Terms & Conditions (Login) Data retention summary","['mathematics', 'english', 'kiswahili', 'biology', 'chemistry', 'physics', 'geography', 'history', 'business', 'computer', 'agriculture', 'home_science', 'art', 'music', 'physical_education', 'religious_education']",form_1,cbc,[],2025-09-08T00:49:07.551219,unknown,,,,
https://lms.kec.ac.ke/course/index.php?categoryid=512,Chemistry,"Kenya Education Cloud is your ultimate digital learning hub, providing access to curated e-learning resources, educational tools, and innovative content for students, teachers, and institutions.","Chemistry Home Lessons Interactive Simulations for Sciences and Mathematics Chemistry Lesson categories: Pre-Primary Pre-Primary / Radio Lessons Pre-Primary / Educhannel Video Lessons Pre-Primary / Educhannel Video Lessons / Language Activities Pre-Primary / Educhannel Video Lessons / Mathematics Pre-Primary / Educhannel Video Lessons / Our School Pre-Primary / Educhannel Video Lessons / Picture Making Pre-Primary / Educhannel Video Lessons / Social Environment Pre-Primary / Educhannel Video Lessons / Pre-Primary 1 Pre-Primary / Educhannel Video Lessons / Pre-Primary 2 Pre-Primary / Interactive digital Content Pre-Primary / Ebooks Primary Education Primary Education / Grade 1 Primary Education / Grade 1 / Educhannel TV Lessons Primary Education / Grade 1 / Educhannel TV Lessons / English Primary Education / Grade 1 / Educhannel TV Lessons / Mathematics Primary Education / Grade 1 / Educhannel TV Lessons / Kiswahili Primary Education / Grade 1 / Educhannel TV Lessons / Kenya Sign Language(KSL) Primary Education / Grade 1 / Educhannel TV Lessons / Hygiene and nutrition Primary Education / Grade 1 / Educhannel TV Lessons / Environmental Activities Primary Education / Grade 1 / Interactive Digital Content Primary Education / Grade 1 / Radio Lessons Primary Education / Grade 1 / Radio Lessons / Mathematics Primary Education / Grade 1 / Radio Lessons / Mathematics / Grade 1 Term 2 Primary Education / Grade 1 / Radio Lessons / Mathematics / Grade 1 Term 3 Primary Education / Grade 1 / Radio Lessons / Kiswahili Primary Education / Grade 1 / Radio Lessons / Kiswahili / Grade 1 Term 2 Primary Education / Grade 1 / Radio Lessons / Kiswahili / Grade 1 Term 3 Primary Education / Grade 1 / Radio Lessons / English Primary Education / Grade 1 / Radio Lessons / English / Grade 1 Term 2 Primary Education / Grade 1 / Radio Lessons / English / Grade 1 Term 3 Primary Education / Grade 1 / Ebooks Primary Education / Grade 1 / Ebooks / Tusome readers Primary Education / Grade 1 / Ebooks / Indigenous Languages Primary Education / Grade 2 Primary Education / Grade 2 / Interactive Digital Content Primary Education / Grade 2 / Educhannel Tv Lessons Primary Education / Grade 2 / Educhannel Tv Lessons / Mathematics Primary Education / Grade 2 / Educhannel Tv Lessons / English Primary Education / Grade 2 / Radio Lessons Primary Education / Grade 2 / Radio Lessons / Mathematics Primary Education / Grade 2 / Radio Lessons / Mathematics / Grade 2 Term 2 Primary Education / Grade 2 / Radio Lessons / English Primary Education / Grade 2 / Radio Lessons / English / Grade 2 Term 2 Primary Education / Grade 2 / Radio Lessons / English / Grade 2 Term 3 Primary Education / Grade 2 / Radio Lessons / Kiswahili Primary Education / Grade 2 / Radio Lessons / Kiswahili / Grade 2 Term 3 Primary Education / Grade 2 / Hygiene and Nutrition Primary Education / Grade 2 / Hygiene and Nutrition / Grade 2 Term 2 Primary Education / Grade 2 / E-books Primary Education / Grade 2 / E-books / Tusome Readers Primary Education / Grade 3 Primary Education / Grade 3 / Radio Lessons Primary Education / Grade 3 / Radio Lessons / Mathematics Primary Education / Grade 3 / Radio Lessons / Mathematics / Grade 3 Term 2 Primary Education / Grade 3 / Radio Lessons / Mathematics / Grade 3 Term 3 Primary Education / Grade 3 / Radio Lessons / English Primary Education / Grade 3 / Radio Lessons / English / Grade 3 Term 2 Primary Education / Grade 3 / Radio Lessons / English / Grade 3 Term 3 Primary Education / Grade 3 / Radio Lessons / Environmental Activities Primary Education / Grade 3 / Radio Lessons / Environmental Activities / Grade 3 Term 2 Primary Education / Grade 3 / Radio Lessons / Kiswahili Primary Education / Grade 3 / Radio Lessons / Kiswahili / Grade 3 Term 3 Primary Education / Grade 3 / Educhannel TV Lessons Primary Education / Grade 3 / Educhannel TV Lessons / Mathematics Primary Education / Grade 3 / Educhannel TV Lessons / English Primary Education / Grade 3 / Educhannel TV Lessons / Kiswahili Primary Education / Grade 3 / Educhannel TV Lessons / Hygiene and Nutrition Primary Education / Grade 3 / Educhannel TV Lessons / Environmental Activities Primary Education / Grade 3 / Interactive Digital Content Primary Education / Grade 3 / EBooks Primary Education / Grade 3 / Tusome English Video Lessons Primary Education / Grade 3 / Tusome English Video Lessons / Tusome English Grade 3 Lessons Primary Education / Grade 4 Primary Education / Grade 4 / Educhannel Tv Lessons Primary Education / Grade 4 / Educhannel Tv Lessons / Home Science Primary Education / Grade 4 / Educhannel Tv Lessons / Agriculture Primary Education / Grade 4 / Educhannel Tv Lessons / Music Primary Education / Grade 4 / Educhannel Tv Lessons / Physical Education Primary Education / Grade 4 / Educhannel Tv Lessons / Art and Craft Primary Education / Grade 4 / Educhannel Tv Lessons / Kenya Sign Language Primary Education / Grade 4 / Educhannel Tv Lessons / Mathematics Primary Education / Grade 4 / Educhannel Tv Lessons / Science and Technology Primary Education / Grade 4 / Educhannel Tv Lessons / Social Studies Primary Education / Grade 4 / Educhannel Tv Lessons / English Primary Education / Grade 4 / Educhannel Tv Lessons / Kiswahili Primary Education / Grade 4 / Educhannel Tv Lessons / Environmental Activity Primary Education / Grade 4 / Radio lessons Primary Education / Grade 4 / Radio lessons / Social Studies Primary Education / Grade 4 / Radio lessons / Social Studies / Grade 4 Term 2 Primary Education / Grade 4 / Radio lessons / Social Studies / Grade 4 Term 3 Primary Education / Grade 4 / Radio lessons / CRE Primary Education / Grade 4 / Radio lessons / CRE / Grade 4 Term 2 Primary Education / Grade 4 / Radio lessons / English Primary Education / Grade 4 / Radio lessons / English / Grade 4 Term 2 Primary Education / Grade 4 / Radio lessons / English / Grade 4 Term 3 Primary Education / Grade 4 / Radio lessons / Hygiene and Nutrition Primary Education / Grade 4 / Radio lessons / Hygiene and Nutrition / Grade 4 Term 1 Primary Education / Grade 4 / Radio lessons / IRE Primary Education / Grade 4 / Radio lessons / IRE / Grade 4 Term 2 Primary Education / Grade 4 / Radio lessons / Science and Technology Primary Education / Grade 4 / Radio lessons / Science and Technology / Grade 4 Term 3 Primary Education / Grade 4 / Radio lessons / Agriculture Primary Education / Grade 4 / Radio lessons / Agriculture / Grade 4 Term 3 Primary Education / Grade 4 / Radio lessons / Mathematics Primary Education / Grade 4 / Radio lessons / Mathematics / Grade 4 Term 3 Primary Education / Grade 4 / SNE Primary Education / Grade 4 / Interactive Digital Content Primary Education / Grade 5 Primary Education / Grade 5 / Educhannel Tv Lessons Primary Education / Grade 5 / Educhannel Tv Lessons / English Primary Education / Grade 5 / Educhannel Tv Lessons / Kiswahili Primary Education / Grade 5 / Educhannel Tv Lessons / Mathematics Primary Education / Grade 5 / Radio Lessons Primary Education / Grade 5 / Radio Lessons / English Primary Education / Grade 5 / Radio Lessons / Science and Technology Primary Education / Grade 5 / Radio Lessons / Agriculture Primary Education / Grade 5 / Radio Lessons / Social studies Primary Education / Grade 5 / Radio Lessons / Christian Religious Education Primary Education / Grade 5 / Radio Lessons / Mathematics Primary Education / Grade 5 / Interactive Digital Content Primary Education / Grade 6 Primary Education / Grade 6 / Radio Lessons Primary Education / Grade 6 / Radio Lessons / CRE Primary Education / Grade 6 / Radio Lessons / Social Studies Primary Education / Grade 6 / Radio Lessons / Science Primary Education / Grade 6 / Radio Lessons / Kiswahili Primary Education / Grade 6 / Radio Lessons / English Primary Education / Grade 6 / Radio Lessons / Mathematics Primary Education / Grade 6 / Educhannel TV Lessons Primary Education / Grade 6 / Educhannel TV Lessons / Kiswahili Primary Education / Grade 6 / Educhannel TV Lessons / Agriculture Primary Education / Grade 6 / Educhannel TV Lessons / Art and Craft Primary Education / Grade 6 / Educhannel TV Lessons / English Primary Education / Grade 6 / Educhannel TV Lessons / Home Science Primary Education / Grade 6 / Educhannel TV Lessons / Music Primary Education / Grade 6 / Educhannel TV Lessons / Science and technology Primary Education / Grade 6 / Educhannel TV Lessons / Physical health education Primary Education / Grade 6 / Interactive Digital Content Junior School Junior School / Grade 8 Junior School / Grade 8 / Educhannel Tv Lessons Junior School / Grade 8 / Radio Lessons Junior School / Grade 8 / Interactive Digital Content Junior School / Grade 7 Junior School / Grade 7 / Educhannel TV lessons Junior School / Grade 7 / Radio Lessons Junior School / Grade 7 / Radio Lessons / Mathematics Junior School / Grade 7 / Radio Lessons / Kiswahili Junior School / Grade 7 / Radio Lessons / English Junior School / Grade 7 / Radio Lessons / Christian Religious Education Junior School / Grade 7 / Radio Lessons / Integrated Science Junior School / Grade 7 / Radio Lessons / Social Studies Junior School / Grade 7 / Radio Lessons / Pre-Technical Studies Junior School / Grade 7 / Interactive Digital Content Secondary Education Secondary Education / Form 1 Secondary Education / Form 1 / Interactive Digital Content Secondary Education / Form 1 / Educhannel Tv Lessons Secondary Education / Form 1 / Educhannel Tv Lessons / Mathematics Secondary Education / Form 1 / Educhannel Tv Lessons / English Secondary Education / Form 1 / Educhannel Tv Lessons / Physics Secondary Education / Form 1 / Educhannel Tv Lessons / Biology Secondary Education / Form 1 / Educhannel Tv Lessons / Chemistry Secondary Education / Form 1 / Educhannel Tv Lessons / Kiswahili Secondary Education / Form 1 / Educhannel Tv Lessons / History and Government Secondary Education / Form 1 / Educhannel Tv Lessons / Business Studies Secondary Education / Form 1 / Radio Lessons Secondary Education / Form 1 / Ebooks Secondary Education / Form 2 Secondary Education / Form 2 / Interactive Digital Content Secondary Education / Form 2 / Educhannel Tv Lessons Secondary Education / Form 2 / Educhannel Tv Lessons / Physics Secondary Education / Form 2 / Radio Lessons Secondary Education / Form 2 / Radio Lessons / Biology Secondary Education / Form 3 Secondary Education / Form 3 / Interactive Digital Content Secondary Education / Form 3 / Educhannel Tv Lessons Secondary Education / Form 3 / Educhannel Tv Lessons / Mathematics Secondary Education / Form 3 / Educhannel Tv Lessons / English Secondary Education / Form 3 / Educhannel Tv Lessons / Kiswahili Secondary Education / Form 3 / Educhannel Tv Lessons / Biology Secondary Education / Form 3 / Educhannel Tv Lessons / Chemistry Secondary Education / Form 3 / Educhannel Tv Lessons / Physics Secondary Education / Form 3 / Educhannel Tv Lessons / Business Studies Secondary Education / Form 3 / Educhannel Tv Lessons / History and Government Secondary Education / Form 3 / Radio Lessons Secondary Education / Form 4 Secondary Education / Form 4 / Interactive Digital Content Secondary Education / Form 4 / Educhannel Tv Lessons Secondary Education / Form 4 / Educhannel Tv Lessons / Form 4 Mathematics Secondary Education / Form 4 / Educhannel Tv Lessons / Form 4 English Secondary Education / Form 4 / Educhannel Tv Lessons / Form 4 Physics Secondary Education / Form 4 / Educhannel Tv Lessons / Form 4 Biology Secondary Education / Form 4 / Educhannel Tv Lessons / Form 4 Kiswahili Secondary Education / Form 4 / Educhannel Tv Lessons / Form 4 Chemistry Secondary Education / Form 4 / Educhannel Tv Lessons / Form 4 History and Government Secondary Education / Form 4 / Educhannel Tv Lessons / Form 4 Business Studies Secondary Education / Form 4 / Radio Lessons Secondary Education / Form 4 / Radio Lessons / Mathematics Secondary Education / Form 4 / Radio Lessons / Mathematics / Form 4 Term 1 Secondary Education / Form 4 / Radio Lessons / Mathematics / Form 4 Term 2 Secondary Education / Form 4 / Radio Lessons / Mathematics / Form 4 Term 3 General Knowledge General Knowledge / VOA Connect General Knowledge / Ask the expert General Knowledge / Citizenship and Democracy General Knowledge / Digital Story General Knowledge / Impacted Educhannel Lessons Educhannel Lessons / English Educhannel Lessons / English / Transport and travel Educhannel Lessons / English / Pronunciation skills Educhannel Lessons / English / Listening and speaking Educhannel Lessons / English / Family Educhannel Lessons / English / Environment Educhannel Lessons / English / Drug and Substance Educhannel Lessons / Agriculture Educhannel Lessons / Biology Educhannel Lessons / Biology / Living Things Educhannel Lessons / Biology / Secretion and homeostasis Educhannel Lessons / Biology / Support and movement Educhannel Lessons / Business Studies Educhannel Lessons / Chemistry Educhannel Lessons / Earth Movement and Volcanicity Educhannel Lessons / Environmental Activities Educhannel Lessons / Geograpghy Educhannel Lessons / History Educhannel Lessons / History / Kenyan History Educhannel Lessons / Homescience Educhannel Lessons / Homescience / Basic care clothing Educhannel Lessons / Kiswahili Educhannel Lessons / Kiswahili / Primary Educhannel Lessons / Kiswahili / Primary / Darasa 4-5 Educhannel Lessons / Kiswahili / Secondary Educhannel Lessons / Kiswahili / Secondary / Isimu Jamii Educhannel Lessons / Kiswahili / Secondary / Sarufi Educhannel Lessons / Mathematics Educhannel Lessons / Mathematics / Secondary Educhannel Lessons / Mathematics / Secondary / Commercial Arithmetics Educhannel Lessons / Mathematics / Primary Educhannel Lessons / Mathematics / Primary / Class 5-8 Educhannel Lessons / Mathematics / Primary / Class 5-8 / Practical uses of Money Educhannel Lessons / Mathematics / Primary / Class 5-8 / Measurement Educhannel Lessons / Organic Chemistry Educhannel Lessons / Performing Music Educhannel Lessons / Homescience Educhannel Lessons / Homescience / Basic care of clothing Educhannel Lessons / Art and Craft Educhannel Lessons / Physics Educhannel Lessons / Physics / Thermodynamics Educhannel Lessons / Physics / Mechanics Educhannel Lessons / Physics / Electricity and Magnetism Educhannel Lessons / The Doyen Exposition Educhannel Lessons / Science Educhannel Lessons / Science / Making work easier Educhannel Lessons / Science / Living Things Educhannel Lessons / Science / Energy conservation Educhannel Lessons / Physical and Health Education Educhannel Lessons / Physical and Health Education / Grade 1-4 Open Education Resourses(OERs) Open Education Resourses(OERs) / Movement and Creative Activities Open Education Resourses(OERs) / 	Religious Education Activities Open Education Resourses(OERs) / Mathematical Activities Open Education Resourses(OERs) / Environmental Activities Open Education Resourses(OERs) / Kiswahili Language Open Education Resourses(OERs) / LTK | Concordia University Open Education Resourses(OERs) / Hygiene and Nutrition Open Education Resourses(OERs) / ENGLISH LANGUAGE ACTIVITIES Open Education Resourses(OERs) / Casio Materials Open Education Resourses(OERs) / Health Education Open Education Resourses(OERs) / Carbon Literacy Special Needs Education Special Needs Education / Grade 1 Special Needs Education / Grade 1 / Adapted Interactive Digital Content for Hearing Impaired(HI) Special Needs Education / Grade 1 / Adapted Interactive Digital Content for Hearing Impaired(HI) / English Activities Special Needs Education / Grade 1 / Adapted Interactive Digital Content for Hearing Impaired(HI) / Environmental Activities Special Needs Education / Grade 1 / Adapted Interactive Digital Content for Hearing Impaired(HI) / Creative Activities Special Needs Education / Grade 1 / Adapted Interactive Digital Content for Visual Impaired(VI) Special Needs Education / Grade 2 Special Needs Education / Grade 2 / Adapted Interactive Digital Content for Hearing Impaired(HI) Special Needs Education / Grade 2 / Adapted Interactive Digital Content for Hearing Impaired(HI) / Mathematics Grade 2 Special Needs Education / Grade 2 / Adapted Interactive Digital Content for Hearing Impaired(HI) / Environmental Activities Grade 2 Special Needs Education / Grade 2 / Adapted Interactive Digital Content for Hearing Impaired(HI) / Hygiene and Nutrition Grade 2 Special Needs Education / Grade 2 / Adapted Interactive Digital Content for Hearing Impaired(HI) / Christian Religious Education Grade 2 (HI) Special Needs Education / Grade 2 / Adapted Interactive Digital Content for Hearing Impaired(HI) / Literacy Activities Grade2 (HI) Special Needs Education / Grade 2 / Adapted Interactive Digital Content for Hearing Impaired(HI) / English Activities Grad2 H.I Special Needs Education / Grade 2 / Adapted Interactive Digital Content for Hearing Impaired(HI) / Creative Activities Grade2 -H.I Special Needs Education / Grade 2 / Adapted Interactive Digital Content for Visual Impaired(VI) Special Needs Education / Grade 2 / Adapted Interactive Digital Content for Visual Impaired(VI) / Mathematics Special Needs Education / Grade 2 / Adapted Interactive Digital Content for Visual Impaired(VI) / Kiswahili Special Needs Education / Grade 2 / Adapted Interactive Digital Content for Visual Impaired(VI) / English Special Needs Education / Grade 2 / Adapted Interactive Digital Content for Visual Impaired(VI) / Creative Activities Special Needs Education / Grade 2 / Adapted Interactive Digital Content for Visual Impaired(VI) / CRE Special Needs Education / Grade 3 Special Needs Education / Grade 3 / Adapted Interactive Digital Content for Learners with Hearing Impairment (HI) Special Needs Education / Grade 3 / Adapted Interactive Digital Content for Learners with Hearing Impairment (HI) / Visual Arts Special Needs Education / Grade 3 / Adapted Interactive Digital Content for Learners with Hearing Impairment (HI) / English Special Needs Education / Grade 3 / Adapted Interactive Digital Content for Learners with Hearing Impairment (HI) / Hygiene and Nutrition Special Needs Education / Grade 3 / Adapted Interactive Digital Content for Learners with Hearing Impairment (HI) / Music Special Needs Education / Grade 3 / Adapted Interactive Digital Content for Learners with Hearing Impairment (HI) / Mathematics Special Needs Education / Grade 3 / Adapted Interactive Digital Content for Learners with Hearing Impairment (HI) / Environmental Special Needs Education / Grade 3 / Adapted Interactive Digital Content for Learners with Hearing Impairment (HI) / CRE Special Needs Education / Grade 3 / Adapted Interactive Digital Content for Learners with Visual Impairment (VI) Special Needs Education / Grade 3 / Adapted Interactive Digital Content for Learners with Visual Impairment (VI) / Music Special Needs Education / Grade 3 / Adapted Interactive Digital Content for Learners with Visual Impairment (VI) / Mathematics Special Needs Education / Grade 3 / Adapted Interactive Digital Content for Learners with Visual Impairment (VI) / Visual Arts Special Needs Education / Grade 3 / Adapted Interactive Digital Content for Learners with Visual Impairment (VI) / Kiswahili Special Needs Education / Grade 3 / Adapted Interactive Digital Content for Learners with Visual Impairment (VI) / Hygiene and Nutrition Special Needs Education / Grade 3 / Adapted Interactive Digital Content for Learners with Visual Impairment (VI) / Environmental Special Needs Education / Grade 3 / Adapted Interactive Digital Content for Learners with Visual Impairment (VI) / English Special Needs Education / Grade 3 / Adapted Interactive Digital Content for Learners with Visual Impairment (VI) / CRE Special Needs Education / Grade 4 Special Needs Education / Grade 4 / Adapted Interactive Digital Content for Learners with Hearing Impairment (HI) Special Needs Education / Grade 4 / Adapted Interactive Digital Content for Learners with Hearing Impairment (HI) / Mathematics Special Needs Education / Grade 4 / Adapted Interactive Digital Content for Learners with Hearing Impairment (HI) / English Special Needs Education / Grade 4 / Adapted Interactive Digital Content for Learners with Hearing Impairment (HI) / Science and Technology Special Needs Education / Grade 4 / Adapted Interactive Digital Content for Learners with Hearing Impairment (HI) / Agriculture Special Needs Education / Grade 4 / Adapted Interactive Digital Content for Learners with Hearing Impairment (HI) / Social Studies Special Needs Education / Grade 4 / Adapted Interactive Digital Content for Learners with Hearing Impairment (HI) / Home Science Special Needs Education / Grade 4 / Adapted Interactive Digital Content for Learners with Hearing Impairment (HI) / Art and Craft Special Needs Education / Grade 4 / Adapted Interactive Digital Content for Learners with Hearing Impairment (HI) / Music Special Needs Education / Grade 4 / Adapted Interactive Digital Content for Learners with Hearing Impairment (HI) / Christian Religious Education (CRE) Special Needs Education / Grade 4 / Adapted Interactive Digital Content for Learners with Visual Impairment (VI) Special Needs Education / Grade 4 / Adapted Interactive Digital Content for Learners with Visual Impairment (VI) / Mathematics Special Needs Education / Grade 4 / Adapted Interactive Digital Content for Learners with Visual Impairment (VI) / English Special Needs Education / Grade 4 / Adapted Interactive Digital Content for Learners with Visual Impairment (VI) / Kiswahili Special Needs Education / Grade 4 / Adapted Interactive Digital Content for Learners with Visual Impairment (VI) / Science and Technology Special Needs Education / Grade 4 / Adapted Interactive Digital Content for Learners with Visual Impairment (VI) / Agriculture Special Needs Education / Grade 4 / Adapted Interactive Digital Content for Learners with Visual Impairment (VI) / Social Studies Special Needs Education / Grade 4 / Adapted Interactive Digital Content for Learners with Visual Impairment (VI) / Home Science Special Needs Education / Grade 4 / Adapted Interactive Digital Content for Learners with Visual Impairment (VI) / Art and Craft Special Needs Education / Grade 4 / Adapted Interactive Digital Content for Learners with Visual Impairment (VI) / Christian Religious Education (CRE) Special Needs Education / Grade 4 / Adapted Interactive Digital Content for Learners with Visual Impairment (VI) / Music Special Needs Education / Grade 5 Special Needs Education / Grade 5 / Adapted Interactive Digital Content for Learners with Hearing Impairment (HI) Special Needs Education / Grade 5 / Adapted Interactive Digital Content for Learners with Hearing Impairment (HI) / English Special Needs Education / Grade 5 / Adapted Interactive Digital Content for Learners with Hearing Impairment (HI) / Christian Religious Education Special Needs Education / Grade 5 / Adapted Interactive Digital Content for Learners with Hearing Impairment (HI) / Social Studies Special Needs Education / Grade 5 / Adapted Interactive Digital Content for Learners with Hearing Impairment (HI) / Agriculture and Nutrition Special Needs Education / Grade 5 / Adapted Interactive Digital Content for Learners with Hearing Impairment (HI) / Creative Arts Special Needs Education / Grade 5 / Adapted Interactive Digital Content for Learners with Hearing Impairment (HI) / Mathematics Special Needs Education / Grade 5 / Adapted Interactive Digital Content for Learners with Hearing Impairment (HI) / Science and Technology Special Needs Education / Grade 5 / Adapted Interactive Digital Content for Learners with Hearing Impairment (HI) / Islamic Religious Education Special Needs Education / Grade 5 / Adapted Interactive Digital Content for Learners with Visual Impairment (VI) Special Needs Education / Grade 5 / Adapted Interactive Digital Content for Learners with Visual Impairment (VI) / Creative Arts Special Needs Education / Grade 5 / Adapted Interactive Digital Content for Learners with Visual Impairment (VI) / Social Studies Special Needs Education / Grade 5 / Adapted Interactive Digital Content for Learners with Visual Impairment (VI) / Kiswahili Special Needs Education / Grade 5 / Adapted Interactive Digital Content for Learners with Visual Impairment (VI) / Christian Religious Education Special Needs Education / Grade 5 / Adapted Interactive Digital Content for Learners with Visual Impairment (VI) / Science and Technology Special Needs Education / Grade 5 / Adapted Interactive Digital Content for Learners with Visual Impairment (VI) / Agriculture and Nutrition Special Needs Education / Grade 5 / Adapted Interactive Digital Content for Learners with Visual Impairment (VI) / Islamic Religious Education Special Needs Education / Grade 5 / Adapted Interactive Digital Content for Learners with Visual Impairment (VI) / Mathematics Special Needs Education / Grade 5 / Adapted Interactive Digital Content for Learners with Visual Impairment (VI) / English Special Needs Education / Grade 6 Special Needs Education / Grade 6 / Adapted Interactive Digital Content for Learners with Hearing Impairment (HI) Special Needs Education / Grade 6 / Adapted Interactive Digital Content for Learners with Hearing Impairment (HI) / Science and Technology Special Needs Education / Grade 6 / Adapted Interactive Digital Content for Learners with Hearing Impairment (HI) / Christian Religious Education Special Needs Education / Grade 6 / Adapted Interactive Digital Content for Learners with Hearing Impairment (HI) / Creative Arts Special Needs Education / Grade 6 / Adapted Interactive Digital Content for Learners with Hearing Impairment (HI) / Islamic Religious Education Special Needs Education / Grade 6 / Adapted Interactive Digital Content for Learners with Hearing Impairment (HI) / English Special Needs Education / Grade 6 / Adapted Interactive Digital Content for Learners with Hearing Impairment (HI) / Social Studies Special Needs Education / Grade 6 / Adapted Interactive Digital Content for Learners with Hearing Impairment (HI) / Agriculture Special Needs Education / Grade 6 / Adapted Interactive Digital Content for Learners with Hearing Impairment (HI) / Mathematics Special Needs Education / Grade 6 / Adapted Interactive Digital Content for Learners with Visual Impairment (VI) Special Needs Education / Grade 6 / Adapted Interactive Digital Content for Learners with Visual Impairment (VI) / Christian Religious Education Special Needs Education / Grade 6 / Adapted Interactive Digital Content for Learners with Visual Impairment (VI) / Kiswahili Special Needs Education / Grade 6 / Adapted Interactive Digital Content for Learners with Visual Impairment (VI) / English Special Needs Education / Grade 6 / Adapted Interactive Digital Content for Learners with Visual Impairment (VI) / Creative Arts Special Needs Education / Grade 6 / Adapted Interactive Digital Content for Learners with Visual Impairment (VI) / Mathematics Special Needs Education / Grade 6 / Adapted Interactive Digital Content for Learners with Visual Impairment (VI) / Science and Technology Special Needs Education / Grade 6 / Adapted Interactive Digital Content for Learners with Visual Impairment (VI) / Islamic Religious Education Special Needs Education / Grade 6 / Adapted Interactive Digital Content for Learners with Visual Impairment (VI) / Social Studies Special Needs Education / Grade 6 / Adapted Interactive Digital Content for Learners with Visual Impairment (VI) / Agriculture and Nutrition Special Needs Education / Ebooks Special Needs Education / Videos Special Needs Education / Foundational and Stage-Based Special Needs Education / Prevocational Level Special Needs Education / Prevocational Level / Music Special Needs Education / Prevocational Level / Hindu Religious Education Special Needs Education / Prevocational Level / Christian Religious Education Special Needs Education / Prevocational Level / Physical Education Special Needs Education / Prevocational Level / Islamic Religious Education Special Needs Education / Prevocational Level / Social Studies Special Needs Education / Prevocational Level / Prevocational Skills 1 Special Needs Education / Prevocational Level / Prevocational Skills 2 Special Needs Education / Prevocational Level / Prevocational Skills 3 Accessible Digital Textbooks Interactive Simulations for Sciences and Mathematics Interactive Simulations for Sciences and Mathematics / Physics Interactive Simulations for Sciences and Mathematics / Chemistry Interactive Simulations for Sciences and Mathematics / Mathematics Information, Education and Communication(IEC) Materials Information, Education and Communication(IEC) Materials / Child Online Safety Information, Education and Communication(IEC) Materials / Child Road Safety Information, Education and Communication(IEC) Materials / Child Road Safety / Integration Matrices Information, Education and Communication(IEC) Materials / Child Road Safety / Integration Matrices / Early Years Education Information, Education and Communication(IEC) Materials / Child Road Safety / Integration Matrices / Upper Primary Information, Education and Communication(IEC) Materials / Child Road Safety / Integration Matrices / Junior School Information, Education and Communication(IEC) Materials / Child Road Safety / Integration Matrices / Senior School Information, Education and Communication(IEC) Materials / Child Road Safety / Information, Education and Communication(IEC) Materials on Child Road Safety Information, Education and Communication(IEC) Materials / Child Road Safety / Information, Education and Communication(IEC) Materials on Child Road Safety / Early Years Education Information, Education and Communication(IEC) Materials / Child Road Safety / Information, Education and Communication(IEC) Materials on Child Road Safety / Upper Primary Information, Education and Communication(IEC) Materials / Child Road Safety / Information, Education and Communication(IEC) Materials on Child Road Safety / Junior School Information, Education and Communication(IEC) Materials / Child Road Safety / Information, Education and Communication(IEC) Materials on Child Road Safety / Senior School Information, Education and Communication(IEC) Materials / Child Road Safety / Teacher's Handbook Information, Education and Communication(IEC) Materials / Financial Literacy Learners’ Toolkit Teacher Resources Teacher Resources / Educational Resources Materials Development Teacher Resources / Educational Resources Materials Development / CRE Teacher Resources / Educational Resources Materials Development / English Teacher Resources / Educational Resources Materials Development / Environment Teacher Resources / Educational Resources Materials Development / Foundations Teacher Resources / Educational Resources Materials Development / H.R.E Teacher Resources / Educational Resources Materials Development / Hygiene and Nutrition Teacher Resources / Educational Resources Materials Development / I.R.E Teacher Resources / Educational Resources Materials Development / Kiswahili Teacher Resources / Educational Resources Materials Development / Language Activities Teacher Resources / Educational Resources Materials Development / Literacy Skills Teacher Resources / Educational Resources Materials Development / Mathematics Teacher Resources / Educational Resources Materials Development / Movements and Arts Teacher Resources / Pre-Primary Teacher Radio Programmes Teacher Resources / CBC Courses Teacher Resources / Special Needs Educations Teacher Resources / Interactive Digital Content for Teacher Education Teacher Resources / Interactive Digital Content for Teacher Education / English Teacher Resources / Interactive Digital Content for Teacher Education / Music Teacher Resources / Interactive Digital Content for Teacher Education / Christian Religious Education Teacher Resources / Interactive Digital Content for Teacher Education / Art and Craft Teacher Resources / Interactive Digital Content for Teacher Education / Indigenous Languages Teacher Resources / Interactive Digital Content for Teacher Education / Home science Teacher Resources / Interactive Digital Content for Teacher Education / Science and Technology Teacher Resources / Interactive Digital Content for Teacher Education / Islamic Religious Education Teacher Resources / Interactive Digital Content for Teacher Education / Mandarin Teacher Resources / Interactive Digital Content for Teacher Education / Agriculture Teacher Resources / Interactive Digital Content for Teacher Education / Mathematics Teacher Resources / Interactive Digital Content for Teacher Education / French Teacher Resources / Interactive Digital Content for Teacher Education / Hindu Religious Education Teacher Resources / Interactive Digital Content for Teacher Education / Social Studies Teacher Resources / Interactive Digital Content for Teacher Education / Kiswahili Teacher Resources / Interactive Digital Content for Teacher Education / Physical Education Teacher Resources / Interactive Digital Content for Teacher Education / Arabic Parental Resources Financial Literacy Financial Literacy / Financial Literacy for Junior School Financial Literacy / Financial Literacy for Junior School / Taxation Financial Literacy / Financial Literacy for Senior School Financial Literacy / Financial Literacy for Senior School / Taxation Search lessons Search Build an atomSee moreMolecule shapes - basicsSee moreMolecule shapesSee moreIsotopes and atomic massSee moreBalancing chemical equationsSee moreGases-introductionSee moreGas propertiesSee moreReactants products and leftoversSee moreConcentrationSee moreAcid base solutionsSee more Build an atomSee moreMolecule shapes - basicsSee moreMolecule shapesSee moreIsotopes and atomic massSee moreBalancing chemical equationsSee moreGases-introductionSee moreGas propertiesSee moreReactants products and leftoversSee moreConcentrationSee moreAcid base solutionsSee more Build an atom Molecule shapes - basics Molecule shapes Isotopes and atomic mass Balancing chemical equations Gases-introduction Gas properties Reactants products and leftovers Concentration Acid base solutions Digital Content | Kenya Education Cloud | Unlimited Learning Experiences Skip to main content (Login) Chemistry Home Lessons Interactive Simulations for Sciences and Mathematics Chemistry Lesson categories: Pre-Primary Pre-Primary / Radio Lessons Pre-Primary / Educhannel Video Lessons Pre-Primary / Educhannel Video Lessons / Language Activities Pre-Primary / Educhannel Video Lessons / Mathematics Pre-Primary / Educhannel Video Lessons / Our School Pre-Primary / Educhannel Video Lessons / Picture Making Pre-Primary / Educhannel Video Lessons / Social Environment Pre-Primary / Educhannel Video Lessons / Pre-Primary 1 Pre-Primary / Educhannel Video Lessons / Pre-Primary 2 Pre-Primary / Interactive digital Content Pre-Primary / Ebooks Primary Education Primary Education / Grade 1 Primary Education / Grade 1 / Educhannel TV Lessons Primary Education / Grade 1 / Educhannel TV Lessons / English Primary Education / Grade 1 / Educhannel TV Lessons / Mathematics Primary Education / Grade 1 / Educhannel TV Lessons / Kiswahili Primary Education / Grade 1 / Educhannel TV Lessons / Kenya Sign Language(KSL) Primary Education / Grade 1 / Educhannel TV Lessons / Hygiene and nutrition Primary Education / Grade 1 / Educhannel TV Lessons / Environmental Activities Primary Education / Grade 1 / Interactive Digital Content Primary Education / Grade 1 / Radio Lessons Primary Education / Grade 1 / Radio Lessons / Mathematics Primary Education / Grade 1 / Radio Lessons / Mathematics / Grade 1 Term 2 Primary Education / Grade 1 / Radio Lessons / Mathematics / Grade 1 Term 3 Primary Education / Grade 1 / Radio Lessons / Kiswahili Primary Education / Grade 1 / Radio Lessons / Kiswahili / Grade 1 Term 2 Primary Education / Grade 1 / Radio Lessons / Kiswahili / Grade 1 Term 3 Primary Education / Grade 1 / Radio Lessons / English Primary Education / Grade 1 / Radio Lessons / English / Grade 1 Term 2 Primary Education / Grade 1 / Radio Lessons / English / Grade 1 Term 3 Primary Education / Grade 1 / Ebooks Primary Education / Grade 1 / Ebooks / Tusome readers Primary Education / Grade 1 / Ebooks / Indigenous Languages Primary Education / Grade 2 Primary Education / Grade 2 / Interactive Digital Content Primary Education / Grade 2 / Educhannel Tv Lessons Primary Education / Grade 2 / Educhannel Tv Lessons / Mathematics Primary Education / Grade 2 / Educhannel Tv Lessons / English Primary Education / Grade 2 / Radio Lessons Primary Education / Grade 2 / Radio Lessons / Mathematics Primary Education / Grade 2 / Radio Lessons / Mathematics / Grade 2 Term 2 Primary Education / Grade 2 / Radio Lessons / English Primary Education / Grade 2 / Radio Lessons / English / Grade 2 Term 2 Primary Education / Grade 2 / Radio Lessons / English / Grade 2 Term 3 Primary Education / Grade 2 / Radio Lessons / Kiswahili Primary Education / Grade 2 / Radio Lessons / Kiswahili / Grade 2 Term 3 Primary Education / Grade 2 / Hygiene and Nutrition Primary Education / Grade 2 / Hygiene and Nutrition / Grade 2 Term 2 Primary Education / Grade 2 / E-books Primary Education / Grade 2 / E-books / Tusome Readers Primary Education / Grade 3 Primary Education / Grade 3 / Radio Lessons Primary Education / Grade 3 / Radio Lessons / Mathematics Primary Education / Grade 3 / Radio Lessons / Mathematics / Grade 3 Term 2 Primary Education / Grade 3 / Radio Lessons / Mathematics / Grade 3 Term 3 Primary Education / Grade 3 / Radio Lessons / English Primary Education / Grade 3 / Radio Lessons / English / Grade 3 Term 2 Primary Education / Grade 3 / Radio Lessons / English / Grade 3 Term 3 Primary Education / Grade 3 / Radio Lessons / Environmental Activities Primary Education / Grade 3 / Radio Lessons / Environmental Activities / Grade 3 Term 2 Primary Education / Grade 3 / Radio Lessons / Kiswahili Primary Education / Grade 3 / Radio Lessons / Kiswahili / Grade 3 Term 3 Primary Education / Grade 3 / Educhannel TV Lessons Primary Education / Grade 3 / Educhannel TV Lessons / Mathematics Primary Education / Grade 3 / Educhannel TV Lessons / English Primary Education / Grade 3 / Educhannel TV Lessons / Kiswahili Primary Education / Grade 3 / Educhannel TV Lessons / Hygiene and Nutrition Primary Education / Grade 3 / Educhannel TV Lessons / Environmental Activities Primary Education / Grade 3 / Interactive Digital Content Primary Education / Grade 3 / EBooks Primary Education / Grade 3 / Tusome English Video Lessons Primary Education / Grade 3 / Tusome English Video Lessons / Tusome English Grade 3 Lessons Primary Education / Grade 4 Primary Education / Grade 4 / Educhannel Tv Lessons Primary Education / Grade 4 / Educhannel Tv Lessons / Home Science Primary Education / Grade 4 / Educhannel Tv Lessons / Agriculture Primary Education / Grade 4 / Educhannel Tv Lessons / Music Primary Education / Grade 4 / Educhannel Tv Lessons / Physical Education Primary Education / Grade 4 / Educhannel Tv Lessons / Art and Craft Primary Education / Grade 4 / Educhannel Tv Lessons / Kenya Sign Language Primary Education / Grade 4 / Educhannel Tv Lessons / Mathematics Primary Education / Grade 4 / Educhannel Tv Lessons / Science and Technology Primary Education / Grade 4 / Educhannel Tv Lessons / Social Studies Primary Education / Grade 4 / Educhannel Tv Lessons / English Primary Education / Grade 4 / Educhannel Tv Lessons / Kiswahili Primary Education / Grade 4 / Educhannel Tv Lessons / Environmental Activity Primary Education / Grade 4 / Radio lessons Primary Education / Grade 4 / Radio lessons / Social Studies Primary Education / Grade 4 / Radio lessons / Social Studies / Grade 4 Term 2 Primary Education / Grade 4 / Radio lessons / Social Studies / Grade 4 Term 3 Primary Education / Grade 4 / Radio lessons / CRE Primary Education / Grade 4 / Radio lessons / CRE / Grade 4 Term 2 Primary Education / Grade 4 / Radio lessons / English Primary Education / Grade 4 / Radio lessons / English / Grade 4 Term 2 Primary Education / Grade 4 / Radio lessons / English / Grade 4 Term 3 Primary Education / Grade 4 / Radio lessons / Hygiene and Nutrition Primary Education / Grade 4 / Radio lessons / Hygiene and Nutrition / Grade 4 Term 1 Primary Education / Grade 4 / Radio lessons / IRE Primary Education / Grade 4 / Radio lessons / IRE / Grade 4 Term 2 Primary Education / Grade 4 / Radio lessons / Science and Technology Primary Education / Grade 4 / Radio lessons / Science and Technology / Grade 4 Term 3 Primary Education / Grade 4 / Radio lessons / Agriculture Primary Education / Grade 4 / Radio lessons / Agriculture / Grade 4 Term 3 Primary Education / Grade 4 / Radio lessons / Mathematics Primary Education / Grade 4 / Radio lessons / Mathematics / Grade 4 Term 3 Primary Education / Grade 4 / SNE Primary Education / Grade 4 / Interactive Digital Content Primary Education / Grade 5 Primary Education / Grade 5 / Educhannel Tv Lessons Primary Education / Grade 5 / Educhannel Tv Lessons / English Primary Education / Grade 5 / Educhannel Tv Lessons / Kiswahili Primary Education / Grade 5 / Educhannel Tv Lessons / Mathematics Primary Education / Grade 5 / Radio Lessons Primary Education / Grade 5 / Radio Lessons / English Primary Education / Grade 5 / Radio Lessons / Science and Technology Primary Education / Grade 5 / Radio Lessons / Agriculture Primary Education / Grade 5 / Radio Lessons / Social studies Primary Education / Grade 5 / Radio Lessons / Christian Religious Education Primary Education / Grade 5 / Radio Lessons / Mathematics Primary Education / Grade 5 / Interactive Digital Content Primary Education / Grade 6 Primary Education / Grade 6 / Radio Lessons Primary Education / Grade 6 / Radio Lessons / CRE Primary Education / Grade 6 / Radio Lessons / Social Studies Primary Education / Grade 6 / Radio Lessons / Science Primary Education / Grade 6 / Radio Lessons / Kiswahili Primary Education / Grade 6 / Radio Lessons / English Primary Education / Grade 6 / Radio Lessons / Mathematics Primary Education / Grade 6 / Educhannel TV Lessons Primary Education / Grade 6 / Educhannel TV Lessons / Kiswahili Primary Education / Grade 6 / Educhannel TV Lessons / Agriculture Primary Education / Grade 6 / Educhannel TV Lessons / Art and Craft Primary Education / Grade 6 / Educhannel TV Lessons / English Primary Education / Grade 6 / Educhannel TV Lessons / Home Science Primary Education / Grade 6 / Educhannel TV Lessons / Music Primary Education / Grade 6 / Educhannel TV Lessons / Science and technology Primary Education / Grade 6 / Educhannel TV Lessons / Physical health education Primary Education / Grade 6 / Interactive Digital Content Junior School Junior School / Grade 8 Junior School / Grade 8 / Educhannel Tv Lessons Junior School / Grade 8 / Radio Lessons Junior School / Grade 8 / Interactive Digital Content Junior School / Grade 7 Junior School / Grade 7 / Educhannel TV lessons Junior School / Grade 7 / Radio Lessons Junior School / Grade 7 / Radio Lessons / Mathematics Junior School / Grade 7 / Radio Lessons / Kiswahili Junior School / Grade 7 / Radio Lessons / English Junior School / Grade 7 / Radio Lessons / Christian Religious Education Junior School / Grade 7 / Radio Lessons / Integrated Science Junior School / Grade 7 / Radio Lessons / Social Studies Junior School / Grade 7 / Radio Lessons / Pre-Technical Studies Junior School / Grade 7 / Interactive Digital Content Secondary Education Secondary Education / Form 1 Secondary Education / Form 1 / Interactive Digital Content Secondary Education / Form 1 / Educhannel Tv Lessons Secondary Education / Form 1 / Educhannel Tv Lessons / Mathematics Secondary Education / Form 1 / Educhannel Tv Lessons / English Secondary Education / Form 1 / Educhannel Tv Lessons / Physics Secondary Education / Form 1 / Educhannel Tv Lessons / Biology Secondary Education / Form 1 / Educhannel Tv Lessons / Chemistry Secondary Education / Form 1 / Educhannel Tv Lessons / Kiswahili Secondary Education / Form 1 / Educhannel Tv Lessons / History and Government Secondary Education / Form 1 / Educhannel Tv Lessons / Business Studies Secondary Education / Form 1 / Radio Lessons Secondary Education / Form 1 / Ebooks Secondary Education / Form 2 Secondary Education / Form 2 / Interactive Digital Content Secondary Education / Form 2 / Educhannel Tv Lessons Secondary Education / Form 2 / Educhannel Tv Lessons / Physics Secondary Education / Form 2 / Radio Lessons Secondary Education / Form 2 / Radio Lessons / Biology Secondary Education / Form 3 Secondary Education / Form 3 / Interactive Digital Content Secondary Education / Form 3 / Educhannel Tv Lessons Secondary Education / Form 3 / Educhannel Tv Lessons / Mathematics Secondary Education / Form 3 / Educhannel Tv Lessons / English Secondary Education / Form 3 / Educhannel Tv Lessons / Kiswahili Secondary Education / Form 3 / Educhannel Tv Lessons / Biology Secondary Education / Form 3 / Educhannel Tv Lessons / Chemistry Secondary Education / Form 3 / Educhannel Tv Lessons / Physics Secondary Education / Form 3 / Educhannel Tv Lessons / Business Studies Secondary Education / Form 3 / Educhannel Tv Lessons / History and Government Secondary Education / Form 3 / Radio Lessons Secondary Education / Form 4 Secondary Education / Form 4 / Interactive Digital Content Secondary Education / Form 4 / Educhannel Tv Lessons Secondary Education / Form 4 / Educhannel Tv Lessons / Form 4 Mathematics Secondary Education / Form 4 / Educhannel Tv Lessons / Form 4 English Secondary Education / Form 4 / Educhannel Tv Lessons / Form 4 Physics Secondary Education / Form 4 / Educhannel Tv Lessons / Form 4 Biology Secondary Education / Form 4 / Educhannel Tv Lessons / Form 4 Kiswahili Secondary Education / Form 4 / Educhannel Tv Lessons / Form 4 Chemistry Secondary Education / Form 4 / Educhannel Tv Lessons / Form 4 History and Government Secondary Education / Form 4 / Educhannel Tv Lessons / Form 4 Business Studies Secondary Education / Form 4 / Radio Lessons Secondary Education / Form 4 / Radio Lessons / Mathematics Secondary Education / Form 4 / Radio Lessons / Mathematics / Form 4 Term 1 Secondary Education / Form 4 / Radio Lessons / Mathematics / Form 4 Term 2 Secondary Education / Form 4 / Radio Lessons / Mathematics / Form 4 Term 3 General Knowledge General Knowledge / VOA Connect General Knowledge / Ask the expert General Knowledge / Citizenship and Democracy General Knowledge / Digital Story General Knowledge / Impacted Educhannel Lessons Educhannel Lessons / English Educhannel Lessons / English / Transport and travel Educhannel Lessons / English / Pronunciation skills Educhannel Lessons / English / Listening and speaking Educhannel Lessons / English / Family Educhannel Lessons / English / Environment Educhannel Lessons / English / Drug and Substance Educhannel Lessons / Agriculture Educhannel Lessons / Biology Educhannel Lessons / Biology / Living Things Educhannel Lessons / Biology / Secretion and homeostasis Educhannel Lessons / Biology / Support and movement Educhannel Lessons / Business Studies Educhannel Lessons / Chemistry Educhannel Lessons / Earth Movement and Volcanicity Educhannel Lessons / Environmental Activities Educhannel Lessons / Geograpghy Educhannel Lessons / History Educhannel Lessons / History / Kenyan History Educhannel Lessons / Homescience Educhannel Lessons / Homescience / Basic care clothing Educhannel Lessons / Kiswahili Educhannel Lessons / Kiswahili / Primary Educhannel Lessons / Kiswahili / Primary / Darasa 4-5 Educhannel Lessons / Kiswahili / Secondary Educhannel Lessons / Kiswahili / Secondary / Isimu Jamii Educhannel Lessons / Kiswahili / Secondary / Sarufi Educhannel Lessons / Mathematics Educhannel Lessons / Mathematics / Secondary Educhannel Lessons / Mathematics / Secondary / Commercial Arithmetics Educhannel Lessons / Mathematics / Primary Educhannel Lessons / Mathematics / Primary / Class 5-8 Educhannel Lessons / Mathematics / Primary / Class 5-8 / Practical uses of Money Educhannel Lessons / Mathematics / Primary / Class 5-8 / Measurement Educhannel Lessons / Organic Chemistry Educhannel Lessons / Performing Music Educhannel Lessons / Homescience Educhannel Lessons / Homescience / Basic care of clothing Educhannel Lessons / Art and Craft Educhannel Lessons / Physics Educhannel Lessons / Physics / Thermodynamics Educhannel Lessons / Physics / Mechanics Educhannel Lessons / Physics / Electricity and Magnetism Educhannel Lessons / The Doyen Exposition Educhannel Lessons / Science Educhannel Lessons / Science / Making work easier Educhannel Lessons / Science / Living Things Educhannel Lessons / Science / Energy conservation Educhannel Lessons / Physical and Health Education Educhannel Lessons / Physical and Health Education / Grade 1-4 Open Education Resourses(OERs) Open Education Resourses(OERs) / Movement and Creative Activities Open Education Resourses(OERs) / 	Religious Education Activities Open Education Resourses(OERs) / Mathematical Activities Open Education Resourses(OERs) / Environmental Activities Open Education Resourses(OERs) / Kiswahili Language Open Education Resourses(OERs) / LTK | Concordia University Open Education Resourses(OERs) / Hygiene and Nutrition Open Education Resourses(OERs) / ENGLISH LANGUAGE ACTIVITIES Open Education Resourses(OERs) / Casio Materials Open Education Resourses(OERs) / Health Education Open Education Resourses(OERs) / Carbon Literacy Special Needs Education Special Needs Education / Grade 1 Special Needs Education / Grade 1 / Adapted Interactive Digital Content for Hearing Impaired(HI) Special Needs Education / Grade 1 / Adapted Interactive Digital Content for Hearing Impaired(HI) / English Activities Special Needs Education / Grade 1 / Adapted Interactive Digital Content for Hearing Impaired(HI) / Environmental Activities Special Needs Education / Grade 1 / Adapted Interactive Digital Content for Hearing Impaired(HI) / Creative Activities Special Needs Education / Grade 1 / Adapted Interactive Digital Content for Visual Impaired(VI) Special Needs Education / Grade 2 Special Needs Education / Grade 2 / Adapted Interactive Digital Content for Hearing Impaired(HI) Special Needs Education / Grade 2 / Adapted Interactive Digital Content for Hearing Impaired(HI) / Mathematics Grade 2 Special Needs Education / Grade 2 / Adapted Interactive Digital Content for Hearing Impaired(HI) / Environmental Activities Grade 2 Special Needs Education / Grade 2 / Adapted Interactive Digital Content for Hearing Impaired(HI) / Hygiene and Nutrition Grade 2 Special Needs Education / Grade 2 / Adapted Interactive Digital Content for Hearing Impaired(HI) / Christian Religious Education Grade 2 (HI) Special Needs Education / Grade 2 / Adapted Interactive Digital Content for Hearing Impaired(HI) / Literacy Activities Grade2 (HI) Special Needs Education / Grade 2 / Adapted Interactive Digital Content for Hearing Impaired(HI) / English Activities Grad2 H.I Special Needs Education / Grade 2 / Adapted Interactive Digital Content for Hearing Impaired(HI) / Creative Activities Grade2 -H.I Special Needs Education / Grade 2 / Adapted Interactive Digital Content for Visual Impaired(VI) Special Needs Education / Grade 2 / Adapted Interactive Digital Content for Visual Impaired(VI) / Mathematics Special Needs Education / Grade 2 / Adapted Interactive Digital Content for Visual Impaired(VI) / Kiswahili Special Needs Education / Grade 2 / Adapted Interactive Digital Content for Visual Impaired(VI) / English Special Needs Education / Grade 2 / Adapted Interactive Digital Content for Visual Impaired(VI) / Creative Activities Special Needs Education / Grade 2 / Adapted Interactive Digital Content for Visual Impaired(VI) / CRE Special Needs Education / Grade 3 Special Needs Education / Grade 3 / Adapted Interactive Digital Content for Learners with Hearing Impairment (HI) Special Needs Education / Grade 3 / Adapted Interactive Digital Content for Learners with Hearing Impairment (HI) / Visual Arts Special Needs Education / Grade 3 / Adapted Interactive Digital Content for Learners with Hearing Impairment (HI) / English Special Needs Education / Grade 3 / Adapted Interactive Digital Content for Learners with Hearing Impairment (HI) / Hygiene and Nutrition Special Needs Education / Grade 3 / Adapted Interactive Digital Content for Learners with Hearing Impairment (HI) / Music Special Needs Education / Grade 3 / Adapted Interactive Digital Content for Learners with Hearing Impairment (HI) / Mathematics Special Needs Education / Grade 3 / Adapted Interactive Digital Content for Learners with Hearing Impairment (HI) / Environmental Special Needs Education / Grade 3 / Adapted Interactive Digital Content for Learners with Hearing Impairment (HI) / CRE Special Needs Education / Grade 3 / Adapted Interactive Digital Content for Learners with Visual Impairment (VI) Special Needs Education / Grade 3 / Adapted Interactive Digital Content for Learners with Visual Impairment (VI) / Music Special Needs Education / Grade 3 / Adapted Interactive Digital Content for Learners with Visual Impairment (VI) / Mathematics Special Needs Education / Grade 3 / Adapted Interactive Digital Content for Learners with Visual Impairment (VI) / Visual Arts Special Needs Education / Grade 3 / Adapted Interactive Digital Content for Learners with Visual Impairment (VI) / Kiswahili Special Needs Education / Grade 3 / Adapted Interactive Digital Content for Learners with Visual Impairment (VI) / Hygiene and Nutrition Special Needs Education / Grade 3 / Adapted Interactive Digital Content for Learners with Visual Impairment (VI) / Environmental Special Needs Education / Grade 3 / Adapted Interactive Digital Content for Learners with Visual Impairment (VI) / English Special Needs Education / Grade 3 / Adapted Interactive Digital Content for Learners with Visual Impairment (VI) / CRE Special Needs Education / Grade 4 Special Needs Education / Grade 4 / Adapted Interactive Digital Content for Learners with Hearing Impairment (HI) Special Needs Education / Grade 4 / Adapted Interactive Digital Content for Learners with Hearing Impairment (HI) / Mathematics Special Needs Education / Grade 4 / Adapted Interactive Digital Content for Learners with Hearing Impairment (HI) / English Special Needs Education / Grade 4 / Adapted Interactive Digital Content for Learners with Hearing Impairment (HI) / Science and Technology Special Needs Education / Grade 4 / Adapted Interactive Digital Content for Learners with Hearing Impairment (HI) / Agriculture Special Needs Education / Grade 4 / Adapted Interactive Digital Content for Learners with Hearing Impairment (HI) / Social Studies Special Needs Education / Grade 4 / Adapted Interactive Digital Content for Learners with Hearing Impairment (HI) / Home Science Special Needs Education / Grade 4 / Adapted Interactive Digital Content for Learners with Hearing Impairment (HI) / Art and Craft Special Needs Education / Grade 4 / Adapted Interactive Digital Content for Learners with Hearing Impairment (HI) / Music Special Needs Education / Grade 4 / Adapted Interactive Digital Content for Learners with Hearing Impairment (HI) / Christian Religious Education (CRE) Special Needs Education / Grade 4 / Adapted Interactive Digital Content for Learners with Visual Impairment (VI) Special Needs Education / Grade 4 / Adapted Interactive Digital Content for Learners with Visual Impairment (VI) / Mathematics Special Needs Education / Grade 4 / Adapted Interactive Digital Content for Learners with Visual Impairment (VI) / English Special Needs Education / Grade 4 / Adapted Interactive Digital Content for Learners with Visual Impairment (VI) / Kiswahili Special Needs Education / Grade 4 / Adapted Interactive Digital Content for Learners with Visual Impairment (VI) / Science and Technology Special Needs Education / Grade 4 / Adapted Interactive Digital Content for Learners with Visual Impairment (VI) / Agriculture Special Needs Education / Grade 4 / Adapted Interactive Digital Content for Learners with Visual Impairment (VI) / Social Studies Special Needs Education / Grade 4 / Adapted Interactive Digital Content for Learners with Visual Impairment (VI) / Home Science Special Needs Education / Grade 4 / Adapted Interactive Digital Content for Learners with Visual Impairment (VI) / Art and Craft Special Needs Education / Grade 4 / Adapted Interactive Digital Content for Learners with Visual Impairment (VI) / Christian Religious Education (CRE) Special Needs Education / Grade 4 / Adapted Interactive Digital Content for Learners with Visual Impairment (VI) / Music Special Needs Education / Grade 5 Special Needs Education / Grade 5 / Adapted Interactive Digital Content for Learners with Hearing Impairment (HI) Special Needs Education / Grade 5 / Adapted Interactive Digital Content for Learners with Hearing Impairment (HI) / English Special Needs Education / Grade 5 / Adapted Interactive Digital Content for Learners with Hearing Impairment (HI) / Christian Religious Education Special Needs Education / Grade 5 / Adapted Interactive Digital Content for Learners with Hearing Impairment (HI) / Social Studies Special Needs Education / Grade 5 / Adapted Interactive Digital Content for Learners with Hearing Impairment (HI) / Agriculture and Nutrition Special Needs Education / Grade 5 / Adapted Interactive Digital Content for Learners with Hearing Impairment (HI) / Creative Arts Special Needs Education / Grade 5 / Adapted Interactive Digital Content for Learners with Hearing Impairment (HI) / Mathematics Special Needs Education / Grade 5 / Adapted Interactive Digital Content for Learners with Hearing Impairment (HI) / Science and Technology Special Needs Education / Grade 5 / Adapted Interactive Digital Content for Learners with Hearing Impairment (HI) / Islamic Religious Education Special Needs Education / Grade 5 / Adapted Interactive Digital Content for Learners with Visual Impairment (VI) Special Needs Education / Grade 5 / Adapted Interactive Digital Content for Learners with Visual Impairment (VI) / Creative Arts Special Needs Education / Grade 5 / Adapted Interactive Digital Content for Learners with Visual Impairment (VI) / Social Studies Special Needs Education / Grade 5 / Adapted Interactive Digital Content for Learners with Visual Impairment (VI) / Kiswahili Special Needs Education / Grade 5 / Adapted Interactive Digital Content for Learners with Visual Impairment (VI) / Christian Religious Education Special Needs Education / Grade 5 / Adapted Interactive Digital Content for Learners with Visual Impairment (VI) / Science and Technology Special Needs Education / Grade 5 / Adapted Interactive Digital Content for Learners with Visual Impairment (VI) / Agriculture and Nutrition Special Needs Education / Grade 5 / Adapted Interactive Digital Content for Learners with Visual Impairment (VI) / Islamic Religious Education Special Needs Education / Grade 5 / Adapted Interactive Digital Content for Learners with Visual Impairment (VI) / Mathematics Special Needs Education / Grade 5 / Adapted Interactive Digital Content for Learners with Visual Impairment (VI) / English Special Needs Education / Grade 6 Special Needs Education / Grade 6 / Adapted Interactive Digital Content for Learners with Hearing Impairment (HI) Special Needs Education / Grade 6 / Adapted Interactive Digital Content for Learners with Hearing Impairment (HI) / Science and Technology Special Needs Education / Grade 6 / Adapted Interactive Digital Content for Learners with Hearing Impairment (HI) / Christian Religious Education Special Needs Education / Grade 6 / Adapted Interactive Digital Content for Learners with Hearing Impairment (HI) / Creative Arts Special Needs Education / Grade 6 / Adapted Interactive Digital Content for Learners with Hearing Impairment (HI) / Islamic Religious Education Special Needs Education / Grade 6 / Adapted Interactive Digital Content for Learners with Hearing Impairment (HI) / English Special Needs Education / Grade 6 / Adapted Interactive Digital Content for Learners with Hearing Impairment (HI) / Social Studies Special Needs Education / Grade 6 / Adapted Interactive Digital Content for Learners with Hearing Impairment (HI) / Agriculture Special Needs Education / Grade 6 / Adapted Interactive Digital Content for Learners with Hearing Impairment (HI) / Mathematics Special Needs Education / Grade 6 / Adapted Interactive Digital Content for Learners with Visual Impairment (VI) Special Needs Education / Grade 6 / Adapted Interactive Digital Content for Learners with Visual Impairment (VI) / Christian Religious Education Special Needs Education / Grade 6 / Adapted Interactive Digital Content for Learners with Visual Impairment (VI) / Kiswahili Special Needs Education / Grade 6 / Adapted Interactive Digital Content for Learners with Visual Impairment (VI) / English Special Needs Education / Grade 6 / Adapted Interactive Digital Content for Learners with Visual Impairment (VI) / Creative Arts Special Needs Education / Grade 6 / Adapted Interactive Digital Content for Learners with Visual Impairment (VI) / Mathematics Special Needs Education / Grade 6 / Adapted Interactive Digital Content for Learners with Visual Impairment (VI) / Science and Technology Special Needs Education / Grade 6 / Adapted Interactive Digital Content for Learners with Visual Impairment (VI) / Islamic Religious Education Special Needs Education / Grade 6 / Adapted Interactive Digital Content for Learners with Visual Impairment (VI) / Social Studies Special Needs Education / Grade 6 / Adapted Interactive Digital Content for Learners with Visual Impairment (VI) / Agriculture and Nutrition Special Needs Education / Ebooks Special Needs Education / Videos Special Needs Education / Foundational and Stage-Based Special Needs Education / Prevocational Level Special Needs Education / Prevocational Level / Music Special Needs Education / Prevocational Level / Hindu Religious Education Special Needs Education / Prevocational Level / Christian Religious Education Special Needs Education / Prevocational Level / Physical Education Special Needs Education / Prevocational Level / Islamic Religious Education Special Needs Education / Prevocational Level / Social Studies Special Needs Education / Prevocational Level / Prevocational Skills 1 Special Needs Education / Prevocational Level / Prevocational Skills 2 Special Needs Education / Prevocational Level / Prevocational Skills 3 Accessible Digital Textbooks Interactive Simulations for Sciences and Mathematics Interactive Simulations for Sciences and Mathematics / Physics Interactive Simulations for Sciences and Mathematics / Chemistry Interactive Simulations for Sciences and Mathematics / Mathematics Information, Education and Communication(IEC) Materials Information, Education and Communication(IEC) Materials / Child Online Safety Information, Education and Communication(IEC) Materials / Child Road Safety Information, Education and Communication(IEC) Materials / Child Road Safety / Integration Matrices Information, Education and Communication(IEC) Materials / Child Road Safety / Integration Matrices / Early Years Education Information, Education and Communication(IEC) Materials / Child Road Safety / Integration Matrices / Upper Primary Information, Education and Communication(IEC) Materials / Child Road Safety / Integration Matrices / Junior School Information, Education and Communication(IEC) Materials / Child Road Safety / Integration Matrices / Senior School Information, Education and Communication(IEC) Materials / Child Road Safety / Information, Education and Communication(IEC) Materials on Child Road Safety Information, Education and Communication(IEC) Materials / Child Road Safety / Information, Education and Communication(IEC) Materials on Child Road Safety / Early Years Education Information, Education and Communication(IEC) Materials / Child Road Safety / Information, Education and Communication(IEC) Materials on Child Road Safety / Upper Primary Information, Education and Communication(IEC) Materials / Child Road Safety / Information, Education and Communication(IEC) Materials on Child Road Safety / Junior School Information, Education and Communication(IEC) Materials / Child Road Safety / Information, Education and Communication(IEC) Materials on Child Road Safety / Senior School Information, Education and Communication(IEC) Materials / Child Road Safety / Teacher's Handbook Information, Education and Communication(IEC) Materials / Financial Literacy Learners’ Toolkit Teacher Resources Teacher Resources / Educational Resources Materials Development Teacher Resources / Educational Resources Materials Development / CRE Teacher Resources / Educational Resources Materials Development / English Teacher Resources / Educational Resources Materials Development / Environment Teacher Resources / Educational Resources Materials Development / Foundations Teacher Resources / Educational Resources Materials Development / H.R.E Teacher Resources / Educational Resources Materials Development / Hygiene and Nutrition Teacher Resources / Educational Resources Materials Development / I.R.E Teacher Resources / Educational Resources Materials Development / Kiswahili Teacher Resources / Educational Resources Materials Development / Language Activities Teacher Resources / Educational Resources Materials Development / Literacy Skills Teacher Resources / Educational Resources Materials Development / Mathematics Teacher Resources / Educational Resources Materials Development / Movements and Arts Teacher Resources / Pre-Primary Teacher Radio Programmes Teacher Resources / CBC Courses Teacher Resources / Special Needs Educations Teacher Resources / Interactive Digital Content for Teacher Education Teacher Resources / Interactive Digital Content for Teacher Education / English Teacher Resources / Interactive Digital Content for Teacher Education / Music Teacher Resources / Interactive Digital Content for Teacher Education / Christian Religious Education Teacher Resources / Interactive Digital Content for Teacher Education / Art and Craft Teacher Resources / Interactive Digital Content for Teacher Education / Indigenous Languages Teacher Resources / Interactive Digital Content for Teacher Education / Home science Teacher Resources / Interactive Digital Content for Teacher Education / Science and Technology Teacher Resources / Interactive Digital Content for Teacher Education / Islamic Religious Education Teacher Resources / Interactive Digital Content for Teacher Education / Mandarin Teacher Resources / Interactive Digital Content for Teacher Education / Agriculture Teacher Resources / Interactive Digital Content for Teacher Education / Mathematics Teacher Resources / Interactive Digital Content for Teacher Education / French Teacher Resources / Interactive Digital Content for Teacher Education / Hindu Religious Education Teacher Resources / Interactive Digital Content for Teacher Education / Social Studies Teacher Resources / Interactive Digital Content for Teacher Education / Kiswahili Teacher Resources / Interactive Digital Content for Teacher Education / Physical Education Teacher Resources / Interactive Digital Content for Teacher Education / Arabic Parental Resources Financial Literacy Financial Literacy / Financial Literacy for Junior School Financial Literacy / Financial Literacy for Junior School / Taxation Financial Literacy / Financial Literacy for Senior School Financial Literacy / Financial Literacy for Senior School / Taxation Search lessons Search Build an atomSee moreMolecule shapes - basicsSee moreMolecule shapesSee moreIsotopes and atomic massSee moreBalancing chemical equationsSee moreGases-introductionSee moreGas propertiesSee moreReactants products and leftoversSee moreConcentrationSee moreAcid base solutionsSee more Home Calendar Pre-primary Pre-Primary 1 Pre-Primary 2 Primary Grade 1 Grade 2 Grade 3 Grade 4 Grade 5 Grade 6 Secondary Grade 7 Grade 8 Form 1 Form 2 Form 3 Form 4 OER's SNE The Kenya Education Cloud (KEC) is a digital platform designed to enhance teaching and learning in Kenya by providing a wide range of digital educational resources. Serving as a centralized hub for e-learning, it promotes access to interactive content, supports modern pedagogical methods, and fosters collaboration among educators and learners. External Links Ministry of Education Kenya National Examinations Council Teachers Service Commission Kenya Kenya Institute of Special Education (KISE) ICT Authority TVET Authority Elimika Additional Resources Accessible Digital Textbook (ADT) Curriculum Reports Parental Resources Child Online Protection Guidelines Our Contacts Kenya Institute of Curriculum DevelopmentDesai Rd, Off Muranga Rd,Nairobi, Kenya. Telephone Contacts+254 729327331 +254 729327334 Email Addressinfo@kicd.ac.ke Kenya Education Cloud © 2024. All rights reserved. Privacy Policy Terms & Conditions (Login) Data retention summary","['mathematics', 'english', 'kiswahili', 'biology', 'chemistry', 'physics', 'geography', 'history', 'business', 'computer', 'agriculture', 'home_science', 'art', 'music', 'physical_education', 'religious_education']",form_1,cbc,[],2025-09-08T00:49:08.449586,unknown,,,,
https://kec.ac.ke/#,Kenya Education Cloud | Unlimited learning experiences,"Kenya Education Cloud is your ultimate digital learning hub, providing access to curated e-learning resources, educational tools, and innovative content for students, teachers, and institutions.","Navigation HomeCourses HomeCourses Pre-Primary Education Pre-Primary 1 Pre-Primary 2 Primary Education Grade 1 *CBC* *SNE* Grade 2 *CBC* *SNE* Grade 3 *CBC* *SNE* Grade 4 *CBC* *SNE* Grade 5 *CBC* *SNE* Grade 6 *CBC* *SNE* Junior School Education Grade 7 *CBC* *SNE* Grade 8 *CBC* *SNE* Grade 9 *CBC* *SNE* Secondary Education Form 1 *8-4-4* *SNE* Form 2 *8-4-4* *SNE* Form 3 *8-4-4* *SNE* Form 4 *8-4-4* *SNE* Kenya Education Cloud | Unlimited learning experiences Skip to main content Digital Content Elimika Courses OER Portal You are not logged in. (Login) Our Blocks You can see list of blocks here. Skip Navigation Navigation HomeCourses Previous Next Pre-Primary Education Pre-Primary 1 Pre-Primary 2 Primary Education Grade 1 *CBC* *SNE* Grade 2 *CBC* *SNE* Grade 3 *CBC* *SNE* Grade 4 *CBC* *SNE* Grade 5 *CBC* *SNE* Grade 6 *CBC* *SNE* Junior School Education Grade 7 *CBC* *SNE* Grade 8 *CBC* *SNE* Grade 9 *CBC* *SNE* Secondary Education Form 1 *8-4-4* *SNE* Form 2 *8-4-4* *SNE* Form 3 *8-4-4* *SNE* Form 4 *8-4-4* *SNE* The Kenya Education Cloud (KEC) is a digital platform designed to enhance teaching and learning in Kenya by providing a wide range of digital educational resources. Serving as a centralized hub for e-learning, it promotes access to interactive content, supports modern pedagogical methods, and fosters collaboration among educators and learners. External Links Ministry of Education Kenya National Examinations Council Teachers Service Commission Kenya Kenya Institute of Special Education (KISE) ICT Authority TVET Authority Elimika Additional Resources Accessible Digital Textbook (ADT) Curriculum Reports OrangeBook - List of Approved materials Child Online Protection Guidelines Parental Resources Our Contacts Kenya Institute of Curriculum DevelopmentDesai Rd, Off Muranga Rd,Nairobi, Kenya. Telephone Contacts+254 729327331 +254 729327334 Email Addressinfo@kicd.ac.ke Kenya Education Cloud © 2024. All rights reserved. Help and Support Privacy Policy Terms & Conditions","['computer', 'art']",form_1,cbc,[],2025-09-08T00:49:09.226633,unknown,,,,
https://lms.kec.ac.ke/login/index.php,Digital Content | Kenya Education Cloud | Unlimited Learning Experiences,"Kenya Education Cloud is your ultimate digital learning hub, providing access to curated e-learning resources, educational tools, and innovative content for students, teachers, and institutions.","Username Password Login Remember user Forgotten your username or password? <!--<div class=""col-md-10 text-center""> Cookies must be enabled in your browser All lessons on KEC can be accessed without having a registered account Username Password Login Remember user Forgotten your username or password? <!--<div class=""col-md-10 text-center""> Cookies must be enabled in your browser All lessons on KEC can be accessed without having a registered account Username Password Login Remember user Forgotten your username or password? <!--<div class=""col-md-10 text-center""> Cookies must be enabled in your browser All lessons on KEC can be accessed without having a registered account Digital Content | Kenya Education Cloud | Unlimited Learning Experiences Skip to main content Username Password Login Remember user Forgotten your username or password? <!--<div class=""col-md-10 text-center""> Cookies must be enabled in your browser All lessons on KEC can be accessed without having a registered account",['computer'],unknown,unknown,[],2025-09-08T00:49:09.288493,unknown,,,,
https://lms.kec.ac.ke/course/index.php?categoryid=114,Form 2,"Kenya Education Cloud is your ultimate digital learning hub, providing access to curated e-learning resources, educational tools, and innovative content for students, teachers, and institutions.","Form 2 Home Lessons Secondary Education Form 2 Lesson categories: Pre-Primary Pre-Primary / Radio Lessons Pre-Primary / Educhannel Video Lessons Pre-Primary / Educhannel Video Lessons / Language Activities Pre-Primary / Educhannel Video Lessons / Mathematics Pre-Primary / Educhannel Video Lessons / Our School Pre-Primary / Educhannel Video Lessons / Picture Making Pre-Primary / Educhannel Video Lessons / Social Environment Pre-Primary / Educhannel Video Lessons / Pre-Primary 1 Pre-Primary / Educhannel Video Lessons / Pre-Primary 2 Pre-Primary / Interactive digital Content Pre-Primary / Ebooks Primary Education Primary Education / Grade 1 Primary Education / Grade 1 / Educhannel TV Lessons Primary Education / Grade 1 / Educhannel TV Lessons / English Primary Education / Grade 1 / Educhannel TV Lessons / Mathematics Primary Education / Grade 1 / Educhannel TV Lessons / Kiswahili Primary Education / Grade 1 / Educhannel TV Lessons / Kenya Sign Language(KSL) Primary Education / Grade 1 / Educhannel TV Lessons / Hygiene and nutrition Primary Education / Grade 1 / Educhannel TV Lessons / Environmental Activities Primary Education / Grade 1 / Interactive Digital Content Primary Education / Grade 1 / Radio Lessons Primary Education / Grade 1 / Radio Lessons / Mathematics Primary Education / Grade 1 / Radio Lessons / Mathematics / Grade 1 Term 2 Primary Education / Grade 1 / Radio Lessons / Mathematics / Grade 1 Term 3 Primary Education / Grade 1 / Radio Lessons / Kiswahili Primary Education / Grade 1 / Radio Lessons / Kiswahili / Grade 1 Term 2 Primary Education / Grade 1 / Radio Lessons / Kiswahili / Grade 1 Term 3 Primary Education / Grade 1 / Radio Lessons / English Primary Education / Grade 1 / Radio Lessons / English / Grade 1 Term 2 Primary Education / Grade 1 / Radio Lessons / English / Grade 1 Term 3 Primary Education / Grade 1 / Ebooks Primary Education / Grade 1 / Ebooks / Tusome readers Primary Education / Grade 1 / Ebooks / Indigenous Languages Primary Education / Grade 2 Primary Education / Grade 2 / Interactive Digital Content Primary Education / Grade 2 / Educhannel Tv Lessons Primary Education / Grade 2 / Educhannel Tv Lessons / Mathematics Primary Education / Grade 2 / Educhannel Tv Lessons / English Primary Education / Grade 2 / Radio Lessons Primary Education / Grade 2 / Radio Lessons / Mathematics Primary Education / Grade 2 / Radio Lessons / Mathematics / Grade 2 Term 2 Primary Education / Grade 2 / Radio Lessons / English Primary Education / Grade 2 / Radio Lessons / English / Grade 2 Term 2 Primary Education / Grade 2 / Radio Lessons / English / Grade 2 Term 3 Primary Education / Grade 2 / Radio Lessons / Kiswahili Primary Education / Grade 2 / Radio Lessons / Kiswahili / Grade 2 Term 3 Primary Education / Grade 2 / Hygiene and Nutrition Primary Education / Grade 2 / Hygiene and Nutrition / Grade 2 Term 2 Primary Education / Grade 2 / E-books Primary Education / Grade 2 / E-books / Tusome Readers Primary Education / Grade 3 Primary Education / Grade 3 / Radio Lessons Primary Education / Grade 3 / Radio Lessons / Mathematics Primary Education / Grade 3 / Radio Lessons / Mathematics / Grade 3 Term 2 Primary Education / Grade 3 / Radio Lessons / Mathematics / Grade 3 Term 3 Primary Education / Grade 3 / Radio Lessons / English Primary Education / Grade 3 / Radio Lessons / English / Grade 3 Term 2 Primary Education / Grade 3 / Radio Lessons / English / Grade 3 Term 3 Primary Education / Grade 3 / Radio Lessons / Environmental Activities Primary Education / Grade 3 / Radio Lessons / Environmental Activities / Grade 3 Term 2 Primary Education / Grade 3 / Radio Lessons / Kiswahili Primary Education / Grade 3 / Radio Lessons / Kiswahili / Grade 3 Term 3 Primary Education / Grade 3 / Educhannel TV Lessons Primary Education / Grade 3 / Educhannel TV Lessons / Mathematics Primary Education / Grade 3 / Educhannel TV Lessons / English Primary Education / Grade 3 / Educhannel TV Lessons / Kiswahili Primary Education / Grade 3 / Educhannel TV Lessons / Hygiene and Nutrition Primary Education / Grade 3 / Educhannel TV Lessons / Environmental Activities Primary Education / Grade 3 / Interactive Digital Content Primary Education / Grade 3 / EBooks Primary Education / Grade 3 / Tusome English Video Lessons Primary Education / Grade 3 / Tusome English Video Lessons / Tusome English Grade 3 Lessons Primary Education / Grade 4 Primary Education / Grade 4 / Educhannel Tv Lessons Primary Education / Grade 4 / Educhannel Tv Lessons / Home Science Primary Education / Grade 4 / Educhannel Tv Lessons / Agriculture Primary Education / Grade 4 / Educhannel Tv Lessons / Music Primary Education / Grade 4 / Educhannel Tv Lessons / Physical Education Primary Education / Grade 4 / Educhannel Tv Lessons / Art and Craft Primary Education / Grade 4 / Educhannel Tv Lessons / Kenya Sign Language Primary Education / Grade 4 / Educhannel Tv Lessons / Mathematics Primary Education / Grade 4 / Educhannel Tv Lessons / Science and Technology Primary Education / Grade 4 / Educhannel Tv Lessons / Social Studies Primary Education / Grade 4 / Educhannel Tv Lessons / English Primary Education / Grade 4 / Educhannel Tv Lessons / Kiswahili Primary Education / Grade 4 / Educhannel Tv Lessons / Environmental Activity Primary Education / Grade 4 / Radio lessons Primary Education / Grade 4 / Radio lessons / Social Studies Primary Education / Grade 4 / Radio lessons / Social Studies / Grade 4 Term 2 Primary Education / Grade 4 / Radio lessons / Social Studies / Grade 4 Term 3 Primary Education / Grade 4 / Radio lessons / CRE Primary Education / Grade 4 / Radio lessons / CRE / Grade 4 Term 2 Primary Education / Grade 4 / Radio lessons / English Primary Education / Grade 4 / Radio lessons / English / Grade 4 Term 2 Primary Education / Grade 4 / Radio lessons / English / Grade 4 Term 3 Primary Education / Grade 4 / Radio lessons / Hygiene and Nutrition Primary Education / Grade 4 / Radio lessons / Hygiene and Nutrition / Grade 4 Term 1 Primary Education / Grade 4 / Radio lessons / IRE Primary Education / Grade 4 / Radio lessons / IRE / Grade 4 Term 2 Primary Education / Grade 4 / Radio lessons / Science and Technology Primary Education / Grade 4 / Radio lessons / Science and Technology / Grade 4 Term 3 Primary Education / Grade 4 / Radio lessons / Agriculture Primary Education / Grade 4 / Radio lessons / Agriculture / Grade 4 Term 3 Primary Education / Grade 4 / Radio lessons / Mathematics Primary Education / Grade 4 / Radio lessons / Mathematics / Grade 4 Term 3 Primary Education / Grade 4 / SNE Primary Education / Grade 4 / Interactive Digital Content Primary Education / Grade 5 Primary Education / Grade 5 / Educhannel Tv Lessons Primary Education / Grade 5 / Educhannel Tv Lessons / English Primary Education / Grade 5 / Educhannel Tv Lessons / Kiswahili Primary Education / Grade 5 / Educhannel Tv Lessons / Mathematics Primary Education / Grade 5 / Radio Lessons Primary Education / Grade 5 / Radio Lessons / English Primary Education / Grade 5 / Radio Lessons / Science and Technology Primary Education / Grade 5 / Radio Lessons / Agriculture Primary Education / Grade 5 / Radio Lessons / Social studies Primary Education / Grade 5 / Radio Lessons / Christian Religious Education Primary Education / Grade 5 / Radio Lessons / Mathematics Primary Education / Grade 5 / Interactive Digital Content Primary Education / Grade 6 Primary Education / Grade 6 / Radio Lessons Primary Education / Grade 6 / Radio Lessons / CRE Primary Education / Grade 6 / Radio Lessons / Social Studies Primary Education / Grade 6 / Radio Lessons / Science Primary Education / Grade 6 / Radio Lessons / Kiswahili Primary Education / Grade 6 / Radio Lessons / English Primary Education / Grade 6 / Radio Lessons / Mathematics Primary Education / Grade 6 / Educhannel TV Lessons Primary Education / Grade 6 / Educhannel TV Lessons / Kiswahili Primary Education / Grade 6 / Educhannel TV Lessons / Agriculture Primary Education / Grade 6 / Educhannel TV Lessons / Art and Craft Primary Education / Grade 6 / Educhannel TV Lessons / English Primary Education / Grade 6 / Educhannel TV Lessons / Home Science Primary Education / Grade 6 / Educhannel TV Lessons / Music Primary Education / Grade 6 / Educhannel TV Lessons / Science and technology Primary Education / Grade 6 / Educhannel TV Lessons / Physical health education Primary Education / Grade 6 / Interactive Digital Content Junior School Junior School / Grade 8 Junior School / Grade 8 / Educhannel Tv Lessons Junior School / Grade 8 / Radio Lessons Junior School / Grade 8 / Interactive Digital Content Junior School / Grade 7 Junior School / Grade 7 / Educhannel TV lessons Junior School / Grade 7 / Radio Lessons Junior School / Grade 7 / Radio Lessons / Mathematics Junior School / Grade 7 / Radio Lessons / Kiswahili Junior School / Grade 7 / Radio Lessons / English Junior School / Grade 7 / Radio Lessons / Christian Religious Education Junior School / Grade 7 / Radio Lessons / Integrated Science Junior School / Grade 7 / Radio Lessons / Social Studies Junior School / Grade 7 / Radio Lessons / Pre-Technical Studies Junior School / Grade 7 / Interactive Digital Content Secondary Education Secondary Education / Form 1 Secondary Education / Form 1 / Interactive Digital Content Secondary Education / Form 1 / Educhannel Tv Lessons Secondary Education / Form 1 / Educhannel Tv Lessons / Mathematics Secondary Education / Form 1 / Educhannel Tv Lessons / English Secondary Education / Form 1 / Educhannel Tv Lessons / Physics Secondary Education / Form 1 / Educhannel Tv Lessons / Biology Secondary Education / Form 1 / Educhannel Tv Lessons / Chemistry Secondary Education / Form 1 / Educhannel Tv Lessons / Kiswahili Secondary Education / Form 1 / Educhannel Tv Lessons / History and Government Secondary Education / Form 1 / Educhannel Tv Lessons / Business Studies Secondary Education / Form 1 / Radio Lessons Secondary Education / Form 1 / Ebooks Secondary Education / Form 2 Secondary Education / Form 2 / Interactive Digital Content Secondary Education / Form 2 / Educhannel Tv Lessons Secondary Education / Form 2 / Educhannel Tv Lessons / Physics Secondary Education / Form 2 / Radio Lessons Secondary Education / Form 2 / Radio Lessons / Biology Secondary Education / Form 3 Secondary Education / Form 3 / Interactive Digital Content Secondary Education / Form 3 / Educhannel Tv Lessons Secondary Education / Form 3 / Educhannel Tv Lessons / Mathematics Secondary Education / Form 3 / Educhannel Tv Lessons / English Secondary Education / Form 3 / Educhannel Tv Lessons / Kiswahili Secondary Education / Form 3 / Educhannel Tv Lessons / Biology Secondary Education / Form 3 / Educhannel Tv Lessons / Chemistry Secondary Education / Form 3 / Educhannel Tv Lessons / Physics Secondary Education / Form 3 / Educhannel Tv Lessons / Business Studies Secondary Education / Form 3 / Educhannel Tv Lessons / History and Government Secondary Education / Form 3 / Radio Lessons Secondary Education / Form 4 Secondary Education / Form 4 / Interactive Digital Content Secondary Education / Form 4 / Educhannel Tv Lessons Secondary Education / Form 4 / Educhannel Tv Lessons / Form 4 Mathematics Secondary Education / Form 4 / Educhannel Tv Lessons / Form 4 English Secondary Education / Form 4 / Educhannel Tv Lessons / Form 4 Physics Secondary Education / Form 4 / Educhannel Tv Lessons / Form 4 Biology Secondary Education / Form 4 / Educhannel Tv Lessons / Form 4 Kiswahili Secondary Education / Form 4 / Educhannel Tv Lessons / Form 4 Chemistry Secondary Education / Form 4 / Educhannel Tv Lessons / Form 4 History and Government Secondary Education / Form 4 / Educhannel Tv Lessons / Form 4 Business Studies Secondary Education / Form 4 / Radio Lessons Secondary Education / Form 4 / Radio Lessons / Mathematics Secondary Education / Form 4 / Radio Lessons / Mathematics / Form 4 Term 1 Secondary Education / Form 4 / Radio Lessons / Mathematics / Form 4 Term 2 Secondary Education / Form 4 / Radio Lessons / Mathematics / Form 4 Term 3 General Knowledge General Knowledge / VOA Connect General Knowledge / Ask the expert General Knowledge / Citizenship and Democracy General Knowledge / Digital Story General Knowledge / Impacted Educhannel Lessons Educhannel Lessons / English Educhannel Lessons / English / Transport and travel Educhannel Lessons / English / Pronunciation skills Educhannel Lessons / English / Listening and speaking Educhannel Lessons / English / Family Educhannel Lessons / English / Environment Educhannel Lessons / English / Drug and Substance Educhannel Lessons / Agriculture Educhannel Lessons / Biology Educhannel Lessons / Biology / Living Things Educhannel Lessons / Biology / Secretion and homeostasis Educhannel Lessons / Biology / Support and movement Educhannel Lessons / Business Studies Educhannel Lessons / Chemistry Educhannel Lessons / Earth Movement and Volcanicity Educhannel Lessons / Environmental Activities Educhannel Lessons / Geograpghy Educhannel Lessons / History Educhannel Lessons / History / Kenyan History Educhannel Lessons / Homescience Educhannel Lessons / Homescience / Basic care clothing Educhannel Lessons / Kiswahili Educhannel Lessons / Kiswahili / Primary Educhannel Lessons / Kiswahili / Primary / Darasa 4-5 Educhannel Lessons / Kiswahili / Secondary Educhannel Lessons / Kiswahili / Secondary / Isimu Jamii Educhannel Lessons / Kiswahili / Secondary / Sarufi Educhannel Lessons / Mathematics Educhannel Lessons / Mathematics / Secondary Educhannel Lessons / Mathematics / Secondary / Commercial Arithmetics Educhannel Lessons / Mathematics / Primary Educhannel Lessons / Mathematics / Primary / Class 5-8 Educhannel Lessons / Mathematics / Primary / Class 5-8 / Practical uses of Money Educhannel Lessons / Mathematics / Primary / Class 5-8 / Measurement Educhannel Lessons / Organic Chemistry Educhannel Lessons / Performing Music Educhannel Lessons / Homescience Educhannel Lessons / Homescience / Basic care of clothing Educhannel Lessons / Art and Craft Educhannel Lessons / Physics Educhannel Lessons / Physics / Thermodynamics Educhannel Lessons / Physics / Mechanics Educhannel Lessons / Physics / Electricity and Magnetism Educhannel Lessons / The Doyen Exposition Educhannel Lessons / Science Educhannel Lessons / Science / Making work easier Educhannel Lessons / Science / Living Things Educhannel Lessons / Science / Energy conservation Educhannel Lessons / Physical and Health Education Educhannel Lessons / Physical and Health Education / Grade 1-4 Open Education Resourses(OERs) Open Education Resourses(OERs) / Movement and Creative Activities Open Education Resourses(OERs) / 	Religious Education Activities Open Education Resourses(OERs) / Mathematical Activities Open Education Resourses(OERs) / Environmental Activities Open Education Resourses(OERs) / Kiswahili Language Open Education Resourses(OERs) / LTK | Concordia University Open Education Resourses(OERs) / Hygiene and Nutrition Open Education Resourses(OERs) / ENGLISH LANGUAGE ACTIVITIES Open Education Resourses(OERs) / Casio Materials Open Education Resourses(OERs) / Health Education Open Education Resourses(OERs) / Carbon Literacy Special Needs Education Special Needs Education / Grade 1 Special Needs Education / Grade 1 / Adapted Interactive Digital Content for Hearing Impaired(HI) Special Needs Education / Grade 1 / Adapted Interactive Digital Content for Hearing Impaired(HI) / English Activities Special Needs Education / Grade 1 / Adapted Interactive Digital Content for Hearing Impaired(HI) / Environmental Activities Special Needs Education / Grade 1 / Adapted Interactive Digital Content for Hearing Impaired(HI) / Creative Activities Special Needs Education / Grade 1 / Adapted Interactive Digital Content for Visual Impaired(VI) Special Needs Education / Grade 2 Special Needs Education / Grade 2 / Adapted Interactive Digital Content for Hearing Impaired(HI) Special Needs Education / Grade 2 / Adapted Interactive Digital Content for Hearing Impaired(HI) / Mathematics Grade 2 Special Needs Education / Grade 2 / Adapted Interactive Digital Content for Hearing Impaired(HI) / Environmental Activities Grade 2 Special Needs Education / Grade 2 / Adapted Interactive Digital Content for Hearing Impaired(HI) / Hygiene and Nutrition Grade 2 Special Needs Education / Grade 2 / Adapted Interactive Digital Content for Hearing Impaired(HI) / Christian Religious Education Grade 2 (HI) Special Needs Education / Grade 2 / Adapted Interactive Digital Content for Hearing Impaired(HI) / Literacy Activities Grade2 (HI) Special Needs Education / Grade 2 / Adapted Interactive Digital Content for Hearing Impaired(HI) / English Activities Grad2 H.I Special Needs Education / Grade 2 / Adapted Interactive Digital Content for Hearing Impaired(HI) / Creative Activities Grade2 -H.I Special Needs Education / Grade 2 / Adapted Interactive Digital Content for Visual Impaired(VI) Special Needs Education / Grade 2 / Adapted Interactive Digital Content for Visual Impaired(VI) / Mathematics Special Needs Education / Grade 2 / Adapted Interactive Digital Content for Visual Impaired(VI) / Kiswahili Special Needs Education / Grade 2 / Adapted Interactive Digital Content for Visual Impaired(VI) / English Special Needs Education / Grade 2 / Adapted Interactive Digital Content for Visual Impaired(VI) / Creative Activities Special Needs Education / Grade 2 / Adapted Interactive Digital Content for Visual Impaired(VI) / CRE Special Needs Education / Grade 3 Special Needs Education / Grade 3 / Adapted Interactive Digital Content for Learners with Hearing Impairment (HI) Special Needs Education / Grade 3 / Adapted Interactive Digital Content for Learners with Hearing Impairment (HI) / Visual Arts Special Needs Education / Grade 3 / Adapted Interactive Digital Content for Learners with Hearing Impairment (HI) / English Special Needs Education / Grade 3 / Adapted Interactive Digital Content for Learners with Hearing Impairment (HI) / Hygiene and Nutrition Special Needs Education / Grade 3 / Adapted Interactive Digital Content for Learners with Hearing Impairment (HI) / Music Special Needs Education / Grade 3 / Adapted Interactive Digital Content for Learners with Hearing Impairment (HI) / Mathematics Special Needs Education / Grade 3 / Adapted Interactive Digital Content for Learners with Hearing Impairment (HI) / Environmental Special Needs Education / Grade 3 / Adapted Interactive Digital Content for Learners with Hearing Impairment (HI) / CRE Special Needs Education / Grade 3 / Adapted Interactive Digital Content for Learners with Visual Impairment (VI) Special Needs Education / Grade 3 / Adapted Interactive Digital Content for Learners with Visual Impairment (VI) / Music Special Needs Education / Grade 3 / Adapted Interactive Digital Content for Learners with Visual Impairment (VI) / Mathematics Special Needs Education / Grade 3 / Adapted Interactive Digital Content for Learners with Visual Impairment (VI) / Visual Arts Special Needs Education / Grade 3 / Adapted Interactive Digital Content for Learners with Visual Impairment (VI) / Kiswahili Special Needs Education / Grade 3 / Adapted Interactive Digital Content for Learners with Visual Impairment (VI) / Hygiene and Nutrition Special Needs Education / Grade 3 / Adapted Interactive Digital Content for Learners with Visual Impairment (VI) / Environmental Special Needs Education / Grade 3 / Adapted Interactive Digital Content for Learners with Visual Impairment (VI) / English Special Needs Education / Grade 3 / Adapted Interactive Digital Content for Learners with Visual Impairment (VI) / CRE Special Needs Education / Grade 4 Special Needs Education / Grade 4 / Adapted Interactive Digital Content for Learners with Hearing Impairment (HI) Special Needs Education / Grade 4 / Adapted Interactive Digital Content for Learners with Hearing Impairment (HI) / Mathematics Special Needs Education / Grade 4 / Adapted Interactive Digital Content for Learners with Hearing Impairment (HI) / English Special Needs Education / Grade 4 / Adapted Interactive Digital Content for Learners with Hearing Impairment (HI) / Science and Technology Special Needs Education / Grade 4 / Adapted Interactive Digital Content for Learners with Hearing Impairment (HI) / Agriculture Special Needs Education / Grade 4 / Adapted Interactive Digital Content for Learners with Hearing Impairment (HI) / Social Studies Special Needs Education / Grade 4 / Adapted Interactive Digital Content for Learners with Hearing Impairment (HI) / Home Science Special Needs Education / Grade 4 / Adapted Interactive Digital Content for Learners with Hearing Impairment (HI) / Art and Craft Special Needs Education / Grade 4 / Adapted Interactive Digital Content for Learners with Hearing Impairment (HI) / Music Special Needs Education / Grade 4 / Adapted Interactive Digital Content for Learners with Hearing Impairment (HI) / Christian Religious Education (CRE) Special Needs Education / Grade 4 / Adapted Interactive Digital Content for Learners with Visual Impairment (VI) Special Needs Education / Grade 4 / Adapted Interactive Digital Content for Learners with Visual Impairment (VI) / Mathematics Special Needs Education / Grade 4 / Adapted Interactive Digital Content for Learners with Visual Impairment (VI) / English Special Needs Education / Grade 4 / Adapted Interactive Digital Content for Learners with Visual Impairment (VI) / Kiswahili Special Needs Education / Grade 4 / Adapted Interactive Digital Content for Learners with Visual Impairment (VI) / Science and Technology Special Needs Education / Grade 4 / Adapted Interactive Digital Content for Learners with Visual Impairment (VI) / Agriculture Special Needs Education / Grade 4 / Adapted Interactive Digital Content for Learners with Visual Impairment (VI) / Social Studies Special Needs Education / Grade 4 / Adapted Interactive Digital Content for Learners with Visual Impairment (VI) / Home Science Special Needs Education / Grade 4 / Adapted Interactive Digital Content for Learners with Visual Impairment (VI) / Art and Craft Special Needs Education / Grade 4 / Adapted Interactive Digital Content for Learners with Visual Impairment (VI) / Christian Religious Education (CRE) Special Needs Education / Grade 4 / Adapted Interactive Digital Content for Learners with Visual Impairment (VI) / Music Special Needs Education / Grade 5 Special Needs Education / Grade 5 / Adapted Interactive Digital Content for Learners with Hearing Impairment (HI) Special Needs Education / Grade 5 / Adapted Interactive Digital Content for Learners with Hearing Impairment (HI) / English Special Needs Education / Grade 5 / Adapted Interactive Digital Content for Learners with Hearing Impairment (HI) / Christian Religious Education Special Needs Education / Grade 5 / Adapted Interactive Digital Content for Learners with Hearing Impairment (HI) / Social Studies Special Needs Education / Grade 5 / Adapted Interactive Digital Content for Learners with Hearing Impairment (HI) / Agriculture and Nutrition Special Needs Education / Grade 5 / Adapted Interactive Digital Content for Learners with Hearing Impairment (HI) / Creative Arts Special Needs Education / Grade 5 / Adapted Interactive Digital Content for Learners with Hearing Impairment (HI) / Mathematics Special Needs Education / Grade 5 / Adapted Interactive Digital Content for Learners with Hearing Impairment (HI) / Science and Technology Special Needs Education / Grade 5 / Adapted Interactive Digital Content for Learners with Hearing Impairment (HI) / Islamic Religious Education Special Needs Education / Grade 5 / Adapted Interactive Digital Content for Learners with Visual Impairment (VI) Special Needs Education / Grade 5 / Adapted Interactive Digital Content for Learners with Visual Impairment (VI) / Creative Arts Special Needs Education / Grade 5 / Adapted Interactive Digital Content for Learners with Visual Impairment (VI) / Social Studies Special Needs Education / Grade 5 / Adapted Interactive Digital Content for Learners with Visual Impairment (VI) / Kiswahili Special Needs Education / Grade 5 / Adapted Interactive Digital Content for Learners with Visual Impairment (VI) / Christian Religious Education Special Needs Education / Grade 5 / Adapted Interactive Digital Content for Learners with Visual Impairment (VI) / Science and Technology Special Needs Education / Grade 5 / Adapted Interactive Digital Content for Learners with Visual Impairment (VI) / Agriculture and Nutrition Special Needs Education / Grade 5 / Adapted Interactive Digital Content for Learners with Visual Impairment (VI) / Islamic Religious Education Special Needs Education / Grade 5 / Adapted Interactive Digital Content for Learners with Visual Impairment (VI) / Mathematics Special Needs Education / Grade 5 / Adapted Interactive Digital Content for Learners with Visual Impairment (VI) / English Special Needs Education / Grade 6 Special Needs Education / Grade 6 / Adapted Interactive Digital Content for Learners with Hearing Impairment (HI) Special Needs Education / Grade 6 / Adapted Interactive Digital Content for Learners with Hearing Impairment (HI) / Science and Technology Special Needs Education / Grade 6 / Adapted Interactive Digital Content for Learners with Hearing Impairment (HI) / Christian Religious Education Special Needs Education / Grade 6 / Adapted Interactive Digital Content for Learners with Hearing Impairment (HI) / Creative Arts Special Needs Education / Grade 6 / Adapted Interactive Digital Content for Learners with Hearing Impairment (HI) / Islamic Religious Education Special Needs Education / Grade 6 / Adapted Interactive Digital Content for Learners with Hearing Impairment (HI) / English Special Needs Education / Grade 6 / Adapted Interactive Digital Content for Learners with Hearing Impairment (HI) / Social Studies Special Needs Education / Grade 6 / Adapted Interactive Digital Content for Learners with Hearing Impairment (HI) / Agriculture Special Needs Education / Grade 6 / Adapted Interactive Digital Content for Learners with Hearing Impairment (HI) / Mathematics Special Needs Education / Grade 6 / Adapted Interactive Digital Content for Learners with Visual Impairment (VI) Special Needs Education / Grade 6 / Adapted Interactive Digital Content for Learners with Visual Impairment (VI) / Christian Religious Education Special Needs Education / Grade 6 / Adapted Interactive Digital Content for Learners with Visual Impairment (VI) / Kiswahili Special Needs Education / Grade 6 / Adapted Interactive Digital Content for Learners with Visual Impairment (VI) / English Special Needs Education / Grade 6 / Adapted Interactive Digital Content for Learners with Visual Impairment (VI) / Creative Arts Special Needs Education / Grade 6 / Adapted Interactive Digital Content for Learners with Visual Impairment (VI) / Mathematics Special Needs Education / Grade 6 / Adapted Interactive Digital Content for Learners with Visual Impairment (VI) / Science and Technology Special Needs Education / Grade 6 / Adapted Interactive Digital Content for Learners with Visual Impairment (VI) / Islamic Religious Education Special Needs Education / Grade 6 / Adapted Interactive Digital Content for Learners with Visual Impairment (VI) / Social Studies Special Needs Education / Grade 6 / Adapted Interactive Digital Content for Learners with Visual Impairment (VI) / Agriculture and Nutrition Special Needs Education / Ebooks Special Needs Education / Videos Special Needs Education / Foundational and Stage-Based Special Needs Education / Prevocational Level Special Needs Education / Prevocational Level / Music Special Needs Education / Prevocational Level / Hindu Religious Education Special Needs Education / Prevocational Level / Christian Religious Education Special Needs Education / Prevocational Level / Physical Education Special Needs Education / Prevocational Level / Islamic Religious Education Special Needs Education / Prevocational Level / Social Studies Special Needs Education / Prevocational Level / Prevocational Skills 1 Special Needs Education / Prevocational Level / Prevocational Skills 2 Special Needs Education / Prevocational Level / Prevocational Skills 3 Accessible Digital Textbooks Interactive Simulations for Sciences and Mathematics Interactive Simulations for Sciences and Mathematics / Physics Interactive Simulations for Sciences and Mathematics / Chemistry Interactive Simulations for Sciences and Mathematics / Mathematics Information, Education and Communication(IEC) Materials Information, Education and Communication(IEC) Materials / Child Online Safety Information, Education and Communication(IEC) Materials / Child Road Safety Information, Education and Communication(IEC) Materials / Child Road Safety / Integration Matrices Information, Education and Communication(IEC) Materials / Child Road Safety / Integration Matrices / Early Years Education Information, Education and Communication(IEC) Materials / Child Road Safety / Integration Matrices / Upper Primary Information, Education and Communication(IEC) Materials / Child Road Safety / Integration Matrices / Junior School Information, Education and Communication(IEC) Materials / Child Road Safety / Integration Matrices / Senior School Information, Education and Communication(IEC) Materials / Child Road Safety / Information, Education and Communication(IEC) Materials on Child Road Safety Information, Education and Communication(IEC) Materials / Child Road Safety / Information, Education and Communication(IEC) Materials on Child Road Safety / Early Years Education Information, Education and Communication(IEC) Materials / Child Road Safety / Information, Education and Communication(IEC) Materials on Child Road Safety / Upper Primary Information, Education and Communication(IEC) Materials / Child Road Safety / Information, Education and Communication(IEC) Materials on Child Road Safety / Junior School Information, Education and Communication(IEC) Materials / Child Road Safety / Information, Education and Communication(IEC) Materials on Child Road Safety / Senior School Information, Education and Communication(IEC) Materials / Child Road Safety / Teacher's Handbook Information, Education and Communication(IEC) Materials / Financial Literacy Learners’ Toolkit Teacher Resources Teacher Resources / Educational Resources Materials Development Teacher Resources / Educational Resources Materials Development / CRE Teacher Resources / Educational Resources Materials Development / English Teacher Resources / Educational Resources Materials Development / Environment Teacher Resources / Educational Resources Materials Development / Foundations Teacher Resources / Educational Resources Materials Development / H.R.E Teacher Resources / Educational Resources Materials Development / Hygiene and Nutrition Teacher Resources / Educational Resources Materials Development / I.R.E Teacher Resources / Educational Resources Materials Development / Kiswahili Teacher Resources / Educational Resources Materials Development / Language Activities Teacher Resources / Educational Resources Materials Development / Literacy Skills Teacher Resources / Educational Resources Materials Development / Mathematics Teacher Resources / Educational Resources Materials Development / Movements and Arts Teacher Resources / Pre-Primary Teacher Radio Programmes Teacher Resources / CBC Courses Teacher Resources / Special Needs Educations Teacher Resources / Interactive Digital Content for Teacher Education Teacher Resources / Interactive Digital Content for Teacher Education / English Teacher Resources / Interactive Digital Content for Teacher Education / Music Teacher Resources / Interactive Digital Content for Teacher Education / Christian Religious Education Teacher Resources / Interactive Digital Content for Teacher Education / Art and Craft Teacher Resources / Interactive Digital Content for Teacher Education / Indigenous Languages Teacher Resources / Interactive Digital Content for Teacher Education / Home science Teacher Resources / Interactive Digital Content for Teacher Education / Science and Technology Teacher Resources / Interactive Digital Content for Teacher Education / Islamic Religious Education Teacher Resources / Interactive Digital Content for Teacher Education / Mandarin Teacher Resources / Interactive Digital Content for Teacher Education / Agriculture Teacher Resources / Interactive Digital Content for Teacher Education / Mathematics Teacher Resources / Interactive Digital Content for Teacher Education / French Teacher Resources / Interactive Digital Content for Teacher Education / Hindu Religious Education Teacher Resources / Interactive Digital Content for Teacher Education / Social Studies Teacher Resources / Interactive Digital Content for Teacher Education / Kiswahili Teacher Resources / Interactive Digital Content for Teacher Education / Physical Education Teacher Resources / Interactive Digital Content for Teacher Education / Arabic Parental Resources Financial Literacy Financial Literacy / Financial Literacy for Junior School Financial Literacy / Financial Literacy for Junior School / Taxation Financial Literacy / Financial Literacy for Senior School Financial Literacy / Financial Literacy for Senior School / Taxation Search lessons Search Expand allInteractive Digital ContentEduchannel Tv Lessons Radio Lessons Interactive Digital ContentEduchannel Tv Lessons Radio Lessons Digital Content | Kenya Education Cloud | Unlimited Learning Experiences Skip to main content (Login) Form 2 Home Lessons Secondary Education Form 2 Lesson categories: Pre-Primary Pre-Primary / Radio Lessons Pre-Primary / Educhannel Video Lessons Pre-Primary / Educhannel Video Lessons / Language Activities Pre-Primary / Educhannel Video Lessons / Mathematics Pre-Primary / Educhannel Video Lessons / Our School Pre-Primary / Educhannel Video Lessons / Picture Making Pre-Primary / Educhannel Video Lessons / Social Environment Pre-Primary / Educhannel Video Lessons / Pre-Primary 1 Pre-Primary / Educhannel Video Lessons / Pre-Primary 2 Pre-Primary / Interactive digital Content Pre-Primary / Ebooks Primary Education Primary Education / Grade 1 Primary Education / Grade 1 / Educhannel TV Lessons Primary Education / Grade 1 / Educhannel TV Lessons / English Primary Education / Grade 1 / Educhannel TV Lessons / Mathematics Primary Education / Grade 1 / Educhannel TV Lessons / Kiswahili Primary Education / Grade 1 / Educhannel TV Lessons / Kenya Sign Language(KSL) Primary Education / Grade 1 / Educhannel TV Lessons / Hygiene and nutrition Primary Education / Grade 1 / Educhannel TV Lessons / Environmental Activities Primary Education / Grade 1 / Interactive Digital Content Primary Education / Grade 1 / Radio Lessons Primary Education / Grade 1 / Radio Lessons / Mathematics Primary Education / Grade 1 / Radio Lessons / Mathematics / Grade 1 Term 2 Primary Education / Grade 1 / Radio Lessons / Mathematics / Grade 1 Term 3 Primary Education / Grade 1 / Radio Lessons / Kiswahili Primary Education / Grade 1 / Radio Lessons / Kiswahili / Grade 1 Term 2 Primary Education / Grade 1 / Radio Lessons / Kiswahili / Grade 1 Term 3 Primary Education / Grade 1 / Radio Lessons / English Primary Education / Grade 1 / Radio Lessons / English / Grade 1 Term 2 Primary Education / Grade 1 / Radio Lessons / English / Grade 1 Term 3 Primary Education / Grade 1 / Ebooks Primary Education / Grade 1 / Ebooks / Tusome readers Primary Education / Grade 1 / Ebooks / Indigenous Languages Primary Education / Grade 2 Primary Education / Grade 2 / Interactive Digital Content Primary Education / Grade 2 / Educhannel Tv Lessons Primary Education / Grade 2 / Educhannel Tv Lessons / Mathematics Primary Education / Grade 2 / Educhannel Tv Lessons / English Primary Education / Grade 2 / Radio Lessons Primary Education / Grade 2 / Radio Lessons / Mathematics Primary Education / Grade 2 / Radio Lessons / Mathematics / Grade 2 Term 2 Primary Education / Grade 2 / Radio Lessons / English Primary Education / Grade 2 / Radio Lessons / English / Grade 2 Term 2 Primary Education / Grade 2 / Radio Lessons / English / Grade 2 Term 3 Primary Education / Grade 2 / Radio Lessons / Kiswahili Primary Education / Grade 2 / Radio Lessons / Kiswahili / Grade 2 Term 3 Primary Education / Grade 2 / Hygiene and Nutrition Primary Education / Grade 2 / Hygiene and Nutrition / Grade 2 Term 2 Primary Education / Grade 2 / E-books Primary Education / Grade 2 / E-books / Tusome Readers Primary Education / Grade 3 Primary Education / Grade 3 / Radio Lessons Primary Education / Grade 3 / Radio Lessons / Mathematics Primary Education / Grade 3 / Radio Lessons / Mathematics / Grade 3 Term 2 Primary Education / Grade 3 / Radio Lessons / Mathematics / Grade 3 Term 3 Primary Education / Grade 3 / Radio Lessons / English Primary Education / Grade 3 / Radio Lessons / English / Grade 3 Term 2 Primary Education / Grade 3 / Radio Lessons / English / Grade 3 Term 3 Primary Education / Grade 3 / Radio Lessons / Environmental Activities Primary Education / Grade 3 / Radio Lessons / Environmental Activities / Grade 3 Term 2 Primary Education / Grade 3 / Radio Lessons / Kiswahili Primary Education / Grade 3 / Radio Lessons / Kiswahili / Grade 3 Term 3 Primary Education / Grade 3 / Educhannel TV Lessons Primary Education / Grade 3 / Educhannel TV Lessons / Mathematics Primary Education / Grade 3 / Educhannel TV Lessons / English Primary Education / Grade 3 / Educhannel TV Lessons / Kiswahili Primary Education / Grade 3 / Educhannel TV Lessons / Hygiene and Nutrition Primary Education / Grade 3 / Educhannel TV Lessons / Environmental Activities Primary Education / Grade 3 / Interactive Digital Content Primary Education / Grade 3 / EBooks Primary Education / Grade 3 / Tusome English Video Lessons Primary Education / Grade 3 / Tusome English Video Lessons / Tusome English Grade 3 Lessons Primary Education / Grade 4 Primary Education / Grade 4 / Educhannel Tv Lessons Primary Education / Grade 4 / Educhannel Tv Lessons / Home Science Primary Education / Grade 4 / Educhannel Tv Lessons / Agriculture Primary Education / Grade 4 / Educhannel Tv Lessons / Music Primary Education / Grade 4 / Educhannel Tv Lessons / Physical Education Primary Education / Grade 4 / Educhannel Tv Lessons / Art and Craft Primary Education / Grade 4 / Educhannel Tv Lessons / Kenya Sign Language Primary Education / Grade 4 / Educhannel Tv Lessons / Mathematics Primary Education / Grade 4 / Educhannel Tv Lessons / Science and Technology Primary Education / Grade 4 / Educhannel Tv Lessons / Social Studies Primary Education / Grade 4 / Educhannel Tv Lessons / English Primary Education / Grade 4 / Educhannel Tv Lessons / Kiswahili Primary Education / Grade 4 / Educhannel Tv Lessons / Environmental Activity Primary Education / Grade 4 / Radio lessons Primary Education / Grade 4 / Radio lessons / Social Studies Primary Education / Grade 4 / Radio lessons / Social Studies / Grade 4 Term 2 Primary Education / Grade 4 / Radio lessons / Social Studies / Grade 4 Term 3 Primary Education / Grade 4 / Radio lessons / CRE Primary Education / Grade 4 / Radio lessons / CRE / Grade 4 Term 2 Primary Education / Grade 4 / Radio lessons / English Primary Education / Grade 4 / Radio lessons / English / Grade 4 Term 2 Primary Education / Grade 4 / Radio lessons / English / Grade 4 Term 3 Primary Education / Grade 4 / Radio lessons / Hygiene and Nutrition Primary Education / Grade 4 / Radio lessons / Hygiene and Nutrition / Grade 4 Term 1 Primary Education / Grade 4 / Radio lessons / IRE Primary Education / Grade 4 / Radio lessons / IRE / Grade 4 Term 2 Primary Education / Grade 4 / Radio lessons / Science and Technology Primary Education / Grade 4 / Radio lessons / Science and Technology / Grade 4 Term 3 Primary Education / Grade 4 / Radio lessons / Agriculture Primary Education / Grade 4 / Radio lessons / Agriculture / Grade 4 Term 3 Primary Education / Grade 4 / Radio lessons / Mathematics Primary Education / Grade 4 / Radio lessons / Mathematics / Grade 4 Term 3 Primary Education / Grade 4 / SNE Primary Education / Grade 4 / Interactive Digital Content Primary Education / Grade 5 Primary Education / Grade 5 / Educhannel Tv Lessons Primary Education / Grade 5 / Educhannel Tv Lessons / English Primary Education / Grade 5 / Educhannel Tv Lessons / Kiswahili Primary Education / Grade 5 / Educhannel Tv Lessons / Mathematics Primary Education / Grade 5 / Radio Lessons Primary Education / Grade 5 / Radio Lessons / English Primary Education / Grade 5 / Radio Lessons / Science and Technology Primary Education / Grade 5 / Radio Lessons / Agriculture Primary Education / Grade 5 / Radio Lessons / Social studies Primary Education / Grade 5 / Radio Lessons / Christian Religious Education Primary Education / Grade 5 / Radio Lessons / Mathematics Primary Education / Grade 5 / Interactive Digital Content Primary Education / Grade 6 Primary Education / Grade 6 / Radio Lessons Primary Education / Grade 6 / Radio Lessons / CRE Primary Education / Grade 6 / Radio Lessons / Social Studies Primary Education / Grade 6 / Radio Lessons / Science Primary Education / Grade 6 / Radio Lessons / Kiswahili Primary Education / Grade 6 / Radio Lessons / English Primary Education / Grade 6 / Radio Lessons / Mathematics Primary Education / Grade 6 / Educhannel TV Lessons Primary Education / Grade 6 / Educhannel TV Lessons / Kiswahili Primary Education / Grade 6 / Educhannel TV Lessons / Agriculture Primary Education / Grade 6 / Educhannel TV Lessons / Art and Craft Primary Education / Grade 6 / Educhannel TV Lessons / English Primary Education / Grade 6 / Educhannel TV Lessons / Home Science Primary Education / Grade 6 / Educhannel TV Lessons / Music Primary Education / Grade 6 / Educhannel TV Lessons / Science and technology Primary Education / Grade 6 / Educhannel TV Lessons / Physical health education Primary Education / Grade 6 / Interactive Digital Content Junior School Junior School / Grade 8 Junior School / Grade 8 / Educhannel Tv Lessons Junior School / Grade 8 / Radio Lessons Junior School / Grade 8 / Interactive Digital Content Junior School / Grade 7 Junior School / Grade 7 / Educhannel TV lessons Junior School / Grade 7 / Radio Lessons Junior School / Grade 7 / Radio Lessons / Mathematics Junior School / Grade 7 / Radio Lessons / Kiswahili Junior School / Grade 7 / Radio Lessons / English Junior School / Grade 7 / Radio Lessons / Christian Religious Education Junior School / Grade 7 / Radio Lessons / Integrated Science Junior School / Grade 7 / Radio Lessons / Social Studies Junior School / Grade 7 / Radio Lessons / Pre-Technical Studies Junior School / Grade 7 / Interactive Digital Content Secondary Education Secondary Education / Form 1 Secondary Education / Form 1 / Interactive Digital Content Secondary Education / Form 1 / Educhannel Tv Lessons Secondary Education / Form 1 / Educhannel Tv Lessons / Mathematics Secondary Education / Form 1 / Educhannel Tv Lessons / English Secondary Education / Form 1 / Educhannel Tv Lessons / Physics Secondary Education / Form 1 / Educhannel Tv Lessons / Biology Secondary Education / Form 1 / Educhannel Tv Lessons / Chemistry Secondary Education / Form 1 / Educhannel Tv Lessons / Kiswahili Secondary Education / Form 1 / Educhannel Tv Lessons / History and Government Secondary Education / Form 1 / Educhannel Tv Lessons / Business Studies Secondary Education / Form 1 / Radio Lessons Secondary Education / Form 1 / Ebooks Secondary Education / Form 2 Secondary Education / Form 2 / Interactive Digital Content Secondary Education / Form 2 / Educhannel Tv Lessons Secondary Education / Form 2 / Educhannel Tv Lessons / Physics Secondary Education / Form 2 / Radio Lessons Secondary Education / Form 2 / Radio Lessons / Biology Secondary Education / Form 3 Secondary Education / Form 3 / Interactive Digital Content Secondary Education / Form 3 / Educhannel Tv Lessons Secondary Education / Form 3 / Educhannel Tv Lessons / Mathematics Secondary Education / Form 3 / Educhannel Tv Lessons / English Secondary Education / Form 3 / Educhannel Tv Lessons / Kiswahili Secondary Education / Form 3 / Educhannel Tv Lessons / Biology Secondary Education / Form 3 / Educhannel Tv Lessons / Chemistry Secondary Education / Form 3 / Educhannel Tv Lessons / Physics Secondary Education / Form 3 / Educhannel Tv Lessons / Business Studies Secondary Education / Form 3 / Educhannel Tv Lessons / History and Government Secondary Education / Form 3 / Radio Lessons Secondary Education / Form 4 Secondary Education / Form 4 / Interactive Digital Content Secondary Education / Form 4 / Educhannel Tv Lessons Secondary Education / Form 4 / Educhannel Tv Lessons / Form 4 Mathematics Secondary Education / Form 4 / Educhannel Tv Lessons / Form 4 English Secondary Education / Form 4 / Educhannel Tv Lessons / Form 4 Physics Secondary Education / Form 4 / Educhannel Tv Lessons / Form 4 Biology Secondary Education / Form 4 / Educhannel Tv Lessons / Form 4 Kiswahili Secondary Education / Form 4 / Educhannel Tv Lessons / Form 4 Chemistry Secondary Education / Form 4 / Educhannel Tv Lessons / Form 4 History and Government Secondary Education / Form 4 / Educhannel Tv Lessons / Form 4 Business Studies Secondary Education / Form 4 / Radio Lessons Secondary Education / Form 4 / Radio Lessons / Mathematics Secondary Education / Form 4 / Radio Lessons / Mathematics / Form 4 Term 1 Secondary Education / Form 4 / Radio Lessons / Mathematics / Form 4 Term 2 Secondary Education / Form 4 / Radio Lessons / Mathematics / Form 4 Term 3 General Knowledge General Knowledge / VOA Connect General Knowledge / Ask the expert General Knowledge / Citizenship and Democracy General Knowledge / Digital Story General Knowledge / Impacted Educhannel Lessons Educhannel Lessons / English Educhannel Lessons / English / Transport and travel Educhannel Lessons / English / Pronunciation skills Educhannel Lessons / English / Listening and speaking Educhannel Lessons / English / Family Educhannel Lessons / English / Environment Educhannel Lessons / English / Drug and Substance Educhannel Lessons / Agriculture Educhannel Lessons / Biology Educhannel Lessons / Biology / Living Things Educhannel Lessons / Biology / Secretion and homeostasis Educhannel Lessons / Biology / Support and movement Educhannel Lessons / Business Studies Educhannel Lessons / Chemistry Educhannel Lessons / Earth Movement and Volcanicity Educhannel Lessons / Environmental Activities Educhannel Lessons / Geograpghy Educhannel Lessons / History Educhannel Lessons / History / Kenyan History Educhannel Lessons / Homescience Educhannel Lessons / Homescience / Basic care clothing Educhannel Lessons / Kiswahili Educhannel Lessons / Kiswahili / Primary Educhannel Lessons / Kiswahili / Primary / Darasa 4-5 Educhannel Lessons / Kiswahili / Secondary Educhannel Lessons / Kiswahili / Secondary / Isimu Jamii Educhannel Lessons / Kiswahili / Secondary / Sarufi Educhannel Lessons / Mathematics Educhannel Lessons / Mathematics / Secondary Educhannel Lessons / Mathematics / Secondary / Commercial Arithmetics Educhannel Lessons / Mathematics / Primary Educhannel Lessons / Mathematics / Primary / Class 5-8 Educhannel Lessons / Mathematics / Primary / Class 5-8 / Practical uses of Money Educhannel Lessons / Mathematics / Primary / Class 5-8 / Measurement Educhannel Lessons / Organic Chemistry Educhannel Lessons / Performing Music Educhannel Lessons / Homescience Educhannel Lessons / Homescience / Basic care of clothing Educhannel Lessons / Art and Craft Educhannel Lessons / Physics Educhannel Lessons / Physics / Thermodynamics Educhannel Lessons / Physics / Mechanics Educhannel Lessons / Physics / Electricity and Magnetism Educhannel Lessons / The Doyen Exposition Educhannel Lessons / Science Educhannel Lessons / Science / Making work easier Educhannel Lessons / Science / Living Things Educhannel Lessons / Science / Energy conservation Educhannel Lessons / Physical and Health Education Educhannel Lessons / Physical and Health Education / Grade 1-4 Open Education Resourses(OERs) Open Education Resourses(OERs) / Movement and Creative Activities Open Education Resourses(OERs) / 	Religious Education Activities Open Education Resourses(OERs) / Mathematical Activities Open Education Resourses(OERs) / Environmental Activities Open Education Resourses(OERs) / Kiswahili Language Open Education Resourses(OERs) / LTK | Concordia University Open Education Resourses(OERs) / Hygiene and Nutrition Open Education Resourses(OERs) / ENGLISH LANGUAGE ACTIVITIES Open Education Resourses(OERs) / Casio Materials Open Education Resourses(OERs) / Health Education Open Education Resourses(OERs) / Carbon Literacy Special Needs Education Special Needs Education / Grade 1 Special Needs Education / Grade 1 / Adapted Interactive Digital Content for Hearing Impaired(HI) Special Needs Education / Grade 1 / Adapted Interactive Digital Content for Hearing Impaired(HI) / English Activities Special Needs Education / Grade 1 / Adapted Interactive Digital Content for Hearing Impaired(HI) / Environmental Activities Special Needs Education / Grade 1 / Adapted Interactive Digital Content for Hearing Impaired(HI) / Creative Activities Special Needs Education / Grade 1 / Adapted Interactive Digital Content for Visual Impaired(VI) Special Needs Education / Grade 2 Special Needs Education / Grade 2 / Adapted Interactive Digital Content for Hearing Impaired(HI) Special Needs Education / Grade 2 / Adapted Interactive Digital Content for Hearing Impaired(HI) / Mathematics Grade 2 Special Needs Education / Grade 2 / Adapted Interactive Digital Content for Hearing Impaired(HI) / Environmental Activities Grade 2 Special Needs Education / Grade 2 / Adapted Interactive Digital Content for Hearing Impaired(HI) / Hygiene and Nutrition Grade 2 Special Needs Education / Grade 2 / Adapted Interactive Digital Content for Hearing Impaired(HI) / Christian Religious Education Grade 2 (HI) Special Needs Education / Grade 2 / Adapted Interactive Digital Content for Hearing Impaired(HI) / Literacy Activities Grade2 (HI) Special Needs Education / Grade 2 / Adapted Interactive Digital Content for Hearing Impaired(HI) / English Activities Grad2 H.I Special Needs Education / Grade 2 / Adapted Interactive Digital Content for Hearing Impaired(HI) / Creative Activities Grade2 -H.I Special Needs Education / Grade 2 / Adapted Interactive Digital Content for Visual Impaired(VI) Special Needs Education / Grade 2 / Adapted Interactive Digital Content for Visual Impaired(VI) / Mathematics Special Needs Education / Grade 2 / Adapted Interactive Digital Content for Visual Impaired(VI) / Kiswahili Special Needs Education / Grade 2 / Adapted Interactive Digital Content for Visual Impaired(VI) / English Special Needs Education / Grade 2 / Adapted Interactive Digital Content for Visual Impaired(VI) / Creative Activities Special Needs Education / Grade 2 / Adapted Interactive Digital Content for Visual Impaired(VI) / CRE Special Needs Education / Grade 3 Special Needs Education / Grade 3 / Adapted Interactive Digital Content for Learners with Hearing Impairment (HI) Special Needs Education / Grade 3 / Adapted Interactive Digital Content for Learners with Hearing Impairment (HI) / Visual Arts Special Needs Education / Grade 3 / Adapted Interactive Digital Content for Learners with Hearing Impairment (HI) / English Special Needs Education / Grade 3 / Adapted Interactive Digital Content for Learners with Hearing Impairment (HI) / Hygiene and Nutrition Special Needs Education / Grade 3 / Adapted Interactive Digital Content for Learners with Hearing Impairment (HI) / Music Special Needs Education / Grade 3 / Adapted Interactive Digital Content for Learners with Hearing Impairment (HI) / Mathematics Special Needs Education / Grade 3 / Adapted Interactive Digital Content for Learners with Hearing Impairment (HI) / Environmental Special Needs Education / Grade 3 / Adapted Interactive Digital Content for Learners with Hearing Impairment (HI) / CRE Special Needs Education / Grade 3 / Adapted Interactive Digital Content for Learners with Visual Impairment (VI) Special Needs Education / Grade 3 / Adapted Interactive Digital Content for Learners with Visual Impairment (VI) / Music Special Needs Education / Grade 3 / Adapted Interactive Digital Content for Learners with Visual Impairment (VI) / Mathematics Special Needs Education / Grade 3 / Adapted Interactive Digital Content for Learners with Visual Impairment (VI) / Visual Arts Special Needs Education / Grade 3 / Adapted Interactive Digital Content for Learners with Visual Impairment (VI) / Kiswahili Special Needs Education / Grade 3 / Adapted Interactive Digital Content for Learners with Visual Impairment (VI) / Hygiene and Nutrition Special Needs Education / Grade 3 / Adapted Interactive Digital Content for Learners with Visual Impairment (VI) / Environmental Special Needs Education / Grade 3 / Adapted Interactive Digital Content for Learners with Visual Impairment (VI) / English Special Needs Education / Grade 3 / Adapted Interactive Digital Content for Learners with Visual Impairment (VI) / CRE Special Needs Education / Grade 4 Special Needs Education / Grade 4 / Adapted Interactive Digital Content for Learners with Hearing Impairment (HI) Special Needs Education / Grade 4 / Adapted Interactive Digital Content for Learners with Hearing Impairment (HI) / Mathematics Special Needs Education / Grade 4 / Adapted Interactive Digital Content for Learners with Hearing Impairment (HI) / English Special Needs Education / Grade 4 / Adapted Interactive Digital Content for Learners with Hearing Impairment (HI) / Science and Technology Special Needs Education / Grade 4 / Adapted Interactive Digital Content for Learners with Hearing Impairment (HI) / Agriculture Special Needs Education / Grade 4 / Adapted Interactive Digital Content for Learners with Hearing Impairment (HI) / Social Studies Special Needs Education / Grade 4 / Adapted Interactive Digital Content for Learners with Hearing Impairment (HI) / Home Science Special Needs Education / Grade 4 / Adapted Interactive Digital Content for Learners with Hearing Impairment (HI) / Art and Craft Special Needs Education / Grade 4 / Adapted Interactive Digital Content for Learners with Hearing Impairment (HI) / Music Special Needs Education / Grade 4 / Adapted Interactive Digital Content for Learners with Hearing Impairment (HI) / Christian Religious Education (CRE) Special Needs Education / Grade 4 / Adapted Interactive Digital Content for Learners with Visual Impairment (VI) Special Needs Education / Grade 4 / Adapted Interactive Digital Content for Learners with Visual Impairment (VI) / Mathematics Special Needs Education / Grade 4 / Adapted Interactive Digital Content for Learners with Visual Impairment (VI) / English Special Needs Education / Grade 4 / Adapted Interactive Digital Content for Learners with Visual Impairment (VI) / Kiswahili Special Needs Education / Grade 4 / Adapted Interactive Digital Content for Learners with Visual Impairment (VI) / Science and Technology Special Needs Education / Grade 4 / Adapted Interactive Digital Content for Learners with Visual Impairment (VI) / Agriculture Special Needs Education / Grade 4 / Adapted Interactive Digital Content for Learners with Visual Impairment (VI) / Social Studies Special Needs Education / Grade 4 / Adapted Interactive Digital Content for Learners with Visual Impairment (VI) / Home Science Special Needs Education / Grade 4 / Adapted Interactive Digital Content for Learners with Visual Impairment (VI) / Art and Craft Special Needs Education / Grade 4 / Adapted Interactive Digital Content for Learners with Visual Impairment (VI) / Christian Religious Education (CRE) Special Needs Education / Grade 4 / Adapted Interactive Digital Content for Learners with Visual Impairment (VI) / Music Special Needs Education / Grade 5 Special Needs Education / Grade 5 / Adapted Interactive Digital Content for Learners with Hearing Impairment (HI) Special Needs Education / Grade 5 / Adapted Interactive Digital Content for Learners with Hearing Impairment (HI) / English Special Needs Education / Grade 5 / Adapted Interactive Digital Content for Learners with Hearing Impairment (HI) / Christian Religious Education Special Needs Education / Grade 5 / Adapted Interactive Digital Content for Learners with Hearing Impairment (HI) / Social Studies Special Needs Education / Grade 5 / Adapted Interactive Digital Content for Learners with Hearing Impairment (HI) / Agriculture and Nutrition Special Needs Education / Grade 5 / Adapted Interactive Digital Content for Learners with Hearing Impairment (HI) / Creative Arts Special Needs Education / Grade 5 / Adapted Interactive Digital Content for Learners with Hearing Impairment (HI) / Mathematics Special Needs Education / Grade 5 / Adapted Interactive Digital Content for Learners with Hearing Impairment (HI) / Science and Technology Special Needs Education / Grade 5 / Adapted Interactive Digital Content for Learners with Hearing Impairment (HI) / Islamic Religious Education Special Needs Education / Grade 5 / Adapted Interactive Digital Content for Learners with Visual Impairment (VI) Special Needs Education / Grade 5 / Adapted Interactive Digital Content for Learners with Visual Impairment (VI) / Creative Arts Special Needs Education / Grade 5 / Adapted Interactive Digital Content for Learners with Visual Impairment (VI) / Social Studies Special Needs Education / Grade 5 / Adapted Interactive Digital Content for Learners with Visual Impairment (VI) / Kiswahili Special Needs Education / Grade 5 / Adapted Interactive Digital Content for Learners with Visual Impairment (VI) / Christian Religious Education Special Needs Education / Grade 5 / Adapted Interactive Digital Content for Learners with Visual Impairment (VI) / Science and Technology Special Needs Education / Grade 5 / Adapted Interactive Digital Content for Learners with Visual Impairment (VI) / Agriculture and Nutrition Special Needs Education / Grade 5 / Adapted Interactive Digital Content for Learners with Visual Impairment (VI) / Islamic Religious Education Special Needs Education / Grade 5 / Adapted Interactive Digital Content for Learners with Visual Impairment (VI) / Mathematics Special Needs Education / Grade 5 / Adapted Interactive Digital Content for Learners with Visual Impairment (VI) / English Special Needs Education / Grade 6 Special Needs Education / Grade 6 / Adapted Interactive Digital Content for Learners with Hearing Impairment (HI) Special Needs Education / Grade 6 / Adapted Interactive Digital Content for Learners with Hearing Impairment (HI) / Science and Technology Special Needs Education / Grade 6 / Adapted Interactive Digital Content for Learners with Hearing Impairment (HI) / Christian Religious Education Special Needs Education / Grade 6 / Adapted Interactive Digital Content for Learners with Hearing Impairment (HI) / Creative Arts Special Needs Education / Grade 6 / Adapted Interactive Digital Content for Learners with Hearing Impairment (HI) / Islamic Religious Education Special Needs Education / Grade 6 / Adapted Interactive Digital Content for Learners with Hearing Impairment (HI) / English Special Needs Education / Grade 6 / Adapted Interactive Digital Content for Learners with Hearing Impairment (HI) / Social Studies Special Needs Education / Grade 6 / Adapted Interactive Digital Content for Learners with Hearing Impairment (HI) / Agriculture Special Needs Education / Grade 6 / Adapted Interactive Digital Content for Learners with Hearing Impairment (HI) / Mathematics Special Needs Education / Grade 6 / Adapted Interactive Digital Content for Learners with Visual Impairment (VI) Special Needs Education / Grade 6 / Adapted Interactive Digital Content for Learners with Visual Impairment (VI) / Christian Religious Education Special Needs Education / Grade 6 / Adapted Interactive Digital Content for Learners with Visual Impairment (VI) / Kiswahili Special Needs Education / Grade 6 / Adapted Interactive Digital Content for Learners with Visual Impairment (VI) / English Special Needs Education / Grade 6 / Adapted Interactive Digital Content for Learners with Visual Impairment (VI) / Creative Arts Special Needs Education / Grade 6 / Adapted Interactive Digital Content for Learners with Visual Impairment (VI) / Mathematics Special Needs Education / Grade 6 / Adapted Interactive Digital Content for Learners with Visual Impairment (VI) / Science and Technology Special Needs Education / Grade 6 / Adapted Interactive Digital Content for Learners with Visual Impairment (VI) / Islamic Religious Education Special Needs Education / Grade 6 / Adapted Interactive Digital Content for Learners with Visual Impairment (VI) / Social Studies Special Needs Education / Grade 6 / Adapted Interactive Digital Content for Learners with Visual Impairment (VI) / Agriculture and Nutrition Special Needs Education / Ebooks Special Needs Education / Videos Special Needs Education / Foundational and Stage-Based Special Needs Education / Prevocational Level Special Needs Education / Prevocational Level / Music Special Needs Education / Prevocational Level / Hindu Religious Education Special Needs Education / Prevocational Level / Christian Religious Education Special Needs Education / Prevocational Level / Physical Education Special Needs Education / Prevocational Level / Islamic Religious Education Special Needs Education / Prevocational Level / Social Studies Special Needs Education / Prevocational Level / Prevocational Skills 1 Special Needs Education / Prevocational Level / Prevocational Skills 2 Special Needs Education / Prevocational Level / Prevocational Skills 3 Accessible Digital Textbooks Interactive Simulations for Sciences and Mathematics Interactive Simulations for Sciences and Mathematics / Physics Interactive Simulations for Sciences and Mathematics / Chemistry Interactive Simulations for Sciences and Mathematics / Mathematics Information, Education and Communication(IEC) Materials Information, Education and Communication(IEC) Materials / Child Online Safety Information, Education and Communication(IEC) Materials / Child Road Safety Information, Education and Communication(IEC) Materials / Child Road Safety / Integration Matrices Information, Education and Communication(IEC) Materials / Child Road Safety / Integration Matrices / Early Years Education Information, Education and Communication(IEC) Materials / Child Road Safety / Integration Matrices / Upper Primary Information, Education and Communication(IEC) Materials / Child Road Safety / Integration Matrices / Junior School Information, Education and Communication(IEC) Materials / Child Road Safety / Integration Matrices / Senior School Information, Education and Communication(IEC) Materials / Child Road Safety / Information, Education and Communication(IEC) Materials on Child Road Safety Information, Education and Communication(IEC) Materials / Child Road Safety / Information, Education and Communication(IEC) Materials on Child Road Safety / Early Years Education Information, Education and Communication(IEC) Materials / Child Road Safety / Information, Education and Communication(IEC) Materials on Child Road Safety / Upper Primary Information, Education and Communication(IEC) Materials / Child Road Safety / Information, Education and Communication(IEC) Materials on Child Road Safety / Junior School Information, Education and Communication(IEC) Materials / Child Road Safety / Information, Education and Communication(IEC) Materials on Child Road Safety / Senior School Information, Education and Communication(IEC) Materials / Child Road Safety / Teacher's Handbook Information, Education and Communication(IEC) Materials / Financial Literacy Learners’ Toolkit Teacher Resources Teacher Resources / Educational Resources Materials Development Teacher Resources / Educational Resources Materials Development / CRE Teacher Resources / Educational Resources Materials Development / English Teacher Resources / Educational Resources Materials Development / Environment Teacher Resources / Educational Resources Materials Development / Foundations Teacher Resources / Educational Resources Materials Development / H.R.E Teacher Resources / Educational Resources Materials Development / Hygiene and Nutrition Teacher Resources / Educational Resources Materials Development / I.R.E Teacher Resources / Educational Resources Materials Development / Kiswahili Teacher Resources / Educational Resources Materials Development / Language Activities Teacher Resources / Educational Resources Materials Development / Literacy Skills Teacher Resources / Educational Resources Materials Development / Mathematics Teacher Resources / Educational Resources Materials Development / Movements and Arts Teacher Resources / Pre-Primary Teacher Radio Programmes Teacher Resources / CBC Courses Teacher Resources / Special Needs Educations Teacher Resources / Interactive Digital Content for Teacher Education Teacher Resources / Interactive Digital Content for Teacher Education / English Teacher Resources / Interactive Digital Content for Teacher Education / Music Teacher Resources / Interactive Digital Content for Teacher Education / Christian Religious Education Teacher Resources / Interactive Digital Content for Teacher Education / Art and Craft Teacher Resources / Interactive Digital Content for Teacher Education / Indigenous Languages Teacher Resources / Interactive Digital Content for Teacher Education / Home science Teacher Resources / Interactive Digital Content for Teacher Education / Science and Technology Teacher Resources / Interactive Digital Content for Teacher Education / Islamic Religious Education Teacher Resources / Interactive Digital Content for Teacher Education / Mandarin Teacher Resources / Interactive Digital Content for Teacher Education / Agriculture Teacher Resources / Interactive Digital Content for Teacher Education / Mathematics Teacher Resources / Interactive Digital Content for Teacher Education / French Teacher Resources / Interactive Digital Content for Teacher Education / Hindu Religious Education Teacher Resources / Interactive Digital Content for Teacher Education / Social Studies Teacher Resources / Interactive Digital Content for Teacher Education / Kiswahili Teacher Resources / Interactive Digital Content for Teacher Education / Physical Education Teacher Resources / Interactive Digital Content for Teacher Education / Arabic Parental Resources Financial Literacy Financial Literacy / Financial Literacy for Junior School Financial Literacy / Financial Literacy for Junior School / Taxation Financial Literacy / Financial Literacy for Senior School Financial Literacy / Financial Literacy for Senior School / Taxation Search lessons Search Expand allInteractive Digital ContentEduchannel Tv Lessons Radio Lessons Home Calendar Pre-primary Pre-Primary 1 Pre-Primary 2 Primary Grade 1 Grade 2 Grade 3 Grade 4 Grade 5 Grade 6 Secondary Grade 7 Grade 8 Form 1 Form 2 Form 3 Form 4 OER's SNE The Kenya Education Cloud (KEC) is a digital platform designed to enhance teaching and learning in Kenya by providing a wide range of digital educational resources. Serving as a centralized hub for e-learning, it promotes access to interactive content, supports modern pedagogical methods, and fosters collaboration among educators and learners. External Links Ministry of Education Kenya National Examinations Council Teachers Service Commission Kenya Kenya Institute of Special Education (KISE) ICT Authority TVET Authority Elimika Additional Resources Accessible Digital Textbook (ADT) Curriculum Reports Parental Resources Child Online Protection Guidelines Our Contacts Kenya Institute of Curriculum DevelopmentDesai Rd, Off Muranga Rd,Nairobi, Kenya. Telephone Contacts+254 729327331 +254 729327334 Email Addressinfo@kicd.ac.ke Kenya Education Cloud © 2024. All rights reserved. Privacy Policy Terms & Conditions (Login) Data retention summary","['mathematics', 'english', 'kiswahili', 'biology', 'chemistry', 'physics', 'geography', 'history', 'business', 'computer', 'agriculture', 'home_science', 'art', 'music', 'physical_education', 'religious_education']",form_1,cbc,[],2025-09-08T00:49:10.404327,unknown,secondary,,form_2,
https://lms.kec.ac.ke/course/index.php?categoryid=69,Pre-Primary,"Kenya Education Cloud is your ultimate digital learning hub, providing access to curated e-learning resources, educational tools, and innovative content for students, teachers, and institutions.","Pre-Primary Home Lessons Pre-Primary Lesson categories: Pre-Primary Pre-Primary / Radio Lessons Pre-Primary / Educhannel Video Lessons Pre-Primary / Educhannel Video Lessons / Language Activities Pre-Primary / Educhannel Video Lessons / Mathematics Pre-Primary / Educhannel Video Lessons / Our School Pre-Primary / Educhannel Video Lessons / Picture Making Pre-Primary / Educhannel Video Lessons / Social Environment Pre-Primary / Educhannel Video Lessons / Pre-Primary 1 Pre-Primary / Educhannel Video Lessons / Pre-Primary 2 Pre-Primary / Interactive digital Content Pre-Primary / Ebooks Primary Education Primary Education / Grade 1 Primary Education / Grade 1 / Educhannel TV Lessons Primary Education / Grade 1 / Educhannel TV Lessons / English Primary Education / Grade 1 / Educhannel TV Lessons / Mathematics Primary Education / Grade 1 / Educhannel TV Lessons / Kiswahili Primary Education / Grade 1 / Educhannel TV Lessons / Kenya Sign Language(KSL) Primary Education / Grade 1 / Educhannel TV Lessons / Hygiene and nutrition Primary Education / Grade 1 / Educhannel TV Lessons / Environmental Activities Primary Education / Grade 1 / Interactive Digital Content Primary Education / Grade 1 / Radio Lessons Primary Education / Grade 1 / Radio Lessons / Mathematics Primary Education / Grade 1 / Radio Lessons / Mathematics / Grade 1 Term 2 Primary Education / Grade 1 / Radio Lessons / Mathematics / Grade 1 Term 3 Primary Education / Grade 1 / Radio Lessons / Kiswahili Primary Education / Grade 1 / Radio Lessons / Kiswahili / Grade 1 Term 2 Primary Education / Grade 1 / Radio Lessons / Kiswahili / Grade 1 Term 3 Primary Education / Grade 1 / Radio Lessons / English Primary Education / Grade 1 / Radio Lessons / English / Grade 1 Term 2 Primary Education / Grade 1 / Radio Lessons / English / Grade 1 Term 3 Primary Education / Grade 1 / Ebooks Primary Education / Grade 1 / Ebooks / Tusome readers Primary Education / Grade 1 / Ebooks / Indigenous Languages Primary Education / Grade 2 Primary Education / Grade 2 / Interactive Digital Content Primary Education / Grade 2 / Educhannel Tv Lessons Primary Education / Grade 2 / Educhannel Tv Lessons / Mathematics Primary Education / Grade 2 / Educhannel Tv Lessons / English Primary Education / Grade 2 / Radio Lessons Primary Education / Grade 2 / Radio Lessons / Mathematics Primary Education / Grade 2 / Radio Lessons / Mathematics / Grade 2 Term 2 Primary Education / Grade 2 / Radio Lessons / English Primary Education / Grade 2 / Radio Lessons / English / Grade 2 Term 2 Primary Education / Grade 2 / Radio Lessons / English / Grade 2 Term 3 Primary Education / Grade 2 / Radio Lessons / Kiswahili Primary Education / Grade 2 / Radio Lessons / Kiswahili / Grade 2 Term 3 Primary Education / Grade 2 / Hygiene and Nutrition Primary Education / Grade 2 / Hygiene and Nutrition / Grade 2 Term 2 Primary Education / Grade 2 / E-books Primary Education / Grade 2 / E-books / Tusome Readers Primary Education / Grade 3 Primary Education / Grade 3 / Radio Lessons Primary Education / Grade 3 / Radio Lessons / Mathematics Primary Education / Grade 3 / Radio Lessons / Mathematics / Grade 3 Term 2 Primary Education / Grade 3 / Radio Lessons / Mathematics / Grade 3 Term 3 Primary Education / Grade 3 / Radio Lessons / English Primary Education / Grade 3 / Radio Lessons / English / Grade 3 Term 2 Primary Education / Grade 3 / Radio Lessons / English / Grade 3 Term 3 Primary Education / Grade 3 / Radio Lessons / Environmental Activities Primary Education / Grade 3 / Radio Lessons / Environmental Activities / Grade 3 Term 2 Primary Education / Grade 3 / Radio Lessons / Kiswahili Primary Education / Grade 3 / Radio Lessons / Kiswahili / Grade 3 Term 3 Primary Education / Grade 3 / Educhannel TV Lessons Primary Education / Grade 3 / Educhannel TV Lessons / Mathematics Primary Education / Grade 3 / Educhannel TV Lessons / English Primary Education / Grade 3 / Educhannel TV Lessons / Kiswahili Primary Education / Grade 3 / Educhannel TV Lessons / Hygiene and Nutrition Primary Education / Grade 3 / Educhannel TV Lessons / Environmental Activities Primary Education / Grade 3 / Interactive Digital Content Primary Education / Grade 3 / EBooks Primary Education / Grade 3 / Tusome English Video Lessons Primary Education / Grade 3 / Tusome English Video Lessons / Tusome English Grade 3 Lessons Primary Education / Grade 4 Primary Education / Grade 4 / Educhannel Tv Lessons Primary Education / Grade 4 / Educhannel Tv Lessons / Home Science Primary Education / Grade 4 / Educhannel Tv Lessons / Agriculture Primary Education / Grade 4 / Educhannel Tv Lessons / Music Primary Education / Grade 4 / Educhannel Tv Lessons / Physical Education Primary Education / Grade 4 / Educhannel Tv Lessons / Art and Craft Primary Education / Grade 4 / Educhannel Tv Lessons / Kenya Sign Language Primary Education / Grade 4 / Educhannel Tv Lessons / Mathematics Primary Education / Grade 4 / Educhannel Tv Lessons / Science and Technology Primary Education / Grade 4 / Educhannel Tv Lessons / Social Studies Primary Education / Grade 4 / Educhannel Tv Lessons / English Primary Education / Grade 4 / Educhannel Tv Lessons / Kiswahili Primary Education / Grade 4 / Educhannel Tv Lessons / Environmental Activity Primary Education / Grade 4 / Radio lessons Primary Education / Grade 4 / Radio lessons / Social Studies Primary Education / Grade 4 / Radio lessons / Social Studies / Grade 4 Term 2 Primary Education / Grade 4 / Radio lessons / Social Studies / Grade 4 Term 3 Primary Education / Grade 4 / Radio lessons / CRE Primary Education / Grade 4 / Radio lessons / CRE / Grade 4 Term 2 Primary Education / Grade 4 / Radio lessons / English Primary Education / Grade 4 / Radio lessons / English / Grade 4 Term 2 Primary Education / Grade 4 / Radio lessons / English / Grade 4 Term 3 Primary Education / Grade 4 / Radio lessons / Hygiene and Nutrition Primary Education / Grade 4 / Radio lessons / Hygiene and Nutrition / Grade 4 Term 1 Primary Education / Grade 4 / Radio lessons / IRE Primary Education / Grade 4 / Radio lessons / IRE / Grade 4 Term 2 Primary Education / Grade 4 / Radio lessons / Science and Technology Primary Education / Grade 4 / Radio lessons / Science and Technology / Grade 4 Term 3 Primary Education / Grade 4 / Radio lessons / Agriculture Primary Education / Grade 4 / Radio lessons / Agriculture / Grade 4 Term 3 Primary Education / Grade 4 / Radio lessons / Mathematics Primary Education / Grade 4 / Radio lessons / Mathematics / Grade 4 Term 3 Primary Education / Grade 4 / SNE Primary Education / Grade 4 / Interactive Digital Content Primary Education / Grade 5 Primary Education / Grade 5 / Educhannel Tv Lessons Primary Education / Grade 5 / Educhannel Tv Lessons / English Primary Education / Grade 5 / Educhannel Tv Lessons / Kiswahili Primary Education / Grade 5 / Educhannel Tv Lessons / Mathematics Primary Education / Grade 5 / Radio Lessons Primary Education / Grade 5 / Radio Lessons / English Primary Education / Grade 5 / Radio Lessons / Science and Technology Primary Education / Grade 5 / Radio Lessons / Agriculture Primary Education / Grade 5 / Radio Lessons / Social studies Primary Education / Grade 5 / Radio Lessons / Christian Religious Education Primary Education / Grade 5 / Radio Lessons / Mathematics Primary Education / Grade 5 / Interactive Digital Content Primary Education / Grade 6 Primary Education / Grade 6 / Radio Lessons Primary Education / Grade 6 / Radio Lessons / CRE Primary Education / Grade 6 / Radio Lessons / Social Studies Primary Education / Grade 6 / Radio Lessons / Science Primary Education / Grade 6 / Radio Lessons / Kiswahili Primary Education / Grade 6 / Radio Lessons / English Primary Education / Grade 6 / Radio Lessons / Mathematics Primary Education / Grade 6 / Educhannel TV Lessons Primary Education / Grade 6 / Educhannel TV Lessons / Kiswahili Primary Education / Grade 6 / Educhannel TV Lessons / Agriculture Primary Education / Grade 6 / Educhannel TV Lessons / Art and Craft Primary Education / Grade 6 / Educhannel TV Lessons / English Primary Education / Grade 6 / Educhannel TV Lessons / Home Science Primary Education / Grade 6 / Educhannel TV Lessons / Music Primary Education / Grade 6 / Educhannel TV Lessons / Science and technology Primary Education / Grade 6 / Educhannel TV Lessons / Physical health education Primary Education / Grade 6 / Interactive Digital Content Junior School Junior School / Grade 8 Junior School / Grade 8 / Educhannel Tv Lessons Junior School / Grade 8 / Radio Lessons Junior School / Grade 8 / Interactive Digital Content Junior School / Grade 7 Junior School / Grade 7 / Educhannel TV lessons Junior School / Grade 7 / Radio Lessons Junior School / Grade 7 / Radio Lessons / Mathematics Junior School / Grade 7 / Radio Lessons / Kiswahili Junior School / Grade 7 / Radio Lessons / English Junior School / Grade 7 / Radio Lessons / Christian Religious Education Junior School / Grade 7 / Radio Lessons / Integrated Science Junior School / Grade 7 / Radio Lessons / Social Studies Junior School / Grade 7 / Radio Lessons / Pre-Technical Studies Junior School / Grade 7 / Interactive Digital Content Secondary Education Secondary Education / Form 1 Secondary Education / Form 1 / Interactive Digital Content Secondary Education / Form 1 / Educhannel Tv Lessons Secondary Education / Form 1 / Educhannel Tv Lessons / Mathematics Secondary Education / Form 1 / Educhannel Tv Lessons / English Secondary Education / Form 1 / Educhannel Tv Lessons / Physics Secondary Education / Form 1 / Educhannel Tv Lessons / Biology Secondary Education / Form 1 / Educhannel Tv Lessons / Chemistry Secondary Education / Form 1 / Educhannel Tv Lessons / Kiswahili Secondary Education / Form 1 / Educhannel Tv Lessons / History and Government Secondary Education / Form 1 / Educhannel Tv Lessons / Business Studies Secondary Education / Form 1 / Radio Lessons Secondary Education / Form 1 / Ebooks Secondary Education / Form 2 Secondary Education / Form 2 / Interactive Digital Content Secondary Education / Form 2 / Educhannel Tv Lessons Secondary Education / Form 2 / Educhannel Tv Lessons / Physics Secondary Education / Form 2 / Radio Lessons Secondary Education / Form 2 / Radio Lessons / Biology Secondary Education / Form 3 Secondary Education / Form 3 / Interactive Digital Content Secondary Education / Form 3 / Educhannel Tv Lessons Secondary Education / Form 3 / Educhannel Tv Lessons / Mathematics Secondary Education / Form 3 / Educhannel Tv Lessons / English Secondary Education / Form 3 / Educhannel Tv Lessons / Kiswahili Secondary Education / Form 3 / Educhannel Tv Lessons / Biology Secondary Education / Form 3 / Educhannel Tv Lessons / Chemistry Secondary Education / Form 3 / Educhannel Tv Lessons / Physics Secondary Education / Form 3 / Educhannel Tv Lessons / Business Studies Secondary Education / Form 3 / Educhannel Tv Lessons / History and Government Secondary Education / Form 3 / Radio Lessons Secondary Education / Form 4 Secondary Education / Form 4 / Interactive Digital Content Secondary Education / Form 4 / Educhannel Tv Lessons Secondary Education / Form 4 / Educhannel Tv Lessons / Form 4 Mathematics Secondary Education / Form 4 / Educhannel Tv Lessons / Form 4 English Secondary Education / Form 4 / Educhannel Tv Lessons / Form 4 Physics Secondary Education / Form 4 / Educhannel Tv Lessons / Form 4 Biology Secondary Education / Form 4 / Educhannel Tv Lessons / Form 4 Kiswahili Secondary Education / Form 4 / Educhannel Tv Lessons / Form 4 Chemistry Secondary Education / Form 4 / Educhannel Tv Lessons / Form 4 History and Government Secondary Education / Form 4 / Educhannel Tv Lessons / Form 4 Business Studies Secondary Education / Form 4 / Radio Lessons Secondary Education / Form 4 / Radio Lessons / Mathematics Secondary Education / Form 4 / Radio Lessons / Mathematics / Form 4 Term 1 Secondary Education / Form 4 / Radio Lessons / Mathematics / Form 4 Term 2 Secondary Education / Form 4 / Radio Lessons / Mathematics / Form 4 Term 3 General Knowledge General Knowledge / VOA Connect General Knowledge / Ask the expert General Knowledge / Citizenship and Democracy General Knowledge / Digital Story General Knowledge / Impacted Educhannel Lessons Educhannel Lessons / English Educhannel Lessons / English / Transport and travel Educhannel Lessons / English / Pronunciation skills Educhannel Lessons / English / Listening and speaking Educhannel Lessons / English / Family Educhannel Lessons / English / Environment Educhannel Lessons / English / Drug and Substance Educhannel Lessons / Agriculture Educhannel Lessons / Biology Educhannel Lessons / Biology / Living Things Educhannel Lessons / Biology / Secretion and homeostasis Educhannel Lessons / Biology / Support and movement Educhannel Lessons / Business Studies Educhannel Lessons / Chemistry Educhannel Lessons / Earth Movement and Volcanicity Educhannel Lessons / Environmental Activities Educhannel Lessons / Geograpghy Educhannel Lessons / History Educhannel Lessons / History / Kenyan History Educhannel Lessons / Homescience Educhannel Lessons / Homescience / Basic care clothing Educhannel Lessons / Kiswahili Educhannel Lessons / Kiswahili / Primary Educhannel Lessons / Kiswahili / Primary / Darasa 4-5 Educhannel Lessons / Kiswahili / Secondary Educhannel Lessons / Kiswahili / Secondary / Isimu Jamii Educhannel Lessons / Kiswahili / Secondary / Sarufi Educhannel Lessons / Mathematics Educhannel Lessons / Mathematics / Secondary Educhannel Lessons / Mathematics / Secondary / Commercial Arithmetics Educhannel Lessons / Mathematics / Primary Educhannel Lessons / Mathematics / Primary / Class 5-8 Educhannel Lessons / Mathematics / Primary / Class 5-8 / Practical uses of Money Educhannel Lessons / Mathematics / Primary / Class 5-8 / Measurement Educhannel Lessons / Organic Chemistry Educhannel Lessons / Performing Music Educhannel Lessons / Homescience Educhannel Lessons / Homescience / Basic care of clothing Educhannel Lessons / Art and Craft Educhannel Lessons / Physics Educhannel Lessons / Physics / Thermodynamics Educhannel Lessons / Physics / Mechanics Educhannel Lessons / Physics / Electricity and Magnetism Educhannel Lessons / The Doyen Exposition Educhannel Lessons / Science Educhannel Lessons / Science / Making work easier Educhannel Lessons / Science / Living Things Educhannel Lessons / Science / Energy conservation Educhannel Lessons / Physical and Health Education Educhannel Lessons / Physical and Health Education / Grade 1-4 Open Education Resourses(OERs) Open Education Resourses(OERs) / Movement and Creative Activities Open Education Resourses(OERs) / 	Religious Education Activities Open Education Resourses(OERs) / Mathematical Activities Open Education Resourses(OERs) / Environmental Activities Open Education Resourses(OERs) / Kiswahili Language Open Education Resourses(OERs) / LTK | Concordia University Open Education Resourses(OERs) / Hygiene and Nutrition Open Education Resourses(OERs) / ENGLISH LANGUAGE ACTIVITIES Open Education Resourses(OERs) / Casio Materials Open Education Resourses(OERs) / Health Education Open Education Resourses(OERs) / Carbon Literacy Special Needs Education Special Needs Education / Grade 1 Special Needs Education / Grade 1 / Adapted Interactive Digital Content for Hearing Impaired(HI) Special Needs Education / Grade 1 / Adapted Interactive Digital Content for Hearing Impaired(HI) / English Activities Special Needs Education / Grade 1 / Adapted Interactive Digital Content for Hearing Impaired(HI) / Environmental Activities Special Needs Education / Grade 1 / Adapted Interactive Digital Content for Hearing Impaired(HI) / Creative Activities Special Needs Education / Grade 1 / Adapted Interactive Digital Content for Visual Impaired(VI) Special Needs Education / Grade 2 Special Needs Education / Grade 2 / Adapted Interactive Digital Content for Hearing Impaired(HI) Special Needs Education / Grade 2 / Adapted Interactive Digital Content for Hearing Impaired(HI) / Mathematics Grade 2 Special Needs Education / Grade 2 / Adapted Interactive Digital Content for Hearing Impaired(HI) / Environmental Activities Grade 2 Special Needs Education / Grade 2 / Adapted Interactive Digital Content for Hearing Impaired(HI) / Hygiene and Nutrition Grade 2 Special Needs Education / Grade 2 / Adapted Interactive Digital Content for Hearing Impaired(HI) / Christian Religious Education Grade 2 (HI) Special Needs Education / Grade 2 / Adapted Interactive Digital Content for Hearing Impaired(HI) / Literacy Activities Grade2 (HI) Special Needs Education / Grade 2 / Adapted Interactive Digital Content for Hearing Impaired(HI) / English Activities Grad2 H.I Special Needs Education / Grade 2 / Adapted Interactive Digital Content for Hearing Impaired(HI) / Creative Activities Grade2 -H.I Special Needs Education / Grade 2 / Adapted Interactive Digital Content for Visual Impaired(VI) Special Needs Education / Grade 2 / Adapted Interactive Digital Content for Visual Impaired(VI) / Mathematics Special Needs Education / Grade 2 / Adapted Interactive Digital Content for Visual Impaired(VI) / Kiswahili Special Needs Education / Grade 2 / Adapted Interactive Digital Content for Visual Impaired(VI) / English Special Needs Education / Grade 2 / Adapted Interactive Digital Content for Visual Impaired(VI) / Creative Activities Special Needs Education / Grade 2 / Adapted Interactive Digital Content for Visual Impaired(VI) / CRE Special Needs Education / Grade 3 Special Needs Education / Grade 3 / Adapted Interactive Digital Content for Learners with Hearing Impairment (HI) Special Needs Education / Grade 3 / Adapted Interactive Digital Content for Learners with Hearing Impairment (HI) / Visual Arts Special Needs Education / Grade 3 / Adapted Interactive Digital Content for Learners with Hearing Impairment (HI) / English Special Needs Education / Grade 3 / Adapted Interactive Digital Content for Learners with Hearing Impairment (HI) / Hygiene and Nutrition Special Needs Education / Grade 3 / Adapted Interactive Digital Content for Learners with Hearing Impairment (HI) / Music Special Needs Education / Grade 3 / Adapted Interactive Digital Content for Learners with Hearing Impairment (HI) / Mathematics Special Needs Education / Grade 3 / Adapted Interactive Digital Content for Learners with Hearing Impairment (HI) / Environmental Special Needs Education / Grade 3 / Adapted Interactive Digital Content for Learners with Hearing Impairment (HI) / CRE Special Needs Education / Grade 3 / Adapted Interactive Digital Content for Learners with Visual Impairment (VI) Special Needs Education / Grade 3 / Adapted Interactive Digital Content for Learners with Visual Impairment (VI) / Music Special Needs Education / Grade 3 / Adapted Interactive Digital Content for Learners with Visual Impairment (VI) / Mathematics Special Needs Education / Grade 3 / Adapted Interactive Digital Content for Learners with Visual Impairment (VI) / Visual Arts Special Needs Education / Grade 3 / Adapted Interactive Digital Content for Learners with Visual Impairment (VI) / Kiswahili Special Needs Education / Grade 3 / Adapted Interactive Digital Content for Learners with Visual Impairment (VI) / Hygiene and Nutrition Special Needs Education / Grade 3 / Adapted Interactive Digital Content for Learners with Visual Impairment (VI) / Environmental Special Needs Education / Grade 3 / Adapted Interactive Digital Content for Learners with Visual Impairment (VI) / English Special Needs Education / Grade 3 / Adapted Interactive Digital Content for Learners with Visual Impairment (VI) / CRE Special Needs Education / Grade 4 Special Needs Education / Grade 4 / Adapted Interactive Digital Content for Learners with Hearing Impairment (HI) Special Needs Education / Grade 4 / Adapted Interactive Digital Content for Learners with Hearing Impairment (HI) / Mathematics Special Needs Education / Grade 4 / Adapted Interactive Digital Content for Learners with Hearing Impairment (HI) / English Special Needs Education / Grade 4 / Adapted Interactive Digital Content for Learners with Hearing Impairment (HI) / Science and Technology Special Needs Education / Grade 4 / Adapted Interactive Digital Content for Learners with Hearing Impairment (HI) / Agriculture Special Needs Education / Grade 4 / Adapted Interactive Digital Content for Learners with Hearing Impairment (HI) / Social Studies Special Needs Education / Grade 4 / Adapted Interactive Digital Content for Learners with Hearing Impairment (HI) / Home Science Special Needs Education / Grade 4 / Adapted Interactive Digital Content for Learners with Hearing Impairment (HI) / Art and Craft Special Needs Education / Grade 4 / Adapted Interactive Digital Content for Learners with Hearing Impairment (HI) / Music Special Needs Education / Grade 4 / Adapted Interactive Digital Content for Learners with Hearing Impairment (HI) / Christian Religious Education (CRE) Special Needs Education / Grade 4 / Adapted Interactive Digital Content for Learners with Visual Impairment (VI) Special Needs Education / Grade 4 / Adapted Interactive Digital Content for Learners with Visual Impairment (VI) / Mathematics Special Needs Education / Grade 4 / Adapted Interactive Digital Content for Learners with Visual Impairment (VI) / English Special Needs Education / Grade 4 / Adapted Interactive Digital Content for Learners with Visual Impairment (VI) / Kiswahili Special Needs Education / Grade 4 / Adapted Interactive Digital Content for Learners with Visual Impairment (VI) / Science and Technology Special Needs Education / Grade 4 / Adapted Interactive Digital Content for Learners with Visual Impairment (VI) / Agriculture Special Needs Education / Grade 4 / Adapted Interactive Digital Content for Learners with Visual Impairment (VI) / Social Studies Special Needs Education / Grade 4 / Adapted Interactive Digital Content for Learners with Visual Impairment (VI) / Home Science Special Needs Education / Grade 4 / Adapted Interactive Digital Content for Learners with Visual Impairment (VI) / Art and Craft Special Needs Education / Grade 4 / Adapted Interactive Digital Content for Learners with Visual Impairment (VI) / Christian Religious Education (CRE) Special Needs Education / Grade 4 / Adapted Interactive Digital Content for Learners with Visual Impairment (VI) / Music Special Needs Education / Grade 5 Special Needs Education / Grade 5 / Adapted Interactive Digital Content for Learners with Hearing Impairment (HI) Special Needs Education / Grade 5 / Adapted Interactive Digital Content for Learners with Hearing Impairment (HI) / English Special Needs Education / Grade 5 / Adapted Interactive Digital Content for Learners with Hearing Impairment (HI) / Christian Religious Education Special Needs Education / Grade 5 / Adapted Interactive Digital Content for Learners with Hearing Impairment (HI) / Social Studies Special Needs Education / Grade 5 / Adapted Interactive Digital Content for Learners with Hearing Impairment (HI) / Agriculture and Nutrition Special Needs Education / Grade 5 / Adapted Interactive Digital Content for Learners with Hearing Impairment (HI) / Creative Arts Special Needs Education / Grade 5 / Adapted Interactive Digital Content for Learners with Hearing Impairment (HI) / Mathematics Special Needs Education / Grade 5 / Adapted Interactive Digital Content for Learners with Hearing Impairment (HI) / Science and Technology Special Needs Education / Grade 5 / Adapted Interactive Digital Content for Learners with Hearing Impairment (HI) / Islamic Religious Education Special Needs Education / Grade 5 / Adapted Interactive Digital Content for Learners with Visual Impairment (VI) Special Needs Education / Grade 5 / Adapted Interactive Digital Content for Learners with Visual Impairment (VI) / Creative Arts Special Needs Education / Grade 5 / Adapted Interactive Digital Content for Learners with Visual Impairment (VI) / Social Studies Special Needs Education / Grade 5 / Adapted Interactive Digital Content for Learners with Visual Impairment (VI) / Kiswahili Special Needs Education / Grade 5 / Adapted Interactive Digital Content for Learners with Visual Impairment (VI) / Christian Religious Education Special Needs Education / Grade 5 / Adapted Interactive Digital Content for Learners with Visual Impairment (VI) / Science and Technology Special Needs Education / Grade 5 / Adapted Interactive Digital Content for Learners with Visual Impairment (VI) / Agriculture and Nutrition Special Needs Education / Grade 5 / Adapted Interactive Digital Content for Learners with Visual Impairment (VI) / Islamic Religious Education Special Needs Education / Grade 5 / Adapted Interactive Digital Content for Learners with Visual Impairment (VI) / Mathematics Special Needs Education / Grade 5 / Adapted Interactive Digital Content for Learners with Visual Impairment (VI) / English Special Needs Education / Grade 6 Special Needs Education / Grade 6 / Adapted Interactive Digital Content for Learners with Hearing Impairment (HI) Special Needs Education / Grade 6 / Adapted Interactive Digital Content for Learners with Hearing Impairment (HI) / Science and Technology Special Needs Education / Grade 6 / Adapted Interactive Digital Content for Learners with Hearing Impairment (HI) / Christian Religious Education Special Needs Education / Grade 6 / Adapted Interactive Digital Content for Learners with Hearing Impairment (HI) / Creative Arts Special Needs Education / Grade 6 / Adapted Interactive Digital Content for Learners with Hearing Impairment (HI) / Islamic Religious Education Special Needs Education / Grade 6 / Adapted Interactive Digital Content for Learners with Hearing Impairment (HI) / English Special Needs Education / Grade 6 / Adapted Interactive Digital Content for Learners with Hearing Impairment (HI) / Social Studies Special Needs Education / Grade 6 / Adapted Interactive Digital Content for Learners with Hearing Impairment (HI) / Agriculture Special Needs Education / Grade 6 / Adapted Interactive Digital Content for Learners with Hearing Impairment (HI) / Mathematics Special Needs Education / Grade 6 / Adapted Interactive Digital Content for Learners with Visual Impairment (VI) Special Needs Education / Grade 6 / Adapted Interactive Digital Content for Learners with Visual Impairment (VI) / Christian Religious Education Special Needs Education / Grade 6 / Adapted Interactive Digital Content for Learners with Visual Impairment (VI) / Kiswahili Special Needs Education / Grade 6 / Adapted Interactive Digital Content for Learners with Visual Impairment (VI) / English Special Needs Education / Grade 6 / Adapted Interactive Digital Content for Learners with Visual Impairment (VI) / Creative Arts Special Needs Education / Grade 6 / Adapted Interactive Digital Content for Learners with Visual Impairment (VI) / Mathematics Special Needs Education / Grade 6 / Adapted Interactive Digital Content for Learners with Visual Impairment (VI) / Science and Technology Special Needs Education / Grade 6 / Adapted Interactive Digital Content for Learners with Visual Impairment (VI) / Islamic Religious Education Special Needs Education / Grade 6 / Adapted Interactive Digital Content for Learners with Visual Impairment (VI) / Social Studies Special Needs Education / Grade 6 / Adapted Interactive Digital Content for Learners with Visual Impairment (VI) / Agriculture and Nutrition Special Needs Education / Ebooks Special Needs Education / Videos Special Needs Education / Foundational and Stage-Based Special Needs Education / Prevocational Level Special Needs Education / Prevocational Level / Music Special Needs Education / Prevocational Level / Hindu Religious Education Special Needs Education / Prevocational Level / Christian Religious Education Special Needs Education / Prevocational Level / Physical Education Special Needs Education / Prevocational Level / Islamic Religious Education Special Needs Education / Prevocational Level / Social Studies Special Needs Education / Prevocational Level / Prevocational Skills 1 Special Needs Education / Prevocational Level / Prevocational Skills 2 Special Needs Education / Prevocational Level / Prevocational Skills 3 Accessible Digital Textbooks Interactive Simulations for Sciences and Mathematics Interactive Simulations for Sciences and Mathematics / Physics Interactive Simulations for Sciences and Mathematics / Chemistry Interactive Simulations for Sciences and Mathematics / Mathematics Information, Education and Communication(IEC) Materials Information, Education and Communication(IEC) Materials / Child Online Safety Information, Education and Communication(IEC) Materials / Child Road Safety Information, Education and Communication(IEC) Materials / Child Road Safety / Integration Matrices Information, Education and Communication(IEC) Materials / Child Road Safety / Integration Matrices / Early Years Education Information, Education and Communication(IEC) Materials / Child Road Safety / Integration Matrices / Upper Primary Information, Education and Communication(IEC) Materials / Child Road Safety / Integration Matrices / Junior School Information, Education and Communication(IEC) Materials / Child Road Safety / Integration Matrices / Senior School Information, Education and Communication(IEC) Materials / Child Road Safety / Information, Education and Communication(IEC) Materials on Child Road Safety Information, Education and Communication(IEC) Materials / Child Road Safety / Information, Education and Communication(IEC) Materials on Child Road Safety / Early Years Education Information, Education and Communication(IEC) Materials / Child Road Safety / Information, Education and Communication(IEC) Materials on Child Road Safety / Upper Primary Information, Education and Communication(IEC) Materials / Child Road Safety / Information, Education and Communication(IEC) Materials on Child Road Safety / Junior School Information, Education and Communication(IEC) Materials / Child Road Safety / Information, Education and Communication(IEC) Materials on Child Road Safety / Senior School Information, Education and Communication(IEC) Materials / Child Road Safety / Teacher's Handbook Information, Education and Communication(IEC) Materials / Financial Literacy Learners’ Toolkit Teacher Resources Teacher Resources / Educational Resources Materials Development Teacher Resources / Educational Resources Materials Development / CRE Teacher Resources / Educational Resources Materials Development / English Teacher Resources / Educational Resources Materials Development / Environment Teacher Resources / Educational Resources Materials Development / Foundations Teacher Resources / Educational Resources Materials Development / H.R.E Teacher Resources / Educational Resources Materials Development / Hygiene and Nutrition Teacher Resources / Educational Resources Materials Development / I.R.E Teacher Resources / Educational Resources Materials Development / Kiswahili Teacher Resources / Educational Resources Materials Development / Language Activities Teacher Resources / Educational Resources Materials Development / Literacy Skills Teacher Resources / Educational Resources Materials Development / Mathematics Teacher Resources / Educational Resources Materials Development / Movements and Arts Teacher Resources / Pre-Primary Teacher Radio Programmes Teacher Resources / CBC Courses Teacher Resources / Special Needs Educations Teacher Resources / Interactive Digital Content for Teacher Education Teacher Resources / Interactive Digital Content for Teacher Education / English Teacher Resources / Interactive Digital Content for Teacher Education / Music Teacher Resources / Interactive Digital Content for Teacher Education / Christian Religious Education Teacher Resources / Interactive Digital Content for Teacher Education / Art and Craft Teacher Resources / Interactive Digital Content for Teacher Education / Indigenous Languages Teacher Resources / Interactive Digital Content for Teacher Education / Home science Teacher Resources / Interactive Digital Content for Teacher Education / Science and Technology Teacher Resources / Interactive Digital Content for Teacher Education / Islamic Religious Education Teacher Resources / Interactive Digital Content for Teacher Education / Mandarin Teacher Resources / Interactive Digital Content for Teacher Education / Agriculture Teacher Resources / Interactive Digital Content for Teacher Education / Mathematics Teacher Resources / Interactive Digital Content for Teacher Education / French Teacher Resources / Interactive Digital Content for Teacher Education / Hindu Religious Education Teacher Resources / Interactive Digital Content for Teacher Education / Social Studies Teacher Resources / Interactive Digital Content for Teacher Education / Kiswahili Teacher Resources / Interactive Digital Content for Teacher Education / Physical Education Teacher Resources / Interactive Digital Content for Teacher Education / Arabic Parental Resources Financial Literacy Financial Literacy / Financial Literacy for Junior School Financial Literacy / Financial Literacy for Junior School / Taxation Financial Literacy / Financial Literacy for Senior School Financial Literacy / Financial Literacy for Senior School / Taxation Search lessons Search Expand allRadio LessonsEduchannel Video Lessons Interactive digital Content Ebooks Radio LessonsEduchannel Video Lessons Interactive digital Content Ebooks Digital Content | Kenya Education Cloud | Unlimited Learning Experiences Skip to main content (Login) Pre-Primary Home Lessons Pre-Primary Lesson categories: Pre-Primary Pre-Primary / Radio Lessons Pre-Primary / Educhannel Video Lessons Pre-Primary / Educhannel Video Lessons / Language Activities Pre-Primary / Educhannel Video Lessons / Mathematics Pre-Primary / Educhannel Video Lessons / Our School Pre-Primary / Educhannel Video Lessons / Picture Making Pre-Primary / Educhannel Video Lessons / Social Environment Pre-Primary / Educhannel Video Lessons / Pre-Primary 1 Pre-Primary / Educhannel Video Lessons / Pre-Primary 2 Pre-Primary / Interactive digital Content Pre-Primary / Ebooks Primary Education Primary Education / Grade 1 Primary Education / Grade 1 / Educhannel TV Lessons Primary Education / Grade 1 / Educhannel TV Lessons / English Primary Education / Grade 1 / Educhannel TV Lessons / Mathematics Primary Education / Grade 1 / Educhannel TV Lessons / Kiswahili Primary Education / Grade 1 / Educhannel TV Lessons / Kenya Sign Language(KSL) Primary Education / Grade 1 / Educhannel TV Lessons / Hygiene and nutrition Primary Education / Grade 1 / Educhannel TV Lessons / Environmental Activities Primary Education / Grade 1 / Interactive Digital Content Primary Education / Grade 1 / Radio Lessons Primary Education / Grade 1 / Radio Lessons / Mathematics Primary Education / Grade 1 / Radio Lessons / Mathematics / Grade 1 Term 2 Primary Education / Grade 1 / Radio Lessons / Mathematics / Grade 1 Term 3 Primary Education / Grade 1 / Radio Lessons / Kiswahili Primary Education / Grade 1 / Radio Lessons / Kiswahili / Grade 1 Term 2 Primary Education / Grade 1 / Radio Lessons / Kiswahili / Grade 1 Term 3 Primary Education / Grade 1 / Radio Lessons / English Primary Education / Grade 1 / Radio Lessons / English / Grade 1 Term 2 Primary Education / Grade 1 / Radio Lessons / English / Grade 1 Term 3 Primary Education / Grade 1 / Ebooks Primary Education / Grade 1 / Ebooks / Tusome readers Primary Education / Grade 1 / Ebooks / Indigenous Languages Primary Education / Grade 2 Primary Education / Grade 2 / Interactive Digital Content Primary Education / Grade 2 / Educhannel Tv Lessons Primary Education / Grade 2 / Educhannel Tv Lessons / Mathematics Primary Education / Grade 2 / Educhannel Tv Lessons / English Primary Education / Grade 2 / Radio Lessons Primary Education / Grade 2 / Radio Lessons / Mathematics Primary Education / Grade 2 / Radio Lessons / Mathematics / Grade 2 Term 2 Primary Education / Grade 2 / Radio Lessons / English Primary Education / Grade 2 / Radio Lessons / English / Grade 2 Term 2 Primary Education / Grade 2 / Radio Lessons / English / Grade 2 Term 3 Primary Education / Grade 2 / Radio Lessons / Kiswahili Primary Education / Grade 2 / Radio Lessons / Kiswahili / Grade 2 Term 3 Primary Education / Grade 2 / Hygiene and Nutrition Primary Education / Grade 2 / Hygiene and Nutrition / Grade 2 Term 2 Primary Education / Grade 2 / E-books Primary Education / Grade 2 / E-books / Tusome Readers Primary Education / Grade 3 Primary Education / Grade 3 / Radio Lessons Primary Education / Grade 3 / Radio Lessons / Mathematics Primary Education / Grade 3 / Radio Lessons / Mathematics / Grade 3 Term 2 Primary Education / Grade 3 / Radio Lessons / Mathematics / Grade 3 Term 3 Primary Education / Grade 3 / Radio Lessons / English Primary Education / Grade 3 / Radio Lessons / English / Grade 3 Term 2 Primary Education / Grade 3 / Radio Lessons / English / Grade 3 Term 3 Primary Education / Grade 3 / Radio Lessons / Environmental Activities Primary Education / Grade 3 / Radio Lessons / Environmental Activities / Grade 3 Term 2 Primary Education / Grade 3 / Radio Lessons / Kiswahili Primary Education / Grade 3 / Radio Lessons / Kiswahili / Grade 3 Term 3 Primary Education / Grade 3 / Educhannel TV Lessons Primary Education / Grade 3 / Educhannel TV Lessons / Mathematics Primary Education / Grade 3 / Educhannel TV Lessons / English Primary Education / Grade 3 / Educhannel TV Lessons / Kiswahili Primary Education / Grade 3 / Educhannel TV Lessons / Hygiene and Nutrition Primary Education / Grade 3 / Educhannel TV Lessons / Environmental Activities Primary Education / Grade 3 / Interactive Digital Content Primary Education / Grade 3 / EBooks Primary Education / Grade 3 / Tusome English Video Lessons Primary Education / Grade 3 / Tusome English Video Lessons / Tusome English Grade 3 Lessons Primary Education / Grade 4 Primary Education / Grade 4 / Educhannel Tv Lessons Primary Education / Grade 4 / Educhannel Tv Lessons / Home Science Primary Education / Grade 4 / Educhannel Tv Lessons / Agriculture Primary Education / Grade 4 / Educhannel Tv Lessons / Music Primary Education / Grade 4 / Educhannel Tv Lessons / Physical Education Primary Education / Grade 4 / Educhannel Tv Lessons / Art and Craft Primary Education / Grade 4 / Educhannel Tv Lessons / Kenya Sign Language Primary Education / Grade 4 / Educhannel Tv Lessons / Mathematics Primary Education / Grade 4 / Educhannel Tv Lessons / Science and Technology Primary Education / Grade 4 / Educhannel Tv Lessons / Social Studies Primary Education / Grade 4 / Educhannel Tv Lessons / English Primary Education / Grade 4 / Educhannel Tv Lessons / Kiswahili Primary Education / Grade 4 / Educhannel Tv Lessons / Environmental Activity Primary Education / Grade 4 / Radio lessons Primary Education / Grade 4 / Radio lessons / Social Studies Primary Education / Grade 4 / Radio lessons / Social Studies / Grade 4 Term 2 Primary Education / Grade 4 / Radio lessons / Social Studies / Grade 4 Term 3 Primary Education / Grade 4 / Radio lessons / CRE Primary Education / Grade 4 / Radio lessons / CRE / Grade 4 Term 2 Primary Education / Grade 4 / Radio lessons / English Primary Education / Grade 4 / Radio lessons / English / Grade 4 Term 2 Primary Education / Grade 4 / Radio lessons / English / Grade 4 Term 3 Primary Education / Grade 4 / Radio lessons / Hygiene and Nutrition Primary Education / Grade 4 / Radio lessons / Hygiene and Nutrition / Grade 4 Term 1 Primary Education / Grade 4 / Radio lessons / IRE Primary Education / Grade 4 / Radio lessons / IRE / Grade 4 Term 2 Primary Education / Grade 4 / Radio lessons / Science and Technology Primary Education / Grade 4 / Radio lessons / Science and Technology / Grade 4 Term 3 Primary Education / Grade 4 / Radio lessons / Agriculture Primary Education / Grade 4 / Radio lessons / Agriculture / Grade 4 Term 3 Primary Education / Grade 4 / Radio lessons / Mathematics Primary Education / Grade 4 / Radio lessons / Mathematics / Grade 4 Term 3 Primary Education / Grade 4 / SNE Primary Education / Grade 4 / Interactive Digital Content Primary Education / Grade 5 Primary Education / Grade 5 / Educhannel Tv Lessons Primary Education / Grade 5 / Educhannel Tv Lessons / English Primary Education / Grade 5 / Educhannel Tv Lessons / Kiswahili Primary Education / Grade 5 / Educhannel Tv Lessons / Mathematics Primary Education / Grade 5 / Radio Lessons Primary Education / Grade 5 / Radio Lessons / English Primary Education / Grade 5 / Radio Lessons / Science and Technology Primary Education / Grade 5 / Radio Lessons / Agriculture Primary Education / Grade 5 / Radio Lessons / Social studies Primary Education / Grade 5 / Radio Lessons / Christian Religious Education Primary Education / Grade 5 / Radio Lessons / Mathematics Primary Education / Grade 5 / Interactive Digital Content Primary Education / Grade 6 Primary Education / Grade 6 / Radio Lessons Primary Education / Grade 6 / Radio Lessons / CRE Primary Education / Grade 6 / Radio Lessons / Social Studies Primary Education / Grade 6 / Radio Lessons / Science Primary Education / Grade 6 / Radio Lessons / Kiswahili Primary Education / Grade 6 / Radio Lessons / English Primary Education / Grade 6 / Radio Lessons / Mathematics Primary Education / Grade 6 / Educhannel TV Lessons Primary Education / Grade 6 / Educhannel TV Lessons / Kiswahili Primary Education / Grade 6 / Educhannel TV Lessons / Agriculture Primary Education / Grade 6 / Educhannel TV Lessons / Art and Craft Primary Education / Grade 6 / Educhannel TV Lessons / English Primary Education / Grade 6 / Educhannel TV Lessons / Home Science Primary Education / Grade 6 / Educhannel TV Lessons / Music Primary Education / Grade 6 / Educhannel TV Lessons / Science and technology Primary Education / Grade 6 / Educhannel TV Lessons / Physical health education Primary Education / Grade 6 / Interactive Digital Content Junior School Junior School / Grade 8 Junior School / Grade 8 / Educhannel Tv Lessons Junior School / Grade 8 / Radio Lessons Junior School / Grade 8 / Interactive Digital Content Junior School / Grade 7 Junior School / Grade 7 / Educhannel TV lessons Junior School / Grade 7 / Radio Lessons Junior School / Grade 7 / Radio Lessons / Mathematics Junior School / Grade 7 / Radio Lessons / Kiswahili Junior School / Grade 7 / Radio Lessons / English Junior School / Grade 7 / Radio Lessons / Christian Religious Education Junior School / Grade 7 / Radio Lessons / Integrated Science Junior School / Grade 7 / Radio Lessons / Social Studies Junior School / Grade 7 / Radio Lessons / Pre-Technical Studies Junior School / Grade 7 / Interactive Digital Content Secondary Education Secondary Education / Form 1 Secondary Education / Form 1 / Interactive Digital Content Secondary Education / Form 1 / Educhannel Tv Lessons Secondary Education / Form 1 / Educhannel Tv Lessons / Mathematics Secondary Education / Form 1 / Educhannel Tv Lessons / English Secondary Education / Form 1 / Educhannel Tv Lessons / Physics Secondary Education / Form 1 / Educhannel Tv Lessons / Biology Secondary Education / Form 1 / Educhannel Tv Lessons / Chemistry Secondary Education / Form 1 / Educhannel Tv Lessons / Kiswahili Secondary Education / Form 1 / Educhannel Tv Lessons / History and Government Secondary Education / Form 1 / Educhannel Tv Lessons / Business Studies Secondary Education / Form 1 / Radio Lessons Secondary Education / Form 1 / Ebooks Secondary Education / Form 2 Secondary Education / Form 2 / Interactive Digital Content Secondary Education / Form 2 / Educhannel Tv Lessons Secondary Education / Form 2 / Educhannel Tv Lessons / Physics Secondary Education / Form 2 / Radio Lessons Secondary Education / Form 2 / Radio Lessons / Biology Secondary Education / Form 3 Secondary Education / Form 3 / Interactive Digital Content Secondary Education / Form 3 / Educhannel Tv Lessons Secondary Education / Form 3 / Educhannel Tv Lessons / Mathematics Secondary Education / Form 3 / Educhannel Tv Lessons / English Secondary Education / Form 3 / Educhannel Tv Lessons / Kiswahili Secondary Education / Form 3 / Educhannel Tv Lessons / Biology Secondary Education / Form 3 / Educhannel Tv Lessons / Chemistry Secondary Education / Form 3 / Educhannel Tv Lessons / Physics Secondary Education / Form 3 / Educhannel Tv Lessons / Business Studies Secondary Education / Form 3 / Educhannel Tv Lessons / History and Government Secondary Education / Form 3 / Radio Lessons Secondary Education / Form 4 Secondary Education / Form 4 / Interactive Digital Content Secondary Education / Form 4 / Educhannel Tv Lessons Secondary Education / Form 4 / Educhannel Tv Lessons / Form 4 Mathematics Secondary Education / Form 4 / Educhannel Tv Lessons / Form 4 English Secondary Education / Form 4 / Educhannel Tv Lessons / Form 4 Physics Secondary Education / Form 4 / Educhannel Tv Lessons / Form 4 Biology Secondary Education / Form 4 / Educhannel Tv Lessons / Form 4 Kiswahili Secondary Education / Form 4 / Educhannel Tv Lessons / Form 4 Chemistry Secondary Education / Form 4 / Educhannel Tv Lessons / Form 4 History and Government Secondary Education / Form 4 / Educhannel Tv Lessons / Form 4 Business Studies Secondary Education / Form 4 / Radio Lessons Secondary Education / Form 4 / Radio Lessons / Mathematics Secondary Education / Form 4 / Radio Lessons / Mathematics / Form 4 Term 1 Secondary Education / Form 4 / Radio Lessons / Mathematics / Form 4 Term 2 Secondary Education / Form 4 / Radio Lessons / Mathematics / Form 4 Term 3 General Knowledge General Knowledge / VOA Connect General Knowledge / Ask the expert General Knowledge / Citizenship and Democracy General Knowledge / Digital Story General Knowledge / Impacted Educhannel Lessons Educhannel Lessons / English Educhannel Lessons / English / Transport and travel Educhannel Lessons / English / Pronunciation skills Educhannel Lessons / English / Listening and speaking Educhannel Lessons / English / Family Educhannel Lessons / English / Environment Educhannel Lessons / English / Drug and Substance Educhannel Lessons / Agriculture Educhannel Lessons / Biology Educhannel Lessons / Biology / Living Things Educhannel Lessons / Biology / Secretion and homeostasis Educhannel Lessons / Biology / Support and movement Educhannel Lessons / Business Studies Educhannel Lessons / Chemistry Educhannel Lessons / Earth Movement and Volcanicity Educhannel Lessons / Environmental Activities Educhannel Lessons / Geograpghy Educhannel Lessons / History Educhannel Lessons / History / Kenyan History Educhannel Lessons / Homescience Educhannel Lessons / Homescience / Basic care clothing Educhannel Lessons / Kiswahili Educhannel Lessons / Kiswahili / Primary Educhannel Lessons / Kiswahili / Primary / Darasa 4-5 Educhannel Lessons / Kiswahili / Secondary Educhannel Lessons / Kiswahili / Secondary / Isimu Jamii Educhannel Lessons / Kiswahili / Secondary / Sarufi Educhannel Lessons / Mathematics Educhannel Lessons / Mathematics / Secondary Educhannel Lessons / Mathematics / Secondary / Commercial Arithmetics Educhannel Lessons / Mathematics / Primary Educhannel Lessons / Mathematics / Primary / Class 5-8 Educhannel Lessons / Mathematics / Primary / Class 5-8 / Practical uses of Money Educhannel Lessons / Mathematics / Primary / Class 5-8 / Measurement Educhannel Lessons / Organic Chemistry Educhannel Lessons / Performing Music Educhannel Lessons / Homescience Educhannel Lessons / Homescience / Basic care of clothing Educhannel Lessons / Art and Craft Educhannel Lessons / Physics Educhannel Lessons / Physics / Thermodynamics Educhannel Lessons / Physics / Mechanics Educhannel Lessons / Physics / Electricity and Magnetism Educhannel Lessons / The Doyen Exposition Educhannel Lessons / Science Educhannel Lessons / Science / Making work easier Educhannel Lessons / Science / Living Things Educhannel Lessons / Science / Energy conservation Educhannel Lessons / Physical and Health Education Educhannel Lessons / Physical and Health Education / Grade 1-4 Open Education Resourses(OERs) Open Education Resourses(OERs) / Movement and Creative Activities Open Education Resourses(OERs) / 	Religious Education Activities Open Education Resourses(OERs) / Mathematical Activities Open Education Resourses(OERs) / Environmental Activities Open Education Resourses(OERs) / Kiswahili Language Open Education Resourses(OERs) / LTK | Concordia University Open Education Resourses(OERs) / Hygiene and Nutrition Open Education Resourses(OERs) / ENGLISH LANGUAGE ACTIVITIES Open Education Resourses(OERs) / Casio Materials Open Education Resourses(OERs) / Health Education Open Education Resourses(OERs) / Carbon Literacy Special Needs Education Special Needs Education / Grade 1 Special Needs Education / Grade 1 / Adapted Interactive Digital Content for Hearing Impaired(HI) Special Needs Education / Grade 1 / Adapted Interactive Digital Content for Hearing Impaired(HI) / English Activities Special Needs Education / Grade 1 / Adapted Interactive Digital Content for Hearing Impaired(HI) / Environmental Activities Special Needs Education / Grade 1 / Adapted Interactive Digital Content for Hearing Impaired(HI) / Creative Activities Special Needs Education / Grade 1 / Adapted Interactive Digital Content for Visual Impaired(VI) Special Needs Education / Grade 2 Special Needs Education / Grade 2 / Adapted Interactive Digital Content for Hearing Impaired(HI) Special Needs Education / Grade 2 / Adapted Interactive Digital Content for Hearing Impaired(HI) / Mathematics Grade 2 Special Needs Education / Grade 2 / Adapted Interactive Digital Content for Hearing Impaired(HI) / Environmental Activities Grade 2 Special Needs Education / Grade 2 / Adapted Interactive Digital Content for Hearing Impaired(HI) / Hygiene and Nutrition Grade 2 Special Needs Education / Grade 2 / Adapted Interactive Digital Content for Hearing Impaired(HI) / Christian Religious Education Grade 2 (HI) Special Needs Education / Grade 2 / Adapted Interactive Digital Content for Hearing Impaired(HI) / Literacy Activities Grade2 (HI) Special Needs Education / Grade 2 / Adapted Interactive Digital Content for Hearing Impaired(HI) / English Activities Grad2 H.I Special Needs Education / Grade 2 / Adapted Interactive Digital Content for Hearing Impaired(HI) / Creative Activities Grade2 -H.I Special Needs Education / Grade 2 / Adapted Interactive Digital Content for Visual Impaired(VI) Special Needs Education / Grade 2 / Adapted Interactive Digital Content for Visual Impaired(VI) / Mathematics Special Needs Education / Grade 2 / Adapted Interactive Digital Content for Visual Impaired(VI) / Kiswahili Special Needs Education / Grade 2 / Adapted Interactive Digital Content for Visual Impaired(VI) / English Special Needs Education / Grade 2 / Adapted Interactive Digital Content for Visual Impaired(VI) / Creative Activities Special Needs Education / Grade 2 / Adapted Interactive Digital Content for Visual Impaired(VI) / CRE Special Needs Education / Grade 3 Special Needs Education / Grade 3 / Adapted Interactive Digital Content for Learners with Hearing Impairment (HI) Special Needs Education / Grade 3 / Adapted Interactive Digital Content for Learners with Hearing Impairment (HI) / Visual Arts Special Needs Education / Grade 3 / Adapted Interactive Digital Content for Learners with Hearing Impairment (HI) / English Special Needs Education / Grade 3 / Adapted Interactive Digital Content for Learners with Hearing Impairment (HI) / Hygiene and Nutrition Special Needs Education / Grade 3 / Adapted Interactive Digital Content for Learners with Hearing Impairment (HI) / Music Special Needs Education / Grade 3 / Adapted Interactive Digital Content for Learners with Hearing Impairment (HI) / Mathematics Special Needs Education / Grade 3 / Adapted Interactive Digital Content for Learners with Hearing Impairment (HI) / Environmental Special Needs Education / Grade 3 / Adapted Interactive Digital Content for Learners with Hearing Impairment (HI) / CRE Special Needs Education / Grade 3 / Adapted Interactive Digital Content for Learners with Visual Impairment (VI) Special Needs Education / Grade 3 / Adapted Interactive Digital Content for Learners with Visual Impairment (VI) / Music Special Needs Education / Grade 3 / Adapted Interactive Digital Content for Learners with Visual Impairment (VI) / Mathematics Special Needs Education / Grade 3 / Adapted Interactive Digital Content for Learners with Visual Impairment (VI) / Visual Arts Special Needs Education / Grade 3 / Adapted Interactive Digital Content for Learners with Visual Impairment (VI) / Kiswahili Special Needs Education / Grade 3 / Adapted Interactive Digital Content for Learners with Visual Impairment (VI) / Hygiene and Nutrition Special Needs Education / Grade 3 / Adapted Interactive Digital Content for Learners with Visual Impairment (VI) / Environmental Special Needs Education / Grade 3 / Adapted Interactive Digital Content for Learners with Visual Impairment (VI) / English Special Needs Education / Grade 3 / Adapted Interactive Digital Content for Learners with Visual Impairment (VI) / CRE Special Needs Education / Grade 4 Special Needs Education / Grade 4 / Adapted Interactive Digital Content for Learners with Hearing Impairment (HI) Special Needs Education / Grade 4 / Adapted Interactive Digital Content for Learners with Hearing Impairment (HI) / Mathematics Special Needs Education / Grade 4 / Adapted Interactive Digital Content for Learners with Hearing Impairment (HI) / English Special Needs Education / Grade 4 / Adapted Interactive Digital Content for Learners with Hearing Impairment (HI) / Science and Technology Special Needs Education / Grade 4 / Adapted Interactive Digital Content for Learners with Hearing Impairment (HI) / Agriculture Special Needs Education / Grade 4 / Adapted Interactive Digital Content for Learners with Hearing Impairment (HI) / Social Studies Special Needs Education / Grade 4 / Adapted Interactive Digital Content for Learners with Hearing Impairment (HI) / Home Science Special Needs Education / Grade 4 / Adapted Interactive Digital Content for Learners with Hearing Impairment (HI) / Art and Craft Special Needs Education / Grade 4 / Adapted Interactive Digital Content for Learners with Hearing Impairment (HI) / Music Special Needs Education / Grade 4 / Adapted Interactive Digital Content for Learners with Hearing Impairment (HI) / Christian Religious Education (CRE) Special Needs Education / Grade 4 / Adapted Interactive Digital Content for Learners with Visual Impairment (VI) Special Needs Education / Grade 4 / Adapted Interactive Digital Content for Learners with Visual Impairment (VI) / Mathematics Special Needs Education / Grade 4 / Adapted Interactive Digital Content for Learners with Visual Impairment (VI) / English Special Needs Education / Grade 4 / Adapted Interactive Digital Content for Learners with Visual Impairment (VI) / Kiswahili Special Needs Education / Grade 4 / Adapted Interactive Digital Content for Learners with Visual Impairment (VI) / Science and Technology Special Needs Education / Grade 4 / Adapted Interactive Digital Content for Learners with Visual Impairment (VI) / Agriculture Special Needs Education / Grade 4 / Adapted Interactive Digital Content for Learners with Visual Impairment (VI) / Social Studies Special Needs Education / Grade 4 / Adapted Interactive Digital Content for Learners with Visual Impairment (VI) / Home Science Special Needs Education / Grade 4 / Adapted Interactive Digital Content for Learners with Visual Impairment (VI) / Art and Craft Special Needs Education / Grade 4 / Adapted Interactive Digital Content for Learners with Visual Impairment (VI) / Christian Religious Education (CRE) Special Needs Education / Grade 4 / Adapted Interactive Digital Content for Learners with Visual Impairment (VI) / Music Special Needs Education / Grade 5 Special Needs Education / Grade 5 / Adapted Interactive Digital Content for Learners with Hearing Impairment (HI) Special Needs Education / Grade 5 / Adapted Interactive Digital Content for Learners with Hearing Impairment (HI) / English Special Needs Education / Grade 5 / Adapted Interactive Digital Content for Learners with Hearing Impairment (HI) / Christian Religious Education Special Needs Education / Grade 5 / Adapted Interactive Digital Content for Learners with Hearing Impairment (HI) / Social Studies Special Needs Education / Grade 5 / Adapted Interactive Digital Content for Learners with Hearing Impairment (HI) / Agriculture and Nutrition Special Needs Education / Grade 5 / Adapted Interactive Digital Content for Learners with Hearing Impairment (HI) / Creative Arts Special Needs Education / Grade 5 / Adapted Interactive Digital Content for Learners with Hearing Impairment (HI) / Mathematics Special Needs Education / Grade 5 / Adapted Interactive Digital Content for Learners with Hearing Impairment (HI) / Science and Technology Special Needs Education / Grade 5 / Adapted Interactive Digital Content for Learners with Hearing Impairment (HI) / Islamic Religious Education Special Needs Education / Grade 5 / Adapted Interactive Digital Content for Learners with Visual Impairment (VI) Special Needs Education / Grade 5 / Adapted Interactive Digital Content for Learners with Visual Impairment (VI) / Creative Arts Special Needs Education / Grade 5 / Adapted Interactive Digital Content for Learners with Visual Impairment (VI) / Social Studies Special Needs Education / Grade 5 / Adapted Interactive Digital Content for Learners with Visual Impairment (VI) / Kiswahili Special Needs Education / Grade 5 / Adapted Interactive Digital Content for Learners with Visual Impairment (VI) / Christian Religious Education Special Needs Education / Grade 5 / Adapted Interactive Digital Content for Learners with Visual Impairment (VI) / Science and Technology Special Needs Education / Grade 5 / Adapted Interactive Digital Content for Learners with Visual Impairment (VI) / Agriculture and Nutrition Special Needs Education / Grade 5 / Adapted Interactive Digital Content for Learners with Visual Impairment (VI) / Islamic Religious Education Special Needs Education / Grade 5 / Adapted Interactive Digital Content for Learners with Visual Impairment (VI) / Mathematics Special Needs Education / Grade 5 / Adapted Interactive Digital Content for Learners with Visual Impairment (VI) / English Special Needs Education / Grade 6 Special Needs Education / Grade 6 / Adapted Interactive Digital Content for Learners with Hearing Impairment (HI) Special Needs Education / Grade 6 / Adapted Interactive Digital Content for Learners with Hearing Impairment (HI) / Science and Technology Special Needs Education / Grade 6 / Adapted Interactive Digital Content for Learners with Hearing Impairment (HI) / Christian Religious Education Special Needs Education / Grade 6 / Adapted Interactive Digital Content for Learners with Hearing Impairment (HI) / Creative Arts Special Needs Education / Grade 6 / Adapted Interactive Digital Content for Learners with Hearing Impairment (HI) / Islamic Religious Education Special Needs Education / Grade 6 / Adapted Interactive Digital Content for Learners with Hearing Impairment (HI) / English Special Needs Education / Grade 6 / Adapted Interactive Digital Content for Learners with Hearing Impairment (HI) / Social Studies Special Needs Education / Grade 6 / Adapted Interactive Digital Content for Learners with Hearing Impairment (HI) / Agriculture Special Needs Education / Grade 6 / Adapted Interactive Digital Content for Learners with Hearing Impairment (HI) / Mathematics Special Needs Education / Grade 6 / Adapted Interactive Digital Content for Learners with Visual Impairment (VI) Special Needs Education / Grade 6 / Adapted Interactive Digital Content for Learners with Visual Impairment (VI) / Christian Religious Education Special Needs Education / Grade 6 / Adapted Interactive Digital Content for Learners with Visual Impairment (VI) / Kiswahili Special Needs Education / Grade 6 / Adapted Interactive Digital Content for Learners with Visual Impairment (VI) / English Special Needs Education / Grade 6 / Adapted Interactive Digital Content for Learners with Visual Impairment (VI) / Creative Arts Special Needs Education / Grade 6 / Adapted Interactive Digital Content for Learners with Visual Impairment (VI) / Mathematics Special Needs Education / Grade 6 / Adapted Interactive Digital Content for Learners with Visual Impairment (VI) / Science and Technology Special Needs Education / Grade 6 / Adapted Interactive Digital Content for Learners with Visual Impairment (VI) / Islamic Religious Education Special Needs Education / Grade 6 / Adapted Interactive Digital Content for Learners with Visual Impairment (VI) / Social Studies Special Needs Education / Grade 6 / Adapted Interactive Digital Content for Learners with Visual Impairment (VI) / Agriculture and Nutrition Special Needs Education / Ebooks Special Needs Education / Videos Special Needs Education / Foundational and Stage-Based Special Needs Education / Prevocational Level Special Needs Education / Prevocational Level / Music Special Needs Education / Prevocational Level / Hindu Religious Education Special Needs Education / Prevocational Level / Christian Religious Education Special Needs Education / Prevocational Level / Physical Education Special Needs Education / Prevocational Level / Islamic Religious Education Special Needs Education / Prevocational Level / Social Studies Special Needs Education / Prevocational Level / Prevocational Skills 1 Special Needs Education / Prevocational Level / Prevocational Skills 2 Special Needs Education / Prevocational Level / Prevocational Skills 3 Accessible Digital Textbooks Interactive Simulations for Sciences and Mathematics Interactive Simulations for Sciences and Mathematics / Physics Interactive Simulations for Sciences and Mathematics / Chemistry Interactive Simulations for Sciences and Mathematics / Mathematics Information, Education and Communication(IEC) Materials Information, Education and Communication(IEC) Materials / Child Online Safety Information, Education and Communication(IEC) Materials / Child Road Safety Information, Education and Communication(IEC) Materials / Child Road Safety / Integration Matrices Information, Education and Communication(IEC) Materials / Child Road Safety / Integration Matrices / Early Years Education Information, Education and Communication(IEC) Materials / Child Road Safety / Integration Matrices / Upper Primary Information, Education and Communication(IEC) Materials / Child Road Safety / Integration Matrices / Junior School Information, Education and Communication(IEC) Materials / Child Road Safety / Integration Matrices / Senior School Information, Education and Communication(IEC) Materials / Child Road Safety / Information, Education and Communication(IEC) Materials on Child Road Safety Information, Education and Communication(IEC) Materials / Child Road Safety / Information, Education and Communication(IEC) Materials on Child Road Safety / Early Years Education Information, Education and Communication(IEC) Materials / Child Road Safety / Information, Education and Communication(IEC) Materials on Child Road Safety / Upper Primary Information, Education and Communication(IEC) Materials / Child Road Safety / Information, Education and Communication(IEC) Materials on Child Road Safety / Junior School Information, Education and Communication(IEC) Materials / Child Road Safety / Information, Education and Communication(IEC) Materials on Child Road Safety / Senior School Information, Education and Communication(IEC) Materials / Child Road Safety / Teacher's Handbook Information, Education and Communication(IEC) Materials / Financial Literacy Learners’ Toolkit Teacher Resources Teacher Resources / Educational Resources Materials Development Teacher Resources / Educational Resources Materials Development / CRE Teacher Resources / Educational Resources Materials Development / English Teacher Resources / Educational Resources Materials Development / Environment Teacher Resources / Educational Resources Materials Development / Foundations Teacher Resources / Educational Resources Materials Development / H.R.E Teacher Resources / Educational Resources Materials Development / Hygiene and Nutrition Teacher Resources / Educational Resources Materials Development / I.R.E Teacher Resources / Educational Resources Materials Development / Kiswahili Teacher Resources / Educational Resources Materials Development / Language Activities Teacher Resources / Educational Resources Materials Development / Literacy Skills Teacher Resources / Educational Resources Materials Development / Mathematics Teacher Resources / Educational Resources Materials Development / Movements and Arts Teacher Resources / Pre-Primary Teacher Radio Programmes Teacher Resources / CBC Courses Teacher Resources / Special Needs Educations Teacher Resources / Interactive Digital Content for Teacher Education Teacher Resources / Interactive Digital Content for Teacher Education / English Teacher Resources / Interactive Digital Content for Teacher Education / Music Teacher Resources / Interactive Digital Content for Teacher Education / Christian Religious Education Teacher Resources / Interactive Digital Content for Teacher Education / Art and Craft Teacher Resources / Interactive Digital Content for Teacher Education / Indigenous Languages Teacher Resources / Interactive Digital Content for Teacher Education / Home science Teacher Resources / Interactive Digital Content for Teacher Education / Science and Technology Teacher Resources / Interactive Digital Content for Teacher Education / Islamic Religious Education Teacher Resources / Interactive Digital Content for Teacher Education / Mandarin Teacher Resources / Interactive Digital Content for Teacher Education / Agriculture Teacher Resources / Interactive Digital Content for Teacher Education / Mathematics Teacher Resources / Interactive Digital Content for Teacher Education / French Teacher Resources / Interactive Digital Content for Teacher Education / Hindu Religious Education Teacher Resources / Interactive Digital Content for Teacher Education / Social Studies Teacher Resources / Interactive Digital Content for Teacher Education / Kiswahili Teacher Resources / Interactive Digital Content for Teacher Education / Physical Education Teacher Resources / Interactive Digital Content for Teacher Education / Arabic Parental Resources Financial Literacy Financial Literacy / Financial Literacy for Junior School Financial Literacy / Financial Literacy for Junior School / Taxation Financial Literacy / Financial Literacy for Senior School Financial Literacy / Financial Literacy for Senior School / Taxation Search lessons Search Expand allRadio LessonsEduchannel Video Lessons Interactive digital Content Ebooks Home Calendar Pre-primary Pre-Primary 1 Pre-Primary 2 Primary Grade 1 Grade 2 Grade 3 Grade 4 Grade 5 Grade 6 Secondary Grade 7 Grade 8 Form 1 Form 2 Form 3 Form 4 OER's SNE The Kenya Education Cloud (KEC) is a digital platform designed to enhance teaching and learning in Kenya by providing a wide range of digital educational resources. Serving as a centralized hub for e-learning, it promotes access to interactive content, supports modern pedagogical methods, and fosters collaboration among educators and learners. External Links Ministry of Education Kenya National Examinations Council Teachers Service Commission Kenya Kenya Institute of Special Education (KISE) ICT Authority TVET Authority Elimika Additional Resources Accessible Digital Textbook (ADT) Curriculum Reports Parental Resources Child Online Protection Guidelines Our Contacts Kenya Institute of Curriculum DevelopmentDesai Rd, Off Muranga Rd,Nairobi, Kenya. Telephone Contacts+254 729327331 +254 729327334 Email Addressinfo@kicd.ac.ke Kenya Education Cloud © 2024. All rights reserved. Privacy Policy Terms & Conditions (Login) Data retention summary","['mathematics', 'english', 'kiswahili', 'biology', 'chemistry', 'physics', 'geography', 'history', 'business', 'computer', 'agriculture', 'home_science', 'art', 'music', 'physical_education', 'religious_education']",form_1,cbc,[],2025-09-08T00:49:11.208083,unknown,pre_primary,,,"['pp1', 'pp2']"
https://elimika.kec.ac.ke/#,Elimika Platform | Kenya Education Cloud | Unlimited Learning Experinces,Elimika,"Elimika Platform | Kenya Education Cloud | Unlimited Learning Experinces Elimika home_app_logoSide panel English ‎(en)‎ Afrikaans ‎(af)‎ English ‎(en)‎ Search Close Search Toggle search input Log in Username Password Remember username Forgot Password? Log in Alternatively, you can Log in to the Elimika platform using your account on: Sign up Home frontpageloaded Search Site announcements Courses Skip to main content The Kenya Education Cloud (KEC) is a digital platform designed to enhance teaching and learning in Kenya by providing a wide range of digital educational resources. Serving as a centralized hub for e-learning, it promotes access to interactive content, supports modern pedagogical methods, and fosters collaboration among educators and learners. Follow Us External Links Ministry of Education Kenya National Examinations Council Teachers Service Commission Kenya Kenya Institute of Special Education (KISE) ICT Authority TVET Authority Follow Us External Links Additional Resources Accessible Digital Textbook (ADT) Curriculum Reports OrangeBook - List of Approved materials Child Online Protection Guidelines Parental Resources Follow Us Additional Resources Our Contacts Kenya Institute of Curriculum DevelopmentDesai Rd, Off Muranga Rd,Nairobi, Kenya.Telephone Contacts+254 729327331+254 729327334Email Addressinfo@kicd.ac.ke Follow Us Our Contacts English ‎(en)‎ Afrikaans ‎(af)‎ English ‎(en)‎ Kenya Institute of Curriculum Development Elimika © 2025. All rights reserved. Terms & Conditions Privacy Policy You are not logged in. (Log in)","['english', 'computer', 'art']",unknown,unknown,[],2025-09-08T00:49:11.279147,unknown,,,,
https://oer.kec.ac.ke/#,oer.kec.ac.ke,,"Home About Learning Areas Resources Menu Toggle Learning Areas Forums Events Calendar Mobile App Contact Log In Register Home About Learning Areas Resources Menu Toggle Learning Areas Forums Events Calendar Mobile App Contact Log In Register Home About Learning Areas Resources Menu Toggle Learning Areas Forums Events Calendar Mobile App Contact Log In Register Home About Learning Areas Resources Menu Toggle Learning Areas Forums Events Calendar Mobile App Contact Log In Register Home About Learning Areas Resources Menu Toggle Learning Areas Forums Events Calendar Mobile App Contact Log In Register Main Menu Main Menu Home About Learning Areas Resources Menu Toggle Learning Areas Forums Events Calendar Mobile App Contact Log In Register Home About Learning Areas Resources Menu Toggle Learning Areas Forums Events Calendar Mobile App Contact Log In Register Home About Learning Areas Resources Menu Toggle Learning Areas Forums Events Calendar Mobile App Contact Log In Register Home About Learning Areas Resources Menu Toggle Learning Areas Forums Events Calendar Mobile App Contact Log In Register OER Open Education Resources Platform Building Skills, Shaping Ethics for a Better Future Featured OERs Pre Primary Primary Junior School Senior School OPEN EDUCATION RESOURCES Grade 6 Music Grade 6 Agriculture Grade 6 Social Studies – Strand 2 (Visual Impairment) Grade 6 Christian Religious Education See More WHAT WE OFFER At KICD we are dedicated to empowering learners with tools and curated resources so that they can excel academically and prepare them for an ever evolving future. Here is what you can expect from us: Comprehensive Content Explore a wide range of subjects, from math and science to literature and art. Our interactive courses are designed to engage students with dynamic content, including videos, quizzes, and hands-on projects Expert Instruction Learn from experienced educators and who bring real-world knowledge and insights into the classroom. Our instructors are dedicated to providing clear explanations and fostering a collaborative learning environment Flexible Learning Options Whether you prefer self-paced study or structured schedules, our platform offers flexible learning paths that fit your lifestyle. Access content anytime, and from anywhere, so you can learn at your own pace Exceptional Support Our dedicated support team is always here to help. Whether you have questions about a course or need technical assistance, we’re committed to ensuring you have a smooth and enjoyable learning experience Share on Facebook Share on LinkedIn Email this Page OER Open Education Resources Platform Building Skills, Shaping Ethics for a Better Future Featured OERs Pre Primary Primary Junior School Senior School OPEN EDUCATION RESOURCES Grade 6 Music Grade 6 Agriculture Grade 6 Social Studies – Strand 2 (Visual Impairment) Grade 6 Christian Religious Education See More WHAT WE OFFER At KICD we are dedicated to empowering learners with tools and curated resources so that they can excel academically and prepare them for an ever evolving future. Here is what you can expect from us: Comprehensive Content Explore a wide range of subjects, from math and science to literature and art. Our interactive courses are designed to engage students with dynamic content, including videos, quizzes, and hands-on projects Expert Instruction Learn from experienced educators and who bring real-world knowledge and insights into the classroom. Our instructors are dedicated to providing clear explanations and fostering a collaborative learning environment Flexible Learning Options Whether you prefer self-paced study or structured schedules, our platform offers flexible learning paths that fit your lifestyle. Access content anytime, and from anywhere, so you can learn at your own pace Exceptional Support Our dedicated support team is always here to help. Whether you have questions about a course or need technical assistance, we’re committed to ensuring you have a smooth and enjoyable learning experience Share on Facebook Share on LinkedIn Email this Page OER Open Education Resources Platform Building Skills, Shaping Ethics for a Better Future Featured OERs Pre Primary Primary Junior School Senior School OPEN EDUCATION RESOURCES Grade 6 Music Grade 6 Agriculture Grade 6 Social Studies – Strand 2 (Visual Impairment) Grade 6 Christian Religious Education See More WHAT WE OFFER At KICD we are dedicated to empowering learners with tools and curated resources so that they can excel academically and prepare them for an ever evolving future. Here is what you can expect from us: Comprehensive Content Explore a wide range of subjects, from math and science to literature and art. Our interactive courses are designed to engage students with dynamic content, including videos, quizzes, and hands-on projects Expert Instruction Learn from experienced educators and who bring real-world knowledge and insights into the classroom. Our instructors are dedicated to providing clear explanations and fostering a collaborative learning environment Flexible Learning Options Whether you prefer self-paced study or structured schedules, our platform offers flexible learning paths that fit your lifestyle. Access content anytime, and from anywhere, so you can learn at your own pace Exceptional Support Our dedicated support team is always here to help. Whether you have questions about a course or need technical assistance, we’re committed to ensuring you have a smooth and enjoyable learning experience Share on Facebook Share on LinkedIn Email this Page Featured OERs See More oer.kec.ac.ke Skip to content Home About Learning Areas Resources Menu Toggle Learning Areas Forums Events Calendar Mobile App Contact Log In Register Main Menu Home About Learning Areas Resources Menu Toggle Learning Areas Forums Events Calendar Mobile App Contact Log In Register OER Open Education Resources Platform Building Skills, Shaping Ethics for a Better Future Featured OERs Pre Primary Primary Junior School Senior School OPEN EDUCATION RESOURCES Grade 6 Music Grade 6 Agriculture Grade 6 Social Studies – Strand 2 (Visual Impairment) Grade 6 Christian Religious Education See More WHAT WE OFFER At KICD we are dedicated to empowering learners with tools and curated resources so that they can excel academically and prepare them for an ever evolving future. Here is what you can expect from us: Comprehensive Content Explore a wide range of subjects, from math and science to literature and art. Our interactive courses are designed to engage students with dynamic content, including videos, quizzes, and hands-on projects Expert Instruction Learn from experienced educators and who bring real-world knowledge and insights into the classroom. Our instructors are dedicated to providing clear explanations and fostering a collaborative learning environment Flexible Learning Options Whether you prefer self-paced study or structured schedules, our platform offers flexible learning paths that fit your lifestyle. Access content anytime, and from anywhere, so you can learn at your own pace Exceptional Support Our dedicated support team is always here to help. Whether you have questions about a course or need technical assistance, we’re committed to ensuring you have a smooth and enjoyable learning experience Share on Facebook Share on LinkedIn Email this Page Kenya Institute ofCurriculum DevelopmentOpen Education Resources“Nurturing Every Learners Potential” The Kenya Institute of Curriculum Development(KICD) is an Institute established through the KICDAct No. 4 of 2013 of the laws of Kenya. © 2025 Kenya Institute of Curriculum Development.All Rights Reserved Our Contacts Kenya Institute of Curriculum Development Desai Rd, Off­ Muranga Rd, Nairobi, Kenya. Telephone Contacts +254 20 3749900-9 +254 20 3749900-3 +254 729 327 334 +254 787 883 311 Email Address info@kicd.ac.ke Developed by Darasa Online, a subsidiary of Mashariki Ltd. (Kenya) Notifications","['mathematics', 'english', 'geography', 'agriculture', 'art', 'music', 'religious_education']",grade_6,unknown,[],2025-09-08T00:49:12.185638,unknown,,,,
https://lms.kec.ac.ke/course/index.php?categoryid=531,Child Road Safety,"Kenya Education Cloud is your ultimate digital learning hub, providing access to curated e-learning resources, educational tools, and innovative content for students, teachers, and institutions.","Child Road Safety Home Lessons Information, Education and Communication(IEC) Materials Child Road Safety Lesson categories: Pre-Primary Pre-Primary / Radio Lessons Pre-Primary / Educhannel Video Lessons Pre-Primary / Educhannel Video Lessons / Language Activities Pre-Primary / Educhannel Video Lessons / Mathematics Pre-Primary / Educhannel Video Lessons / Our School Pre-Primary / Educhannel Video Lessons / Picture Making Pre-Primary / Educhannel Video Lessons / Social Environment Pre-Primary / Educhannel Video Lessons / Pre-Primary 1 Pre-Primary / Educhannel Video Lessons / Pre-Primary 2 Pre-Primary / Interactive digital Content Pre-Primary / Ebooks Primary Education Primary Education / Grade 1 Primary Education / Grade 1 / Educhannel TV Lessons Primary Education / Grade 1 / Educhannel TV Lessons / English Primary Education / Grade 1 / Educhannel TV Lessons / Mathematics Primary Education / Grade 1 / Educhannel TV Lessons / Kiswahili Primary Education / Grade 1 / Educhannel TV Lessons / Kenya Sign Language(KSL) Primary Education / Grade 1 / Educhannel TV Lessons / Hygiene and nutrition Primary Education / Grade 1 / Educhannel TV Lessons / Environmental Activities Primary Education / Grade 1 / Interactive Digital Content Primary Education / Grade 1 / Radio Lessons Primary Education / Grade 1 / Radio Lessons / Mathematics Primary Education / Grade 1 / Radio Lessons / Mathematics / Grade 1 Term 2 Primary Education / Grade 1 / Radio Lessons / Mathematics / Grade 1 Term 3 Primary Education / Grade 1 / Radio Lessons / Kiswahili Primary Education / Grade 1 / Radio Lessons / Kiswahili / Grade 1 Term 2 Primary Education / Grade 1 / Radio Lessons / Kiswahili / Grade 1 Term 3 Primary Education / Grade 1 / Radio Lessons / English Primary Education / Grade 1 / Radio Lessons / English / Grade 1 Term 2 Primary Education / Grade 1 / Radio Lessons / English / Grade 1 Term 3 Primary Education / Grade 1 / Ebooks Primary Education / Grade 1 / Ebooks / Tusome readers Primary Education / Grade 1 / Ebooks / Indigenous Languages Primary Education / Grade 2 Primary Education / Grade 2 / Interactive Digital Content Primary Education / Grade 2 / Educhannel Tv Lessons Primary Education / Grade 2 / Educhannel Tv Lessons / Mathematics Primary Education / Grade 2 / Educhannel Tv Lessons / English Primary Education / Grade 2 / Radio Lessons Primary Education / Grade 2 / Radio Lessons / Mathematics Primary Education / Grade 2 / Radio Lessons / Mathematics / Grade 2 Term 2 Primary Education / Grade 2 / Radio Lessons / English Primary Education / Grade 2 / Radio Lessons / English / Grade 2 Term 2 Primary Education / Grade 2 / Radio Lessons / English / Grade 2 Term 3 Primary Education / Grade 2 / Radio Lessons / Kiswahili Primary Education / Grade 2 / Radio Lessons / Kiswahili / Grade 2 Term 3 Primary Education / Grade 2 / Hygiene and Nutrition Primary Education / Grade 2 / Hygiene and Nutrition / Grade 2 Term 2 Primary Education / Grade 2 / E-books Primary Education / Grade 2 / E-books / Tusome Readers Primary Education / Grade 3 Primary Education / Grade 3 / Radio Lessons Primary Education / Grade 3 / Radio Lessons / Mathematics Primary Education / Grade 3 / Radio Lessons / Mathematics / Grade 3 Term 2 Primary Education / Grade 3 / Radio Lessons / Mathematics / Grade 3 Term 3 Primary Education / Grade 3 / Radio Lessons / English Primary Education / Grade 3 / Radio Lessons / English / Grade 3 Term 2 Primary Education / Grade 3 / Radio Lessons / English / Grade 3 Term 3 Primary Education / Grade 3 / Radio Lessons / Environmental Activities Primary Education / Grade 3 / Radio Lessons / Environmental Activities / Grade 3 Term 2 Primary Education / Grade 3 / Radio Lessons / Kiswahili Primary Education / Grade 3 / Radio Lessons / Kiswahili / Grade 3 Term 3 Primary Education / Grade 3 / Educhannel TV Lessons Primary Education / Grade 3 / Educhannel TV Lessons / Mathematics Primary Education / Grade 3 / Educhannel TV Lessons / English Primary Education / Grade 3 / Educhannel TV Lessons / Kiswahili Primary Education / Grade 3 / Educhannel TV Lessons / Hygiene and Nutrition Primary Education / Grade 3 / Educhannel TV Lessons / Environmental Activities Primary Education / Grade 3 / Interactive Digital Content Primary Education / Grade 3 / EBooks Primary Education / Grade 3 / Tusome English Video Lessons Primary Education / Grade 3 / Tusome English Video Lessons / Tusome English Grade 3 Lessons Primary Education / Grade 4 Primary Education / Grade 4 / Educhannel Tv Lessons Primary Education / Grade 4 / Educhannel Tv Lessons / Home Science Primary Education / Grade 4 / Educhannel Tv Lessons / Agriculture Primary Education / Grade 4 / Educhannel Tv Lessons / Music Primary Education / Grade 4 / Educhannel Tv Lessons / Physical Education Primary Education / Grade 4 / Educhannel Tv Lessons / Art and Craft Primary Education / Grade 4 / Educhannel Tv Lessons / Kenya Sign Language Primary Education / Grade 4 / Educhannel Tv Lessons / Mathematics Primary Education / Grade 4 / Educhannel Tv Lessons / Science and Technology Primary Education / Grade 4 / Educhannel Tv Lessons / Social Studies Primary Education / Grade 4 / Educhannel Tv Lessons / English Primary Education / Grade 4 / Educhannel Tv Lessons / Kiswahili Primary Education / Grade 4 / Educhannel Tv Lessons / Environmental Activity Primary Education / Grade 4 / Radio lessons Primary Education / Grade 4 / Radio lessons / Social Studies Primary Education / Grade 4 / Radio lessons / Social Studies / Grade 4 Term 2 Primary Education / Grade 4 / Radio lessons / Social Studies / Grade 4 Term 3 Primary Education / Grade 4 / Radio lessons / CRE Primary Education / Grade 4 / Radio lessons / CRE / Grade 4 Term 2 Primary Education / Grade 4 / Radio lessons / English Primary Education / Grade 4 / Radio lessons / English / Grade 4 Term 2 Primary Education / Grade 4 / Radio lessons / English / Grade 4 Term 3 Primary Education / Grade 4 / Radio lessons / Hygiene and Nutrition Primary Education / Grade 4 / Radio lessons / Hygiene and Nutrition / Grade 4 Term 1 Primary Education / Grade 4 / Radio lessons / IRE Primary Education / Grade 4 / Radio lessons / IRE / Grade 4 Term 2 Primary Education / Grade 4 / Radio lessons / Science and Technology Primary Education / Grade 4 / Radio lessons / Science and Technology / Grade 4 Term 3 Primary Education / Grade 4 / Radio lessons / Agriculture Primary Education / Grade 4 / Radio lessons / Agriculture / Grade 4 Term 3 Primary Education / Grade 4 / Radio lessons / Mathematics Primary Education / Grade 4 / Radio lessons / Mathematics / Grade 4 Term 3 Primary Education / Grade 4 / SNE Primary Education / Grade 4 / Interactive Digital Content Primary Education / Grade 5 Primary Education / Grade 5 / Educhannel Tv Lessons Primary Education / Grade 5 / Educhannel Tv Lessons / English Primary Education / Grade 5 / Educhannel Tv Lessons / Kiswahili Primary Education / Grade 5 / Educhannel Tv Lessons / Mathematics Primary Education / Grade 5 / Radio Lessons Primary Education / Grade 5 / Radio Lessons / English Primary Education / Grade 5 / Radio Lessons / Science and Technology Primary Education / Grade 5 / Radio Lessons / Agriculture Primary Education / Grade 5 / Radio Lessons / Social studies Primary Education / Grade 5 / Radio Lessons / Christian Religious Education Primary Education / Grade 5 / Radio Lessons / Mathematics Primary Education / Grade 5 / Interactive Digital Content Primary Education / Grade 6 Primary Education / Grade 6 / Radio Lessons Primary Education / Grade 6 / Radio Lessons / CRE Primary Education / Grade 6 / Radio Lessons / Social Studies Primary Education / Grade 6 / Radio Lessons / Science Primary Education / Grade 6 / Radio Lessons / Kiswahili Primary Education / Grade 6 / Radio Lessons / English Primary Education / Grade 6 / Radio Lessons / Mathematics Primary Education / Grade 6 / Educhannel TV Lessons Primary Education / Grade 6 / Educhannel TV Lessons / Kiswahili Primary Education / Grade 6 / Educhannel TV Lessons / Agriculture Primary Education / Grade 6 / Educhannel TV Lessons / Art and Craft Primary Education / Grade 6 / Educhannel TV Lessons / English Primary Education / Grade 6 / Educhannel TV Lessons / Home Science Primary Education / Grade 6 / Educhannel TV Lessons / Music Primary Education / Grade 6 / Educhannel TV Lessons / Science and technology Primary Education / Grade 6 / Educhannel TV Lessons / Physical health education Primary Education / Grade 6 / Interactive Digital Content Junior School Junior School / Grade 8 Junior School / Grade 8 / Educhannel Tv Lessons Junior School / Grade 8 / Radio Lessons Junior School / Grade 8 / Interactive Digital Content Junior School / Grade 7 Junior School / Grade 7 / Educhannel TV lessons Junior School / Grade 7 / Radio Lessons Junior School / Grade 7 / Radio Lessons / Mathematics Junior School / Grade 7 / Radio Lessons / Kiswahili Junior School / Grade 7 / Radio Lessons / English Junior School / Grade 7 / Radio Lessons / Christian Religious Education Junior School / Grade 7 / Radio Lessons / Integrated Science Junior School / Grade 7 / Radio Lessons / Social Studies Junior School / Grade 7 / Radio Lessons / Pre-Technical Studies Junior School / Grade 7 / Interactive Digital Content Secondary Education Secondary Education / Form 1 Secondary Education / Form 1 / Interactive Digital Content Secondary Education / Form 1 / Educhannel Tv Lessons Secondary Education / Form 1 / Educhannel Tv Lessons / Mathematics Secondary Education / Form 1 / Educhannel Tv Lessons / English Secondary Education / Form 1 / Educhannel Tv Lessons / Physics Secondary Education / Form 1 / Educhannel Tv Lessons / Biology Secondary Education / Form 1 / Educhannel Tv Lessons / Chemistry Secondary Education / Form 1 / Educhannel Tv Lessons / Kiswahili Secondary Education / Form 1 / Educhannel Tv Lessons / History and Government Secondary Education / Form 1 / Educhannel Tv Lessons / Business Studies Secondary Education / Form 1 / Radio Lessons Secondary Education / Form 1 / Ebooks Secondary Education / Form 2 Secondary Education / Form 2 / Interactive Digital Content Secondary Education / Form 2 / Educhannel Tv Lessons Secondary Education / Form 2 / Educhannel Tv Lessons / Physics Secondary Education / Form 2 / Radio Lessons Secondary Education / Form 2 / Radio Lessons / Biology Secondary Education / Form 3 Secondary Education / Form 3 / Interactive Digital Content Secondary Education / Form 3 / Educhannel Tv Lessons Secondary Education / Form 3 / Educhannel Tv Lessons / Mathematics Secondary Education / Form 3 / Educhannel Tv Lessons / English Secondary Education / Form 3 / Educhannel Tv Lessons / Kiswahili Secondary Education / Form 3 / Educhannel Tv Lessons / Biology Secondary Education / Form 3 / Educhannel Tv Lessons / Chemistry Secondary Education / Form 3 / Educhannel Tv Lessons / Physics Secondary Education / Form 3 / Educhannel Tv Lessons / Business Studies Secondary Education / Form 3 / Educhannel Tv Lessons / History and Government Secondary Education / Form 3 / Radio Lessons Secondary Education / Form 4 Secondary Education / Form 4 / Interactive Digital Content Secondary Education / Form 4 / Educhannel Tv Lessons Secondary Education / Form 4 / Educhannel Tv Lessons / Form 4 Mathematics Secondary Education / Form 4 / Educhannel Tv Lessons / Form 4 English Secondary Education / Form 4 / Educhannel Tv Lessons / Form 4 Physics Secondary Education / Form 4 / Educhannel Tv Lessons / Form 4 Biology Secondary Education / Form 4 / Educhannel Tv Lessons / Form 4 Kiswahili Secondary Education / Form 4 / Educhannel Tv Lessons / Form 4 Chemistry Secondary Education / Form 4 / Educhannel Tv Lessons / Form 4 History and Government Secondary Education / Form 4 / Educhannel Tv Lessons / Form 4 Business Studies Secondary Education / Form 4 / Radio Lessons Secondary Education / Form 4 / Radio Lessons / Mathematics Secondary Education / Form 4 / Radio Lessons / Mathematics / Form 4 Term 1 Secondary Education / Form 4 / Radio Lessons / Mathematics / Form 4 Term 2 Secondary Education / Form 4 / Radio Lessons / Mathematics / Form 4 Term 3 General Knowledge General Knowledge / VOA Connect General Knowledge / Ask the expert General Knowledge / Citizenship and Democracy General Knowledge / Digital Story General Knowledge / Impacted Educhannel Lessons Educhannel Lessons / English Educhannel Lessons / English / Transport and travel Educhannel Lessons / English / Pronunciation skills Educhannel Lessons / English / Listening and speaking Educhannel Lessons / English / Family Educhannel Lessons / English / Environment Educhannel Lessons / English / Drug and Substance Educhannel Lessons / Agriculture Educhannel Lessons / Biology Educhannel Lessons / Biology / Living Things Educhannel Lessons / Biology / Secretion and homeostasis Educhannel Lessons / Biology / Support and movement Educhannel Lessons / Business Studies Educhannel Lessons / Chemistry Educhannel Lessons / Earth Movement and Volcanicity Educhannel Lessons / Environmental Activities Educhannel Lessons / Geograpghy Educhannel Lessons / History Educhannel Lessons / History / Kenyan History Educhannel Lessons / Homescience Educhannel Lessons / Homescience / Basic care clothing Educhannel Lessons / Kiswahili Educhannel Lessons / Kiswahili / Primary Educhannel Lessons / Kiswahili / Primary / Darasa 4-5 Educhannel Lessons / Kiswahili / Secondary Educhannel Lessons / Kiswahili / Secondary / Isimu Jamii Educhannel Lessons / Kiswahili / Secondary / Sarufi Educhannel Lessons / Mathematics Educhannel Lessons / Mathematics / Secondary Educhannel Lessons / Mathematics / Secondary / Commercial Arithmetics Educhannel Lessons / Mathematics / Primary Educhannel Lessons / Mathematics / Primary / Class 5-8 Educhannel Lessons / Mathematics / Primary / Class 5-8 / Practical uses of Money Educhannel Lessons / Mathematics / Primary / Class 5-8 / Measurement Educhannel Lessons / Organic Chemistry Educhannel Lessons / Performing Music Educhannel Lessons / Homescience Educhannel Lessons / Homescience / Basic care of clothing Educhannel Lessons / Art and Craft Educhannel Lessons / Physics Educhannel Lessons / Physics / Thermodynamics Educhannel Lessons / Physics / Mechanics Educhannel Lessons / Physics / Electricity and Magnetism Educhannel Lessons / The Doyen Exposition Educhannel Lessons / Science Educhannel Lessons / Science / Making work easier Educhannel Lessons / Science / Living Things Educhannel Lessons / Science / Energy conservation Educhannel Lessons / Physical and Health Education Educhannel Lessons / Physical and Health Education / Grade 1-4 Open Education Resourses(OERs) Open Education Resourses(OERs) / Movement and Creative Activities Open Education Resourses(OERs) / 	Religious Education Activities Open Education Resourses(OERs) / Mathematical Activities Open Education Resourses(OERs) / Environmental Activities Open Education Resourses(OERs) / Kiswahili Language Open Education Resourses(OERs) / LTK | Concordia University Open Education Resourses(OERs) / Hygiene and Nutrition Open Education Resourses(OERs) / ENGLISH LANGUAGE ACTIVITIES Open Education Resourses(OERs) / Casio Materials Open Education Resourses(OERs) / Health Education Open Education Resourses(OERs) / Carbon Literacy Special Needs Education Special Needs Education / Grade 1 Special Needs Education / Grade 1 / Adapted Interactive Digital Content for Hearing Impaired(HI) Special Needs Education / Grade 1 / Adapted Interactive Digital Content for Hearing Impaired(HI) / English Activities Special Needs Education / Grade 1 / Adapted Interactive Digital Content for Hearing Impaired(HI) / Environmental Activities Special Needs Education / Grade 1 / Adapted Interactive Digital Content for Hearing Impaired(HI) / Creative Activities Special Needs Education / Grade 1 / Adapted Interactive Digital Content for Visual Impaired(VI) Special Needs Education / Grade 2 Special Needs Education / Grade 2 / Adapted Interactive Digital Content for Hearing Impaired(HI) Special Needs Education / Grade 2 / Adapted Interactive Digital Content for Hearing Impaired(HI) / Mathematics Grade 2 Special Needs Education / Grade 2 / Adapted Interactive Digital Content for Hearing Impaired(HI) / Environmental Activities Grade 2 Special Needs Education / Grade 2 / Adapted Interactive Digital Content for Hearing Impaired(HI) / Hygiene and Nutrition Grade 2 Special Needs Education / Grade 2 / Adapted Interactive Digital Content for Hearing Impaired(HI) / Christian Religious Education Grade 2 (HI) Special Needs Education / Grade 2 / Adapted Interactive Digital Content for Hearing Impaired(HI) / Literacy Activities Grade2 (HI) Special Needs Education / Grade 2 / Adapted Interactive Digital Content for Hearing Impaired(HI) / English Activities Grad2 H.I Special Needs Education / Grade 2 / Adapted Interactive Digital Content for Hearing Impaired(HI) / Creative Activities Grade2 -H.I Special Needs Education / Grade 2 / Adapted Interactive Digital Content for Visual Impaired(VI) Special Needs Education / Grade 2 / Adapted Interactive Digital Content for Visual Impaired(VI) / Mathematics Special Needs Education / Grade 2 / Adapted Interactive Digital Content for Visual Impaired(VI) / Kiswahili Special Needs Education / Grade 2 / Adapted Interactive Digital Content for Visual Impaired(VI) / English Special Needs Education / Grade 2 / Adapted Interactive Digital Content for Visual Impaired(VI) / Creative Activities Special Needs Education / Grade 2 / Adapted Interactive Digital Content for Visual Impaired(VI) / CRE Special Needs Education / Grade 3 Special Needs Education / Grade 3 / Adapted Interactive Digital Content for Learners with Hearing Impairment (HI) Special Needs Education / Grade 3 / Adapted Interactive Digital Content for Learners with Hearing Impairment (HI) / Visual Arts Special Needs Education / Grade 3 / Adapted Interactive Digital Content for Learners with Hearing Impairment (HI) / English Special Needs Education / Grade 3 / Adapted Interactive Digital Content for Learners with Hearing Impairment (HI) / Hygiene and Nutrition Special Needs Education / Grade 3 / Adapted Interactive Digital Content for Learners with Hearing Impairment (HI) / Music Special Needs Education / Grade 3 / Adapted Interactive Digital Content for Learners with Hearing Impairment (HI) / Mathematics Special Needs Education / Grade 3 / Adapted Interactive Digital Content for Learners with Hearing Impairment (HI) / Environmental Special Needs Education / Grade 3 / Adapted Interactive Digital Content for Learners with Hearing Impairment (HI) / CRE Special Needs Education / Grade 3 / Adapted Interactive Digital Content for Learners with Visual Impairment (VI) Special Needs Education / Grade 3 / Adapted Interactive Digital Content for Learners with Visual Impairment (VI) / Music Special Needs Education / Grade 3 / Adapted Interactive Digital Content for Learners with Visual Impairment (VI) / Mathematics Special Needs Education / Grade 3 / Adapted Interactive Digital Content for Learners with Visual Impairment (VI) / Visual Arts Special Needs Education / Grade 3 / Adapted Interactive Digital Content for Learners with Visual Impairment (VI) / Kiswahili Special Needs Education / Grade 3 / Adapted Interactive Digital Content for Learners with Visual Impairment (VI) / Hygiene and Nutrition Special Needs Education / Grade 3 / Adapted Interactive Digital Content for Learners with Visual Impairment (VI) / Environmental Special Needs Education / Grade 3 / Adapted Interactive Digital Content for Learners with Visual Impairment (VI) / English Special Needs Education / Grade 3 / Adapted Interactive Digital Content for Learners with Visual Impairment (VI) / CRE Special Needs Education / Grade 4 Special Needs Education / Grade 4 / Adapted Interactive Digital Content for Learners with Hearing Impairment (HI) Special Needs Education / Grade 4 / Adapted Interactive Digital Content for Learners with Hearing Impairment (HI) / Mathematics Special Needs Education / Grade 4 / Adapted Interactive Digital Content for Learners with Hearing Impairment (HI) / English Special Needs Education / Grade 4 / Adapted Interactive Digital Content for Learners with Hearing Impairment (HI) / Science and Technology Special Needs Education / Grade 4 / Adapted Interactive Digital Content for Learners with Hearing Impairment (HI) / Agriculture Special Needs Education / Grade 4 / Adapted Interactive Digital Content for Learners with Hearing Impairment (HI) / Social Studies Special Needs Education / Grade 4 / Adapted Interactive Digital Content for Learners with Hearing Impairment (HI) / Home Science Special Needs Education / Grade 4 / Adapted Interactive Digital Content for Learners with Hearing Impairment (HI) / Art and Craft Special Needs Education / Grade 4 / Adapted Interactive Digital Content for Learners with Hearing Impairment (HI) / Music Special Needs Education / Grade 4 / Adapted Interactive Digital Content for Learners with Hearing Impairment (HI) / Christian Religious Education (CRE) Special Needs Education / Grade 4 / Adapted Interactive Digital Content for Learners with Visual Impairment (VI) Special Needs Education / Grade 4 / Adapted Interactive Digital Content for Learners with Visual Impairment (VI) / Mathematics Special Needs Education / Grade 4 / Adapted Interactive Digital Content for Learners with Visual Impairment (VI) / English Special Needs Education / Grade 4 / Adapted Interactive Digital Content for Learners with Visual Impairment (VI) / Kiswahili Special Needs Education / Grade 4 / Adapted Interactive Digital Content for Learners with Visual Impairment (VI) / Science and Technology Special Needs Education / Grade 4 / Adapted Interactive Digital Content for Learners with Visual Impairment (VI) / Agriculture Special Needs Education / Grade 4 / Adapted Interactive Digital Content for Learners with Visual Impairment (VI) / Social Studies Special Needs Education / Grade 4 / Adapted Interactive Digital Content for Learners with Visual Impairment (VI) / Home Science Special Needs Education / Grade 4 / Adapted Interactive Digital Content for Learners with Visual Impairment (VI) / Art and Craft Special Needs Education / Grade 4 / Adapted Interactive Digital Content for Learners with Visual Impairment (VI) / Christian Religious Education (CRE) Special Needs Education / Grade 4 / Adapted Interactive Digital Content for Learners with Visual Impairment (VI) / Music Special Needs Education / Grade 5 Special Needs Education / Grade 5 / Adapted Interactive Digital Content for Learners with Hearing Impairment (HI) Special Needs Education / Grade 5 / Adapted Interactive Digital Content for Learners with Hearing Impairment (HI) / English Special Needs Education / Grade 5 / Adapted Interactive Digital Content for Learners with Hearing Impairment (HI) / Christian Religious Education Special Needs Education / Grade 5 / Adapted Interactive Digital Content for Learners with Hearing Impairment (HI) / Social Studies Special Needs Education / Grade 5 / Adapted Interactive Digital Content for Learners with Hearing Impairment (HI) / Agriculture and Nutrition Special Needs Education / Grade 5 / Adapted Interactive Digital Content for Learners with Hearing Impairment (HI) / Creative Arts Special Needs Education / Grade 5 / Adapted Interactive Digital Content for Learners with Hearing Impairment (HI) / Mathematics Special Needs Education / Grade 5 / Adapted Interactive Digital Content for Learners with Hearing Impairment (HI) / Science and Technology Special Needs Education / Grade 5 / Adapted Interactive Digital Content for Learners with Hearing Impairment (HI) / Islamic Religious Education Special Needs Education / Grade 5 / Adapted Interactive Digital Content for Learners with Visual Impairment (VI) Special Needs Education / Grade 5 / Adapted Interactive Digital Content for Learners with Visual Impairment (VI) / Creative Arts Special Needs Education / Grade 5 / Adapted Interactive Digital Content for Learners with Visual Impairment (VI) / Social Studies Special Needs Education / Grade 5 / Adapted Interactive Digital Content for Learners with Visual Impairment (VI) / Kiswahili Special Needs Education / Grade 5 / Adapted Interactive Digital Content for Learners with Visual Impairment (VI) / Christian Religious Education Special Needs Education / Grade 5 / Adapted Interactive Digital Content for Learners with Visual Impairment (VI) / Science and Technology Special Needs Education / Grade 5 / Adapted Interactive Digital Content for Learners with Visual Impairment (VI) / Agriculture and Nutrition Special Needs Education / Grade 5 / Adapted Interactive Digital Content for Learners with Visual Impairment (VI) / Islamic Religious Education Special Needs Education / Grade 5 / Adapted Interactive Digital Content for Learners with Visual Impairment (VI) / Mathematics Special Needs Education / Grade 5 / Adapted Interactive Digital Content for Learners with Visual Impairment (VI) / English Special Needs Education / Grade 6 Special Needs Education / Grade 6 / Adapted Interactive Digital Content for Learners with Hearing Impairment (HI) Special Needs Education / Grade 6 / Adapted Interactive Digital Content for Learners with Hearing Impairment (HI) / Science and Technology Special Needs Education / Grade 6 / Adapted Interactive Digital Content for Learners with Hearing Impairment (HI) / Christian Religious Education Special Needs Education / Grade 6 / Adapted Interactive Digital Content for Learners with Hearing Impairment (HI) / Creative Arts Special Needs Education / Grade 6 / Adapted Interactive Digital Content for Learners with Hearing Impairment (HI) / Islamic Religious Education Special Needs Education / Grade 6 / Adapted Interactive Digital Content for Learners with Hearing Impairment (HI) / English Special Needs Education / Grade 6 / Adapted Interactive Digital Content for Learners with Hearing Impairment (HI) / Social Studies Special Needs Education / Grade 6 / Adapted Interactive Digital Content for Learners with Hearing Impairment (HI) / Agriculture Special Needs Education / Grade 6 / Adapted Interactive Digital Content for Learners with Hearing Impairment (HI) / Mathematics Special Needs Education / Grade 6 / Adapted Interactive Digital Content for Learners with Visual Impairment (VI) Special Needs Education / Grade 6 / Adapted Interactive Digital Content for Learners with Visual Impairment (VI) / Christian Religious Education Special Needs Education / Grade 6 / Adapted Interactive Digital Content for Learners with Visual Impairment (VI) / Kiswahili Special Needs Education / Grade 6 / Adapted Interactive Digital Content for Learners with Visual Impairment (VI) / English Special Needs Education / Grade 6 / Adapted Interactive Digital Content for Learners with Visual Impairment (VI) / Creative Arts Special Needs Education / Grade 6 / Adapted Interactive Digital Content for Learners with Visual Impairment (VI) / Mathematics Special Needs Education / Grade 6 / Adapted Interactive Digital Content for Learners with Visual Impairment (VI) / Science and Technology Special Needs Education / Grade 6 / Adapted Interactive Digital Content for Learners with Visual Impairment (VI) / Islamic Religious Education Special Needs Education / Grade 6 / Adapted Interactive Digital Content for Learners with Visual Impairment (VI) / Social Studies Special Needs Education / Grade 6 / Adapted Interactive Digital Content for Learners with Visual Impairment (VI) / Agriculture and Nutrition Special Needs Education / Ebooks Special Needs Education / Videos Special Needs Education / Foundational and Stage-Based Special Needs Education / Prevocational Level Special Needs Education / Prevocational Level / Music Special Needs Education / Prevocational Level / Hindu Religious Education Special Needs Education / Prevocational Level / Christian Religious Education Special Needs Education / Prevocational Level / Physical Education Special Needs Education / Prevocational Level / Islamic Religious Education Special Needs Education / Prevocational Level / Social Studies Special Needs Education / Prevocational Level / Prevocational Skills 1 Special Needs Education / Prevocational Level / Prevocational Skills 2 Special Needs Education / Prevocational Level / Prevocational Skills 3 Accessible Digital Textbooks Interactive Simulations for Sciences and Mathematics Interactive Simulations for Sciences and Mathematics / Physics Interactive Simulations for Sciences and Mathematics / Chemistry Interactive Simulations for Sciences and Mathematics / Mathematics Information, Education and Communication(IEC) Materials Information, Education and Communication(IEC) Materials / Child Online Safety Information, Education and Communication(IEC) Materials / Child Road Safety Information, Education and Communication(IEC) Materials / Child Road Safety / Integration Matrices Information, Education and Communication(IEC) Materials / Child Road Safety / Integration Matrices / Early Years Education Information, Education and Communication(IEC) Materials / Child Road Safety / Integration Matrices / Upper Primary Information, Education and Communication(IEC) Materials / Child Road Safety / Integration Matrices / Junior School Information, Education and Communication(IEC) Materials / Child Road Safety / Integration Matrices / Senior School Information, Education and Communication(IEC) Materials / Child Road Safety / Information, Education and Communication(IEC) Materials on Child Road Safety Information, Education and Communication(IEC) Materials / Child Road Safety / Information, Education and Communication(IEC) Materials on Child Road Safety / Early Years Education Information, Education and Communication(IEC) Materials / Child Road Safety / Information, Education and Communication(IEC) Materials on Child Road Safety / Upper Primary Information, Education and Communication(IEC) Materials / Child Road Safety / Information, Education and Communication(IEC) Materials on Child Road Safety / Junior School Information, Education and Communication(IEC) Materials / Child Road Safety / Information, Education and Communication(IEC) Materials on Child Road Safety / Senior School Information, Education and Communication(IEC) Materials / Child Road Safety / Teacher's Handbook Information, Education and Communication(IEC) Materials / Financial Literacy Learners’ Toolkit Teacher Resources Teacher Resources / Educational Resources Materials Development Teacher Resources / Educational Resources Materials Development / CRE Teacher Resources / Educational Resources Materials Development / English Teacher Resources / Educational Resources Materials Development / Environment Teacher Resources / Educational Resources Materials Development / Foundations Teacher Resources / Educational Resources Materials Development / H.R.E Teacher Resources / Educational Resources Materials Development / Hygiene and Nutrition Teacher Resources / Educational Resources Materials Development / I.R.E Teacher Resources / Educational Resources Materials Development / Kiswahili Teacher Resources / Educational Resources Materials Development / Language Activities Teacher Resources / Educational Resources Materials Development / Literacy Skills Teacher Resources / Educational Resources Materials Development / Mathematics Teacher Resources / Educational Resources Materials Development / Movements and Arts Teacher Resources / Pre-Primary Teacher Radio Programmes Teacher Resources / CBC Courses Teacher Resources / Special Needs Educations Teacher Resources / Interactive Digital Content for Teacher Education Teacher Resources / Interactive Digital Content for Teacher Education / English Teacher Resources / Interactive Digital Content for Teacher Education / Music Teacher Resources / Interactive Digital Content for Teacher Education / Christian Religious Education Teacher Resources / Interactive Digital Content for Teacher Education / Art and Craft Teacher Resources / Interactive Digital Content for Teacher Education / Indigenous Languages Teacher Resources / Interactive Digital Content for Teacher Education / Home science Teacher Resources / Interactive Digital Content for Teacher Education / Science and Technology Teacher Resources / Interactive Digital Content for Teacher Education / Islamic Religious Education Teacher Resources / Interactive Digital Content for Teacher Education / Mandarin Teacher Resources / Interactive Digital Content for Teacher Education / Agriculture Teacher Resources / Interactive Digital Content for Teacher Education / Mathematics Teacher Resources / Interactive Digital Content for Teacher Education / French Teacher Resources / Interactive Digital Content for Teacher Education / Hindu Religious Education Teacher Resources / Interactive Digital Content for Teacher Education / Social Studies Teacher Resources / Interactive Digital Content for Teacher Education / Kiswahili Teacher Resources / Interactive Digital Content for Teacher Education / Physical Education Teacher Resources / Interactive Digital Content for Teacher Education / Arabic Parental Resources Financial Literacy Financial Literacy / Financial Literacy for Junior School Financial Literacy / Financial Literacy for Junior School / Taxation Financial Literacy / Financial Literacy for Senior School Financial Literacy / Financial Literacy for Senior School / Taxation Search lessons Search Expand allIntegration MatricesInformation, Education and Communication(IEC) Materials on Child Road SafetyTeacher's Handbook Integration MatricesInformation, Education and Communication(IEC) Materials on Child Road SafetyTeacher's Handbook Digital Content | Kenya Education Cloud | Unlimited Learning Experiences Skip to main content (Login) Child Road Safety Home Lessons Information, Education and Communication(IEC) Materials Child Road Safety Lesson categories: Pre-Primary Pre-Primary / Radio Lessons Pre-Primary / Educhannel Video Lessons Pre-Primary / Educhannel Video Lessons / Language Activities Pre-Primary / Educhannel Video Lessons / Mathematics Pre-Primary / Educhannel Video Lessons / Our School Pre-Primary / Educhannel Video Lessons / Picture Making Pre-Primary / Educhannel Video Lessons / Social Environment Pre-Primary / Educhannel Video Lessons / Pre-Primary 1 Pre-Primary / Educhannel Video Lessons / Pre-Primary 2 Pre-Primary / Interactive digital Content Pre-Primary / Ebooks Primary Education Primary Education / Grade 1 Primary Education / Grade 1 / Educhannel TV Lessons Primary Education / Grade 1 / Educhannel TV Lessons / English Primary Education / Grade 1 / Educhannel TV Lessons / Mathematics Primary Education / Grade 1 / Educhannel TV Lessons / Kiswahili Primary Education / Grade 1 / Educhannel TV Lessons / Kenya Sign Language(KSL) Primary Education / Grade 1 / Educhannel TV Lessons / Hygiene and nutrition Primary Education / Grade 1 / Educhannel TV Lessons / Environmental Activities Primary Education / Grade 1 / Interactive Digital Content Primary Education / Grade 1 / Radio Lessons Primary Education / Grade 1 / Radio Lessons / Mathematics Primary Education / Grade 1 / Radio Lessons / Mathematics / Grade 1 Term 2 Primary Education / Grade 1 / Radio Lessons / Mathematics / Grade 1 Term 3 Primary Education / Grade 1 / Radio Lessons / Kiswahili Primary Education / Grade 1 / Radio Lessons / Kiswahili / Grade 1 Term 2 Primary Education / Grade 1 / Radio Lessons / Kiswahili / Grade 1 Term 3 Primary Education / Grade 1 / Radio Lessons / English Primary Education / Grade 1 / Radio Lessons / English / Grade 1 Term 2 Primary Education / Grade 1 / Radio Lessons / English / Grade 1 Term 3 Primary Education / Grade 1 / Ebooks Primary Education / Grade 1 / Ebooks / Tusome readers Primary Education / Grade 1 / Ebooks / Indigenous Languages Primary Education / Grade 2 Primary Education / Grade 2 / Interactive Digital Content Primary Education / Grade 2 / Educhannel Tv Lessons Primary Education / Grade 2 / Educhannel Tv Lessons / Mathematics Primary Education / Grade 2 / Educhannel Tv Lessons / English Primary Education / Grade 2 / Radio Lessons Primary Education / Grade 2 / Radio Lessons / Mathematics Primary Education / Grade 2 / Radio Lessons / Mathematics / Grade 2 Term 2 Primary Education / Grade 2 / Radio Lessons / English Primary Education / Grade 2 / Radio Lessons / English / Grade 2 Term 2 Primary Education / Grade 2 / Radio Lessons / English / Grade 2 Term 3 Primary Education / Grade 2 / Radio Lessons / Kiswahili Primary Education / Grade 2 / Radio Lessons / Kiswahili / Grade 2 Term 3 Primary Education / Grade 2 / Hygiene and Nutrition Primary Education / Grade 2 / Hygiene and Nutrition / Grade 2 Term 2 Primary Education / Grade 2 / E-books Primary Education / Grade 2 / E-books / Tusome Readers Primary Education / Grade 3 Primary Education / Grade 3 / Radio Lessons Primary Education / Grade 3 / Radio Lessons / Mathematics Primary Education / Grade 3 / Radio Lessons / Mathematics / Grade 3 Term 2 Primary Education / Grade 3 / Radio Lessons / Mathematics / Grade 3 Term 3 Primary Education / Grade 3 / Radio Lessons / English Primary Education / Grade 3 / Radio Lessons / English / Grade 3 Term 2 Primary Education / Grade 3 / Radio Lessons / English / Grade 3 Term 3 Primary Education / Grade 3 / Radio Lessons / Environmental Activities Primary Education / Grade 3 / Radio Lessons / Environmental Activities / Grade 3 Term 2 Primary Education / Grade 3 / Radio Lessons / Kiswahili Primary Education / Grade 3 / Radio Lessons / Kiswahili / Grade 3 Term 3 Primary Education / Grade 3 / Educhannel TV Lessons Primary Education / Grade 3 / Educhannel TV Lessons / Mathematics Primary Education / Grade 3 / Educhannel TV Lessons / English Primary Education / Grade 3 / Educhannel TV Lessons / Kiswahili Primary Education / Grade 3 / Educhannel TV Lessons / Hygiene and Nutrition Primary Education / Grade 3 / Educhannel TV Lessons / Environmental Activities Primary Education / Grade 3 / Interactive Digital Content Primary Education / Grade 3 / EBooks Primary Education / Grade 3 / Tusome English Video Lessons Primary Education / Grade 3 / Tusome English Video Lessons / Tusome English Grade 3 Lessons Primary Education / Grade 4 Primary Education / Grade 4 / Educhannel Tv Lessons Primary Education / Grade 4 / Educhannel Tv Lessons / Home Science Primary Education / Grade 4 / Educhannel Tv Lessons / Agriculture Primary Education / Grade 4 / Educhannel Tv Lessons / Music Primary Education / Grade 4 / Educhannel Tv Lessons / Physical Education Primary Education / Grade 4 / Educhannel Tv Lessons / Art and Craft Primary Education / Grade 4 / Educhannel Tv Lessons / Kenya Sign Language Primary Education / Grade 4 / Educhannel Tv Lessons / Mathematics Primary Education / Grade 4 / Educhannel Tv Lessons / Science and Technology Primary Education / Grade 4 / Educhannel Tv Lessons / Social Studies Primary Education / Grade 4 / Educhannel Tv Lessons / English Primary Education / Grade 4 / Educhannel Tv Lessons / Kiswahili Primary Education / Grade 4 / Educhannel Tv Lessons / Environmental Activity Primary Education / Grade 4 / Radio lessons Primary Education / Grade 4 / Radio lessons / Social Studies Primary Education / Grade 4 / Radio lessons / Social Studies / Grade 4 Term 2 Primary Education / Grade 4 / Radio lessons / Social Studies / Grade 4 Term 3 Primary Education / Grade 4 / Radio lessons / CRE Primary Education / Grade 4 / Radio lessons / CRE / Grade 4 Term 2 Primary Education / Grade 4 / Radio lessons / English Primary Education / Grade 4 / Radio lessons / English / Grade 4 Term 2 Primary Education / Grade 4 / Radio lessons / English / Grade 4 Term 3 Primary Education / Grade 4 / Radio lessons / Hygiene and Nutrition Primary Education / Grade 4 / Radio lessons / Hygiene and Nutrition / Grade 4 Term 1 Primary Education / Grade 4 / Radio lessons / IRE Primary Education / Grade 4 / Radio lessons / IRE / Grade 4 Term 2 Primary Education / Grade 4 / Radio lessons / Science and Technology Primary Education / Grade 4 / Radio lessons / Science and Technology / Grade 4 Term 3 Primary Education / Grade 4 / Radio lessons / Agriculture Primary Education / Grade 4 / Radio lessons / Agriculture / Grade 4 Term 3 Primary Education / Grade 4 / Radio lessons / Mathematics Primary Education / Grade 4 / Radio lessons / Mathematics / Grade 4 Term 3 Primary Education / Grade 4 / SNE Primary Education / Grade 4 / Interactive Digital Content Primary Education / Grade 5 Primary Education / Grade 5 / Educhannel Tv Lessons Primary Education / Grade 5 / Educhannel Tv Lessons / English Primary Education / Grade 5 / Educhannel Tv Lessons / Kiswahili Primary Education / Grade 5 / Educhannel Tv Lessons / Mathematics Primary Education / Grade 5 / Radio Lessons Primary Education / Grade 5 / Radio Lessons / English Primary Education / Grade 5 / Radio Lessons / Science and Technology Primary Education / Grade 5 / Radio Lessons / Agriculture Primary Education / Grade 5 / Radio Lessons / Social studies Primary Education / Grade 5 / Radio Lessons / Christian Religious Education Primary Education / Grade 5 / Radio Lessons / Mathematics Primary Education / Grade 5 / Interactive Digital Content Primary Education / Grade 6 Primary Education / Grade 6 / Radio Lessons Primary Education / Grade 6 / Radio Lessons / CRE Primary Education / Grade 6 / Radio Lessons / Social Studies Primary Education / Grade 6 / Radio Lessons / Science Primary Education / Grade 6 / Radio Lessons / Kiswahili Primary Education / Grade 6 / Radio Lessons / English Primary Education / Grade 6 / Radio Lessons / Mathematics Primary Education / Grade 6 / Educhannel TV Lessons Primary Education / Grade 6 / Educhannel TV Lessons / Kiswahili Primary Education / Grade 6 / Educhannel TV Lessons / Agriculture Primary Education / Grade 6 / Educhannel TV Lessons / Art and Craft Primary Education / Grade 6 / Educhannel TV Lessons / English Primary Education / Grade 6 / Educhannel TV Lessons / Home Science Primary Education / Grade 6 / Educhannel TV Lessons / Music Primary Education / Grade 6 / Educhannel TV Lessons / Science and technology Primary Education / Grade 6 / Educhannel TV Lessons / Physical health education Primary Education / Grade 6 / Interactive Digital Content Junior School Junior School / Grade 8 Junior School / Grade 8 / Educhannel Tv Lessons Junior School / Grade 8 / Radio Lessons Junior School / Grade 8 / Interactive Digital Content Junior School / Grade 7 Junior School / Grade 7 / Educhannel TV lessons Junior School / Grade 7 / Radio Lessons Junior School / Grade 7 / Radio Lessons / Mathematics Junior School / Grade 7 / Radio Lessons / Kiswahili Junior School / Grade 7 / Radio Lessons / English Junior School / Grade 7 / Radio Lessons / Christian Religious Education Junior School / Grade 7 / Radio Lessons / Integrated Science Junior School / Grade 7 / Radio Lessons / Social Studies Junior School / Grade 7 / Radio Lessons / Pre-Technical Studies Junior School / Grade 7 / Interactive Digital Content Secondary Education Secondary Education / Form 1 Secondary Education / Form 1 / Interactive Digital Content Secondary Education / Form 1 / Educhannel Tv Lessons Secondary Education / Form 1 / Educhannel Tv Lessons / Mathematics Secondary Education / Form 1 / Educhannel Tv Lessons / English Secondary Education / Form 1 / Educhannel Tv Lessons / Physics Secondary Education / Form 1 / Educhannel Tv Lessons / Biology Secondary Education / Form 1 / Educhannel Tv Lessons / Chemistry Secondary Education / Form 1 / Educhannel Tv Lessons / Kiswahili Secondary Education / Form 1 / Educhannel Tv Lessons / History and Government Secondary Education / Form 1 / Educhannel Tv Lessons / Business Studies Secondary Education / Form 1 / Radio Lessons Secondary Education / Form 1 / Ebooks Secondary Education / Form 2 Secondary Education / Form 2 / Interactive Digital Content Secondary Education / Form 2 / Educhannel Tv Lessons Secondary Education / Form 2 / Educhannel Tv Lessons / Physics Secondary Education / Form 2 / Radio Lessons Secondary Education / Form 2 / Radio Lessons / Biology Secondary Education / Form 3 Secondary Education / Form 3 / Interactive Digital Content Secondary Education / Form 3 / Educhannel Tv Lessons Secondary Education / Form 3 / Educhannel Tv Lessons / Mathematics Secondary Education / Form 3 / Educhannel Tv Lessons / English Secondary Education / Form 3 / Educhannel Tv Lessons / Kiswahili Secondary Education / Form 3 / Educhannel Tv Lessons / Biology Secondary Education / Form 3 / Educhannel Tv Lessons / Chemistry Secondary Education / Form 3 / Educhannel Tv Lessons / Physics Secondary Education / Form 3 / Educhannel Tv Lessons / Business Studies Secondary Education / Form 3 / Educhannel Tv Lessons / History and Government Secondary Education / Form 3 / Radio Lessons Secondary Education / Form 4 Secondary Education / Form 4 / Interactive Digital Content Secondary Education / Form 4 / Educhannel Tv Lessons Secondary Education / Form 4 / Educhannel Tv Lessons / Form 4 Mathematics Secondary Education / Form 4 / Educhannel Tv Lessons / Form 4 English Secondary Education / Form 4 / Educhannel Tv Lessons / Form 4 Physics Secondary Education / Form 4 / Educhannel Tv Lessons / Form 4 Biology Secondary Education / Form 4 / Educhannel Tv Lessons / Form 4 Kiswahili Secondary Education / Form 4 / Educhannel Tv Lessons / Form 4 Chemistry Secondary Education / Form 4 / Educhannel Tv Lessons / Form 4 History and Government Secondary Education / Form 4 / Educhannel Tv Lessons / Form 4 Business Studies Secondary Education / Form 4 / Radio Lessons Secondary Education / Form 4 / Radio Lessons / Mathematics Secondary Education / Form 4 / Radio Lessons / Mathematics / Form 4 Term 1 Secondary Education / Form 4 / Radio Lessons / Mathematics / Form 4 Term 2 Secondary Education / Form 4 / Radio Lessons / Mathematics / Form 4 Term 3 General Knowledge General Knowledge / VOA Connect General Knowledge / Ask the expert General Knowledge / Citizenship and Democracy General Knowledge / Digital Story General Knowledge / Impacted Educhannel Lessons Educhannel Lessons / English Educhannel Lessons / English / Transport and travel Educhannel Lessons / English / Pronunciation skills Educhannel Lessons / English / Listening and speaking Educhannel Lessons / English / Family Educhannel Lessons / English / Environment Educhannel Lessons / English / Drug and Substance Educhannel Lessons / Agriculture Educhannel Lessons / Biology Educhannel Lessons / Biology / Living Things Educhannel Lessons / Biology / Secretion and homeostasis Educhannel Lessons / Biology / Support and movement Educhannel Lessons / Business Studies Educhannel Lessons / Chemistry Educhannel Lessons / Earth Movement and Volcanicity Educhannel Lessons / Environmental Activities Educhannel Lessons / Geograpghy Educhannel Lessons / History Educhannel Lessons / History / Kenyan History Educhannel Lessons / Homescience Educhannel Lessons / Homescience / Basic care clothing Educhannel Lessons / Kiswahili Educhannel Lessons / Kiswahili / Primary Educhannel Lessons / Kiswahili / Primary / Darasa 4-5 Educhannel Lessons / Kiswahili / Secondary Educhannel Lessons / Kiswahili / Secondary / Isimu Jamii Educhannel Lessons / Kiswahili / Secondary / Sarufi Educhannel Lessons / Mathematics Educhannel Lessons / Mathematics / Secondary Educhannel Lessons / Mathematics / Secondary / Commercial Arithmetics Educhannel Lessons / Mathematics / Primary Educhannel Lessons / Mathematics / Primary / Class 5-8 Educhannel Lessons / Mathematics / Primary / Class 5-8 / Practical uses of Money Educhannel Lessons / Mathematics / Primary / Class 5-8 / Measurement Educhannel Lessons / Organic Chemistry Educhannel Lessons / Performing Music Educhannel Lessons / Homescience Educhannel Lessons / Homescience / Basic care of clothing Educhannel Lessons / Art and Craft Educhannel Lessons / Physics Educhannel Lessons / Physics / Thermodynamics Educhannel Lessons / Physics / Mechanics Educhannel Lessons / Physics / Electricity and Magnetism Educhannel Lessons / The Doyen Exposition Educhannel Lessons / Science Educhannel Lessons / Science / Making work easier Educhannel Lessons / Science / Living Things Educhannel Lessons / Science / Energy conservation Educhannel Lessons / Physical and Health Education Educhannel Lessons / Physical and Health Education / Grade 1-4 Open Education Resourses(OERs) Open Education Resourses(OERs) / Movement and Creative Activities Open Education Resourses(OERs) / 	Religious Education Activities Open Education Resourses(OERs) / Mathematical Activities Open Education Resourses(OERs) / Environmental Activities Open Education Resourses(OERs) / Kiswahili Language Open Education Resourses(OERs) / LTK | Concordia University Open Education Resourses(OERs) / Hygiene and Nutrition Open Education Resourses(OERs) / ENGLISH LANGUAGE ACTIVITIES Open Education Resourses(OERs) / Casio Materials Open Education Resourses(OERs) / Health Education Open Education Resourses(OERs) / Carbon Literacy Special Needs Education Special Needs Education / Grade 1 Special Needs Education / Grade 1 / Adapted Interactive Digital Content for Hearing Impaired(HI) Special Needs Education / Grade 1 / Adapted Interactive Digital Content for Hearing Impaired(HI) / English Activities Special Needs Education / Grade 1 / Adapted Interactive Digital Content for Hearing Impaired(HI) / Environmental Activities Special Needs Education / Grade 1 / Adapted Interactive Digital Content for Hearing Impaired(HI) / Creative Activities Special Needs Education / Grade 1 / Adapted Interactive Digital Content for Visual Impaired(VI) Special Needs Education / Grade 2 Special Needs Education / Grade 2 / Adapted Interactive Digital Content for Hearing Impaired(HI) Special Needs Education / Grade 2 / Adapted Interactive Digital Content for Hearing Impaired(HI) / Mathematics Grade 2 Special Needs Education / Grade 2 / Adapted Interactive Digital Content for Hearing Impaired(HI) / Environmental Activities Grade 2 Special Needs Education / Grade 2 / Adapted Interactive Digital Content for Hearing Impaired(HI) / Hygiene and Nutrition Grade 2 Special Needs Education / Grade 2 / Adapted Interactive Digital Content for Hearing Impaired(HI) / Christian Religious Education Grade 2 (HI) Special Needs Education / Grade 2 / Adapted Interactive Digital Content for Hearing Impaired(HI) / Literacy Activities Grade2 (HI) Special Needs Education / Grade 2 / Adapted Interactive Digital Content for Hearing Impaired(HI) / English Activities Grad2 H.I Special Needs Education / Grade 2 / Adapted Interactive Digital Content for Hearing Impaired(HI) / Creative Activities Grade2 -H.I Special Needs Education / Grade 2 / Adapted Interactive Digital Content for Visual Impaired(VI) Special Needs Education / Grade 2 / Adapted Interactive Digital Content for Visual Impaired(VI) / Mathematics Special Needs Education / Grade 2 / Adapted Interactive Digital Content for Visual Impaired(VI) / Kiswahili Special Needs Education / Grade 2 / Adapted Interactive Digital Content for Visual Impaired(VI) / English Special Needs Education / Grade 2 / Adapted Interactive Digital Content for Visual Impaired(VI) / Creative Activities Special Needs Education / Grade 2 / Adapted Interactive Digital Content for Visual Impaired(VI) / CRE Special Needs Education / Grade 3 Special Needs Education / Grade 3 / Adapted Interactive Digital Content for Learners with Hearing Impairment (HI) Special Needs Education / Grade 3 / Adapted Interactive Digital Content for Learners with Hearing Impairment (HI) / Visual Arts Special Needs Education / Grade 3 / Adapted Interactive Digital Content for Learners with Hearing Impairment (HI) / English Special Needs Education / Grade 3 / Adapted Interactive Digital Content for Learners with Hearing Impairment (HI) / Hygiene and Nutrition Special Needs Education / Grade 3 / Adapted Interactive Digital Content for Learners with Hearing Impairment (HI) / Music Special Needs Education / Grade 3 / Adapted Interactive Digital Content for Learners with Hearing Impairment (HI) / Mathematics Special Needs Education / Grade 3 / Adapted Interactive Digital Content for Learners with Hearing Impairment (HI) / Environmental Special Needs Education / Grade 3 / Adapted Interactive Digital Content for Learners with Hearing Impairment (HI) / CRE Special Needs Education / Grade 3 / Adapted Interactive Digital Content for Learners with Visual Impairment (VI) Special Needs Education / Grade 3 / Adapted Interactive Digital Content for Learners with Visual Impairment (VI) / Music Special Needs Education / Grade 3 / Adapted Interactive Digital Content for Learners with Visual Impairment (VI) / Mathematics Special Needs Education / Grade 3 / Adapted Interactive Digital Content for Learners with Visual Impairment (VI) / Visual Arts Special Needs Education / Grade 3 / Adapted Interactive Digital Content for Learners with Visual Impairment (VI) / Kiswahili Special Needs Education / Grade 3 / Adapted Interactive Digital Content for Learners with Visual Impairment (VI) / Hygiene and Nutrition Special Needs Education / Grade 3 / Adapted Interactive Digital Content for Learners with Visual Impairment (VI) / Environmental Special Needs Education / Grade 3 / Adapted Interactive Digital Content for Learners with Visual Impairment (VI) / English Special Needs Education / Grade 3 / Adapted Interactive Digital Content for Learners with Visual Impairment (VI) / CRE Special Needs Education / Grade 4 Special Needs Education / Grade 4 / Adapted Interactive Digital Content for Learners with Hearing Impairment (HI) Special Needs Education / Grade 4 / Adapted Interactive Digital Content for Learners with Hearing Impairment (HI) / Mathematics Special Needs Education / Grade 4 / Adapted Interactive Digital Content for Learners with Hearing Impairment (HI) / English Special Needs Education / Grade 4 / Adapted Interactive Digital Content for Learners with Hearing Impairment (HI) / Science and Technology Special Needs Education / Grade 4 / Adapted Interactive Digital Content for Learners with Hearing Impairment (HI) / Agriculture Special Needs Education / Grade 4 / Adapted Interactive Digital Content for Learners with Hearing Impairment (HI) / Social Studies Special Needs Education / Grade 4 / Adapted Interactive Digital Content for Learners with Hearing Impairment (HI) / Home Science Special Needs Education / Grade 4 / Adapted Interactive Digital Content for Learners with Hearing Impairment (HI) / Art and Craft Special Needs Education / Grade 4 / Adapted Interactive Digital Content for Learners with Hearing Impairment (HI) / Music Special Needs Education / Grade 4 / Adapted Interactive Digital Content for Learners with Hearing Impairment (HI) / Christian Religious Education (CRE) Special Needs Education / Grade 4 / Adapted Interactive Digital Content for Learners with Visual Impairment (VI) Special Needs Education / Grade 4 / Adapted Interactive Digital Content for Learners with Visual Impairment (VI) / Mathematics Special Needs Education / Grade 4 / Adapted Interactive Digital Content for Learners with Visual Impairment (VI) / English Special Needs Education / Grade 4 / Adapted Interactive Digital Content for Learners with Visual Impairment (VI) / Kiswahili Special Needs Education / Grade 4 / Adapted Interactive Digital Content for Learners with Visual Impairment (VI) / Science and Technology Special Needs Education / Grade 4 / Adapted Interactive Digital Content for Learners with Visual Impairment (VI) / Agriculture Special Needs Education / Grade 4 / Adapted Interactive Digital Content for Learners with Visual Impairment (VI) / Social Studies Special Needs Education / Grade 4 / Adapted Interactive Digital Content for Learners with Visual Impairment (VI) / Home Science Special Needs Education / Grade 4 / Adapted Interactive Digital Content for Learners with Visual Impairment (VI) / Art and Craft Special Needs Education / Grade 4 / Adapted Interactive Digital Content for Learners with Visual Impairment (VI) / Christian Religious Education (CRE) Special Needs Education / Grade 4 / Adapted Interactive Digital Content for Learners with Visual Impairment (VI) / Music Special Needs Education / Grade 5 Special Needs Education / Grade 5 / Adapted Interactive Digital Content for Learners with Hearing Impairment (HI) Special Needs Education / Grade 5 / Adapted Interactive Digital Content for Learners with Hearing Impairment (HI) / English Special Needs Education / Grade 5 / Adapted Interactive Digital Content for Learners with Hearing Impairment (HI) / Christian Religious Education Special Needs Education / Grade 5 / Adapted Interactive Digital Content for Learners with Hearing Impairment (HI) / Social Studies Special Needs Education / Grade 5 / Adapted Interactive Digital Content for Learners with Hearing Impairment (HI) / Agriculture and Nutrition Special Needs Education / Grade 5 / Adapted Interactive Digital Content for Learners with Hearing Impairment (HI) / Creative Arts Special Needs Education / Grade 5 / Adapted Interactive Digital Content for Learners with Hearing Impairment (HI) / Mathematics Special Needs Education / Grade 5 / Adapted Interactive Digital Content for Learners with Hearing Impairment (HI) / Science and Technology Special Needs Education / Grade 5 / Adapted Interactive Digital Content for Learners with Hearing Impairment (HI) / Islamic Religious Education Special Needs Education / Grade 5 / Adapted Interactive Digital Content for Learners with Visual Impairment (VI) Special Needs Education / Grade 5 / Adapted Interactive Digital Content for Learners with Visual Impairment (VI) / Creative Arts Special Needs Education / Grade 5 / Adapted Interactive Digital Content for Learners with Visual Impairment (VI) / Social Studies Special Needs Education / Grade 5 / Adapted Interactive Digital Content for Learners with Visual Impairment (VI) / Kiswahili Special Needs Education / Grade 5 / Adapted Interactive Digital Content for Learners with Visual Impairment (VI) / Christian Religious Education Special Needs Education / Grade 5 / Adapted Interactive Digital Content for Learners with Visual Impairment (VI) / Science and Technology Special Needs Education / Grade 5 / Adapted Interactive Digital Content for Learners with Visual Impairment (VI) / Agriculture and Nutrition Special Needs Education / Grade 5 / Adapted Interactive Digital Content for Learners with Visual Impairment (VI) / Islamic Religious Education Special Needs Education / Grade 5 / Adapted Interactive Digital Content for Learners with Visual Impairment (VI) / Mathematics Special Needs Education / Grade 5 / Adapted Interactive Digital Content for Learners with Visual Impairment (VI) / English Special Needs Education / Grade 6 Special Needs Education / Grade 6 / Adapted Interactive Digital Content for Learners with Hearing Impairment (HI) Special Needs Education / Grade 6 / Adapted Interactive Digital Content for Learners with Hearing Impairment (HI) / Science and Technology Special Needs Education / Grade 6 / Adapted Interactive Digital Content for Learners with Hearing Impairment (HI) / Christian Religious Education Special Needs Education / Grade 6 / Adapted Interactive Digital Content for Learners with Hearing Impairment (HI) / Creative Arts Special Needs Education / Grade 6 / Adapted Interactive Digital Content for Learners with Hearing Impairment (HI) / Islamic Religious Education Special Needs Education / Grade 6 / Adapted Interactive Digital Content for Learners with Hearing Impairment (HI) / English Special Needs Education / Grade 6 / Adapted Interactive Digital Content for Learners with Hearing Impairment (HI) / Social Studies Special Needs Education / Grade 6 / Adapted Interactive Digital Content for Learners with Hearing Impairment (HI) / Agriculture Special Needs Education / Grade 6 / Adapted Interactive Digital Content for Learners with Hearing Impairment (HI) / Mathematics Special Needs Education / Grade 6 / Adapted Interactive Digital Content for Learners with Visual Impairment (VI) Special Needs Education / Grade 6 / Adapted Interactive Digital Content for Learners with Visual Impairment (VI) / Christian Religious Education Special Needs Education / Grade 6 / Adapted Interactive Digital Content for Learners with Visual Impairment (VI) / Kiswahili Special Needs Education / Grade 6 / Adapted Interactive Digital Content for Learners with Visual Impairment (VI) / English Special Needs Education / Grade 6 / Adapted Interactive Digital Content for Learners with Visual Impairment (VI) / Creative Arts Special Needs Education / Grade 6 / Adapted Interactive Digital Content for Learners with Visual Impairment (VI) / Mathematics Special Needs Education / Grade 6 / Adapted Interactive Digital Content for Learners with Visual Impairment (VI) / Science and Technology Special Needs Education / Grade 6 / Adapted Interactive Digital Content for Learners with Visual Impairment (VI) / Islamic Religious Education Special Needs Education / Grade 6 / Adapted Interactive Digital Content for Learners with Visual Impairment (VI) / Social Studies Special Needs Education / Grade 6 / Adapted Interactive Digital Content for Learners with Visual Impairment (VI) / Agriculture and Nutrition Special Needs Education / Ebooks Special Needs Education / Videos Special Needs Education / Foundational and Stage-Based Special Needs Education / Prevocational Level Special Needs Education / Prevocational Level / Music Special Needs Education / Prevocational Level / Hindu Religious Education Special Needs Education / Prevocational Level / Christian Religious Education Special Needs Education / Prevocational Level / Physical Education Special Needs Education / Prevocational Level / Islamic Religious Education Special Needs Education / Prevocational Level / Social Studies Special Needs Education / Prevocational Level / Prevocational Skills 1 Special Needs Education / Prevocational Level / Prevocational Skills 2 Special Needs Education / Prevocational Level / Prevocational Skills 3 Accessible Digital Textbooks Interactive Simulations for Sciences and Mathematics Interactive Simulations for Sciences and Mathematics / Physics Interactive Simulations for Sciences and Mathematics / Chemistry Interactive Simulations for Sciences and Mathematics / Mathematics Information, Education and Communication(IEC) Materials Information, Education and Communication(IEC) Materials / Child Online Safety Information, Education and Communication(IEC) Materials / Child Road Safety Information, Education and Communication(IEC) Materials / Child Road Safety / Integration Matrices Information, Education and Communication(IEC) Materials / Child Road Safety / Integration Matrices / Early Years Education Information, Education and Communication(IEC) Materials / Child Road Safety / Integration Matrices / Upper Primary Information, Education and Communication(IEC) Materials / Child Road Safety / Integration Matrices / Junior School Information, Education and Communication(IEC) Materials / Child Road Safety / Integration Matrices / Senior School Information, Education and Communication(IEC) Materials / Child Road Safety / Information, Education and Communication(IEC) Materials on Child Road Safety Information, Education and Communication(IEC) Materials / Child Road Safety / Information, Education and Communication(IEC) Materials on Child Road Safety / Early Years Education Information, Education and Communication(IEC) Materials / Child Road Safety / Information, Education and Communication(IEC) Materials on Child Road Safety / Upper Primary Information, Education and Communication(IEC) Materials / Child Road Safety / Information, Education and Communication(IEC) Materials on Child Road Safety / Junior School Information, Education and Communication(IEC) Materials / Child Road Safety / Information, Education and Communication(IEC) Materials on Child Road Safety / Senior School Information, Education and Communication(IEC) Materials / Child Road Safety / Teacher's Handbook Information, Education and Communication(IEC) Materials / Financial Literacy Learners’ Toolkit Teacher Resources Teacher Resources / Educational Resources Materials Development Teacher Resources / Educational Resources Materials Development / CRE Teacher Resources / Educational Resources Materials Development / English Teacher Resources / Educational Resources Materials Development / Environment Teacher Resources / Educational Resources Materials Development / Foundations Teacher Resources / Educational Resources Materials Development / H.R.E Teacher Resources / Educational Resources Materials Development / Hygiene and Nutrition Teacher Resources / Educational Resources Materials Development / I.R.E Teacher Resources / Educational Resources Materials Development / Kiswahili Teacher Resources / Educational Resources Materials Development / Language Activities Teacher Resources / Educational Resources Materials Development / Literacy Skills Teacher Resources / Educational Resources Materials Development / Mathematics Teacher Resources / Educational Resources Materials Development / Movements and Arts Teacher Resources / Pre-Primary Teacher Radio Programmes Teacher Resources / CBC Courses Teacher Resources / Special Needs Educations Teacher Resources / Interactive Digital Content for Teacher Education Teacher Resources / Interactive Digital Content for Teacher Education / English Teacher Resources / Interactive Digital Content for Teacher Education / Music Teacher Resources / Interactive Digital Content for Teacher Education / Christian Religious Education Teacher Resources / Interactive Digital Content for Teacher Education / Art and Craft Teacher Resources / Interactive Digital Content for Teacher Education / Indigenous Languages Teacher Resources / Interactive Digital Content for Teacher Education / Home science Teacher Resources / Interactive Digital Content for Teacher Education / Science and Technology Teacher Resources / Interactive Digital Content for Teacher Education / Islamic Religious Education Teacher Resources / Interactive Digital Content for Teacher Education / Mandarin Teacher Resources / Interactive Digital Content for Teacher Education / Agriculture Teacher Resources / Interactive Digital Content for Teacher Education / Mathematics Teacher Resources / Interactive Digital Content for Teacher Education / French Teacher Resources / Interactive Digital Content for Teacher Education / Hindu Religious Education Teacher Resources / Interactive Digital Content for Teacher Education / Social Studies Teacher Resources / Interactive Digital Content for Teacher Education / Kiswahili Teacher Resources / Interactive Digital Content for Teacher Education / Physical Education Teacher Resources / Interactive Digital Content for Teacher Education / Arabic Parental Resources Financial Literacy Financial Literacy / Financial Literacy for Junior School Financial Literacy / Financial Literacy for Junior School / Taxation Financial Literacy / Financial Literacy for Senior School Financial Literacy / Financial Literacy for Senior School / Taxation Search lessons Search Expand allIntegration MatricesInformation, Education and Communication(IEC) Materials on Child Road SafetyTeacher's Handbook Home Calendar Pre-primary Pre-Primary 1 Pre-Primary 2 Primary Grade 1 Grade 2 Grade 3 Grade 4 Grade 5 Grade 6 Secondary Grade 7 Grade 8 Form 1 Form 2 Form 3 Form 4 OER's SNE The Kenya Education Cloud (KEC) is a digital platform designed to enhance teaching and learning in Kenya by providing a wide range of digital educational resources. Serving as a centralized hub for e-learning, it promotes access to interactive content, supports modern pedagogical methods, and fosters collaboration among educators and learners. External Links Ministry of Education Kenya National Examinations Council Teachers Service Commission Kenya Kenya Institute of Special Education (KISE) ICT Authority TVET Authority Elimika Additional Resources Accessible Digital Textbook (ADT) Curriculum Reports Parental Resources Child Online Protection Guidelines Our Contacts Kenya Institute of Curriculum DevelopmentDesai Rd, Off Muranga Rd,Nairobi, Kenya. Telephone Contacts+254 729327331 +254 729327334 Email Addressinfo@kicd.ac.ke Kenya Education Cloud © 2024. All rights reserved. Privacy Policy Terms & Conditions (Login) Data retention summary","['mathematics', 'english', 'kiswahili', 'biology', 'chemistry', 'physics', 'geography', 'history', 'business', 'computer', 'agriculture', 'home_science', 'art', 'music', 'physical_education', 'religious_education']",form_1,cbc,[],2025-09-08T00:49:13.172513,unknown,,,,
https://elimika.kec.ac.ke/#maincontent,Elimika Platform | Kenya Education Cloud | Unlimited Learning Experinces,Elimika,"Elimika Platform | Kenya Education Cloud | Unlimited Learning Experinces Elimika home_app_logoSide panel English ‎(en)‎ Afrikaans ‎(af)‎ English ‎(en)‎ Search Close Search Toggle search input Log in Username Password Remember username Forgot Password? Log in Alternatively, you can Log in to the Elimika platform using your account on: Sign up Home frontpageloaded Search Site announcements Courses Skip to main content The Kenya Education Cloud (KEC) is a digital platform designed to enhance teaching and learning in Kenya by providing a wide range of digital educational resources. Serving as a centralized hub for e-learning, it promotes access to interactive content, supports modern pedagogical methods, and fosters collaboration among educators and learners. Follow Us External Links Ministry of Education Kenya National Examinations Council Teachers Service Commission Kenya Kenya Institute of Special Education (KISE) ICT Authority TVET Authority Follow Us External Links Additional Resources Accessible Digital Textbook (ADT) Curriculum Reports OrangeBook - List of Approved materials Child Online Protection Guidelines Parental Resources Follow Us Additional Resources Our Contacts Kenya Institute of Curriculum DevelopmentDesai Rd, Off Muranga Rd,Nairobi, Kenya.Telephone Contacts+254 729327331+254 729327334Email Addressinfo@kicd.ac.ke Follow Us Our Contacts English ‎(en)‎ Afrikaans ‎(af)‎ English ‎(en)‎ Kenya Institute of Curriculum Development Elimika © 2025. All rights reserved. Terms & Conditions Privacy Policy You are not logged in. (Log in)","['english', 'computer', 'art']",unknown,unknown,[],2025-09-08T00:49:14.163363,unknown,,,,
https://elimika.kec.ac.ke/?lang=af,Elimika Platform | Kenya Education Cloud | Unlimited Learning Experinces,Elimika,"Elimika Platform | Kenya Education Cloud | Unlimited Learning Experinces Elimika home_app_logoGlypaneel Afrikaans ‎(af)‎ Afrikaans ‎(af)‎ English ‎(en)‎ Soek Sluit Soek Wissel soek invoer Teken in Gebruikersnaam Wagwoord Onthou gebruikersnaam Forgot Password? Teken in Teken in met die gebruik van jou rekening by: Skep 'n nuwe profiel Tuisblad frontpageloaded Soek Site announcements Kursusse Slaan oor na hoof inhoud The Kenya Education Cloud (KEC) is a digital platform designed to enhance teaching and learning in Kenya by providing a wide range of digital educational resources. Serving as a centralized hub for e-learning, it promotes access to interactive content, supports modern pedagogical methods, and fosters collaboration among educators and learners. Follow Us External Links Ministry of Education Kenya National Examinations Council Teachers Service Commission Kenya Kenya Institute of Special Education (KISE) ICT Authority TVET Authority Follow Us External Links Additional Resources Accessible Digital Textbook (ADT) Curriculum Reports OrangeBook - List of Approved materials Child Online Protection Guidelines Parental Resources Follow Us Additional Resources Our Contacts Kenya Institute of Curriculum DevelopmentDesai Rd, Off Muranga Rd,Nairobi, Kenya.Telephone Contacts+254 729327331+254 729327334Email Addressinfo@kicd.ac.ke Follow Us Our Contacts Afrikaans ‎(af)‎ Afrikaans ‎(af)‎ English ‎(en)‎ Kenya Institute of Curriculum Development Elimika © 2025. All rights reserved. Terms & Conditions Privacy Policy Jy is nie in geteken nie. (Teken in)","['english', 'computer', 'art']",unknown,unknown,[],2025-09-08T00:49:15.174574,unknown,,,,
https://oer.kec.ac.ke/wp-login.php,Log In,,Log In ‹ oer.kec.ac.ke — WordPress Log In https://oer.kec.ac.ke Username or Email Address Password orLogin with Google Remember Me Register | Lost your password? ← Go to oer.kec.ac.ke,[],unknown,unknown,[],2025-09-08T00:49:16.179862,unknown,,,,
https://lms.kec.ac.ke/course/index.php?categoryid=303,General Knowledge,"Kenya Education Cloud is your ultimate digital learning hub, providing access to curated e-learning resources, educational tools, and innovative content for students, teachers, and institutions.","General Knowledge Home Lessons General Knowledge Lesson categories: Pre-Primary Pre-Primary / Radio Lessons Pre-Primary / Educhannel Video Lessons Pre-Primary / Educhannel Video Lessons / Language Activities Pre-Primary / Educhannel Video Lessons / Mathematics Pre-Primary / Educhannel Video Lessons / Our School Pre-Primary / Educhannel Video Lessons / Picture Making Pre-Primary / Educhannel Video Lessons / Social Environment Pre-Primary / Educhannel Video Lessons / Pre-Primary 1 Pre-Primary / Educhannel Video Lessons / Pre-Primary 2 Pre-Primary / Interactive digital Content Pre-Primary / Ebooks Primary Education Primary Education / Grade 1 Primary Education / Grade 1 / Educhannel TV Lessons Primary Education / Grade 1 / Educhannel TV Lessons / English Primary Education / Grade 1 / Educhannel TV Lessons / Mathematics Primary Education / Grade 1 / Educhannel TV Lessons / Kiswahili Primary Education / Grade 1 / Educhannel TV Lessons / Kenya Sign Language(KSL) Primary Education / Grade 1 / Educhannel TV Lessons / Hygiene and nutrition Primary Education / Grade 1 / Educhannel TV Lessons / Environmental Activities Primary Education / Grade 1 / Interactive Digital Content Primary Education / Grade 1 / Radio Lessons Primary Education / Grade 1 / Radio Lessons / Mathematics Primary Education / Grade 1 / Radio Lessons / Mathematics / Grade 1 Term 2 Primary Education / Grade 1 / Radio Lessons / Mathematics / Grade 1 Term 3 Primary Education / Grade 1 / Radio Lessons / Kiswahili Primary Education / Grade 1 / Radio Lessons / Kiswahili / Grade 1 Term 2 Primary Education / Grade 1 / Radio Lessons / Kiswahili / Grade 1 Term 3 Primary Education / Grade 1 / Radio Lessons / English Primary Education / Grade 1 / Radio Lessons / English / Grade 1 Term 2 Primary Education / Grade 1 / Radio Lessons / English / Grade 1 Term 3 Primary Education / Grade 1 / Ebooks Primary Education / Grade 1 / Ebooks / Tusome readers Primary Education / Grade 1 / Ebooks / Indigenous Languages Primary Education / Grade 2 Primary Education / Grade 2 / Interactive Digital Content Primary Education / Grade 2 / Educhannel Tv Lessons Primary Education / Grade 2 / Educhannel Tv Lessons / Mathematics Primary Education / Grade 2 / Educhannel Tv Lessons / English Primary Education / Grade 2 / Radio Lessons Primary Education / Grade 2 / Radio Lessons / Mathematics Primary Education / Grade 2 / Radio Lessons / Mathematics / Grade 2 Term 2 Primary Education / Grade 2 / Radio Lessons / English Primary Education / Grade 2 / Radio Lessons / English / Grade 2 Term 2 Primary Education / Grade 2 / Radio Lessons / English / Grade 2 Term 3 Primary Education / Grade 2 / Radio Lessons / Kiswahili Primary Education / Grade 2 / Radio Lessons / Kiswahili / Grade 2 Term 3 Primary Education / Grade 2 / Hygiene and Nutrition Primary Education / Grade 2 / Hygiene and Nutrition / Grade 2 Term 2 Primary Education / Grade 2 / E-books Primary Education / Grade 2 / E-books / Tusome Readers Primary Education / Grade 3 Primary Education / Grade 3 / Radio Lessons Primary Education / Grade 3 / Radio Lessons / Mathematics Primary Education / Grade 3 / Radio Lessons / Mathematics / Grade 3 Term 2 Primary Education / Grade 3 / Radio Lessons / Mathematics / Grade 3 Term 3 Primary Education / Grade 3 / Radio Lessons / English Primary Education / Grade 3 / Radio Lessons / English / Grade 3 Term 2 Primary Education / Grade 3 / Radio Lessons / English / Grade 3 Term 3 Primary Education / Grade 3 / Radio Lessons / Environmental Activities Primary Education / Grade 3 / Radio Lessons / Environmental Activities / Grade 3 Term 2 Primary Education / Grade 3 / Radio Lessons / Kiswahili Primary Education / Grade 3 / Radio Lessons / Kiswahili / Grade 3 Term 3 Primary Education / Grade 3 / Educhannel TV Lessons Primary Education / Grade 3 / Educhannel TV Lessons / Mathematics Primary Education / Grade 3 / Educhannel TV Lessons / English Primary Education / Grade 3 / Educhannel TV Lessons / Kiswahili Primary Education / Grade 3 / Educhannel TV Lessons / Hygiene and Nutrition Primary Education / Grade 3 / Educhannel TV Lessons / Environmental Activities Primary Education / Grade 3 / Interactive Digital Content Primary Education / Grade 3 / EBooks Primary Education / Grade 3 / Tusome English Video Lessons Primary Education / Grade 3 / Tusome English Video Lessons / Tusome English Grade 3 Lessons Primary Education / Grade 4 Primary Education / Grade 4 / Educhannel Tv Lessons Primary Education / Grade 4 / Educhannel Tv Lessons / Home Science Primary Education / Grade 4 / Educhannel Tv Lessons / Agriculture Primary Education / Grade 4 / Educhannel Tv Lessons / Music Primary Education / Grade 4 / Educhannel Tv Lessons / Physical Education Primary Education / Grade 4 / Educhannel Tv Lessons / Art and Craft Primary Education / Grade 4 / Educhannel Tv Lessons / Kenya Sign Language Primary Education / Grade 4 / Educhannel Tv Lessons / Mathematics Primary Education / Grade 4 / Educhannel Tv Lessons / Science and Technology Primary Education / Grade 4 / Educhannel Tv Lessons / Social Studies Primary Education / Grade 4 / Educhannel Tv Lessons / English Primary Education / Grade 4 / Educhannel Tv Lessons / Kiswahili Primary Education / Grade 4 / Educhannel Tv Lessons / Environmental Activity Primary Education / Grade 4 / Radio lessons Primary Education / Grade 4 / Radio lessons / Social Studies Primary Education / Grade 4 / Radio lessons / Social Studies / Grade 4 Term 2 Primary Education / Grade 4 / Radio lessons / Social Studies / Grade 4 Term 3 Primary Education / Grade 4 / Radio lessons / CRE Primary Education / Grade 4 / Radio lessons / CRE / Grade 4 Term 2 Primary Education / Grade 4 / Radio lessons / English Primary Education / Grade 4 / Radio lessons / English / Grade 4 Term 2 Primary Education / Grade 4 / Radio lessons / English / Grade 4 Term 3 Primary Education / Grade 4 / Radio lessons / Hygiene and Nutrition Primary Education / Grade 4 / Radio lessons / Hygiene and Nutrition / Grade 4 Term 1 Primary Education / Grade 4 / Radio lessons / IRE Primary Education / Grade 4 / Radio lessons / IRE / Grade 4 Term 2 Primary Education / Grade 4 / Radio lessons / Science and Technology Primary Education / Grade 4 / Radio lessons / Science and Technology / Grade 4 Term 3 Primary Education / Grade 4 / Radio lessons / Agriculture Primary Education / Grade 4 / Radio lessons / Agriculture / Grade 4 Term 3 Primary Education / Grade 4 / Radio lessons / Mathematics Primary Education / Grade 4 / Radio lessons / Mathematics / Grade 4 Term 3 Primary Education / Grade 4 / SNE Primary Education / Grade 4 / Interactive Digital Content Primary Education / Grade 5 Primary Education / Grade 5 / Educhannel Tv Lessons Primary Education / Grade 5 / Educhannel Tv Lessons / English Primary Education / Grade 5 / Educhannel Tv Lessons / Kiswahili Primary Education / Grade 5 / Educhannel Tv Lessons / Mathematics Primary Education / Grade 5 / Radio Lessons Primary Education / Grade 5 / Radio Lessons / English Primary Education / Grade 5 / Radio Lessons / Science and Technology Primary Education / Grade 5 / Radio Lessons / Agriculture Primary Education / Grade 5 / Radio Lessons / Social studies Primary Education / Grade 5 / Radio Lessons / Christian Religious Education Primary Education / Grade 5 / Radio Lessons / Mathematics Primary Education / Grade 5 / Interactive Digital Content Primary Education / Grade 6 Primary Education / Grade 6 / Radio Lessons Primary Education / Grade 6 / Radio Lessons / CRE Primary Education / Grade 6 / Radio Lessons / Social Studies Primary Education / Grade 6 / Radio Lessons / Science Primary Education / Grade 6 / Radio Lessons / Kiswahili Primary Education / Grade 6 / Radio Lessons / English Primary Education / Grade 6 / Radio Lessons / Mathematics Primary Education / Grade 6 / Educhannel TV Lessons Primary Education / Grade 6 / Educhannel TV Lessons / Kiswahili Primary Education / Grade 6 / Educhannel TV Lessons / Agriculture Primary Education / Grade 6 / Educhannel TV Lessons / Art and Craft Primary Education / Grade 6 / Educhannel TV Lessons / English Primary Education / Grade 6 / Educhannel TV Lessons / Home Science Primary Education / Grade 6 / Educhannel TV Lessons / Music Primary Education / Grade 6 / Educhannel TV Lessons / Science and technology Primary Education / Grade 6 / Educhannel TV Lessons / Physical health education Primary Education / Grade 6 / Interactive Digital Content Junior School Junior School / Grade 8 Junior School / Grade 8 / Educhannel Tv Lessons Junior School / Grade 8 / Radio Lessons Junior School / Grade 8 / Interactive Digital Content Junior School / Grade 7 Junior School / Grade 7 / Educhannel TV lessons Junior School / Grade 7 / Radio Lessons Junior School / Grade 7 / Radio Lessons / Mathematics Junior School / Grade 7 / Radio Lessons / Kiswahili Junior School / Grade 7 / Radio Lessons / English Junior School / Grade 7 / Radio Lessons / Christian Religious Education Junior School / Grade 7 / Radio Lessons / Integrated Science Junior School / Grade 7 / Radio Lessons / Social Studies Junior School / Grade 7 / Radio Lessons / Pre-Technical Studies Junior School / Grade 7 / Interactive Digital Content Secondary Education Secondary Education / Form 1 Secondary Education / Form 1 / Interactive Digital Content Secondary Education / Form 1 / Educhannel Tv Lessons Secondary Education / Form 1 / Educhannel Tv Lessons / Mathematics Secondary Education / Form 1 / Educhannel Tv Lessons / English Secondary Education / Form 1 / Educhannel Tv Lessons / Physics Secondary Education / Form 1 / Educhannel Tv Lessons / Biology Secondary Education / Form 1 / Educhannel Tv Lessons / Chemistry Secondary Education / Form 1 / Educhannel Tv Lessons / Kiswahili Secondary Education / Form 1 / Educhannel Tv Lessons / History and Government Secondary Education / Form 1 / Educhannel Tv Lessons / Business Studies Secondary Education / Form 1 / Radio Lessons Secondary Education / Form 1 / Ebooks Secondary Education / Form 2 Secondary Education / Form 2 / Interactive Digital Content Secondary Education / Form 2 / Educhannel Tv Lessons Secondary Education / Form 2 / Educhannel Tv Lessons / Physics Secondary Education / Form 2 / Radio Lessons Secondary Education / Form 2 / Radio Lessons / Biology Secondary Education / Form 3 Secondary Education / Form 3 / Interactive Digital Content Secondary Education / Form 3 / Educhannel Tv Lessons Secondary Education / Form 3 / Educhannel Tv Lessons / Mathematics Secondary Education / Form 3 / Educhannel Tv Lessons / English Secondary Education / Form 3 / Educhannel Tv Lessons / Kiswahili Secondary Education / Form 3 / Educhannel Tv Lessons / Biology Secondary Education / Form 3 / Educhannel Tv Lessons / Chemistry Secondary Education / Form 3 / Educhannel Tv Lessons / Physics Secondary Education / Form 3 / Educhannel Tv Lessons / Business Studies Secondary Education / Form 3 / Educhannel Tv Lessons / History and Government Secondary Education / Form 3 / Radio Lessons Secondary Education / Form 4 Secondary Education / Form 4 / Interactive Digital Content Secondary Education / Form 4 / Educhannel Tv Lessons Secondary Education / Form 4 / Educhannel Tv Lessons / Form 4 Mathematics Secondary Education / Form 4 / Educhannel Tv Lessons / Form 4 English Secondary Education / Form 4 / Educhannel Tv Lessons / Form 4 Physics Secondary Education / Form 4 / Educhannel Tv Lessons / Form 4 Biology Secondary Education / Form 4 / Educhannel Tv Lessons / Form 4 Kiswahili Secondary Education / Form 4 / Educhannel Tv Lessons / Form 4 Chemistry Secondary Education / Form 4 / Educhannel Tv Lessons / Form 4 History and Government Secondary Education / Form 4 / Educhannel Tv Lessons / Form 4 Business Studies Secondary Education / Form 4 / Radio Lessons Secondary Education / Form 4 / Radio Lessons / Mathematics Secondary Education / Form 4 / Radio Lessons / Mathematics / Form 4 Term 1 Secondary Education / Form 4 / Radio Lessons / Mathematics / Form 4 Term 2 Secondary Education / Form 4 / Radio Lessons / Mathematics / Form 4 Term 3 General Knowledge General Knowledge / VOA Connect General Knowledge / Ask the expert General Knowledge / Citizenship and Democracy General Knowledge / Digital Story General Knowledge / Impacted Educhannel Lessons Educhannel Lessons / English Educhannel Lessons / English / Transport and travel Educhannel Lessons / English / Pronunciation skills Educhannel Lessons / English / Listening and speaking Educhannel Lessons / English / Family Educhannel Lessons / English / Environment Educhannel Lessons / English / Drug and Substance Educhannel Lessons / Agriculture Educhannel Lessons / Biology Educhannel Lessons / Biology / Living Things Educhannel Lessons / Biology / Secretion and homeostasis Educhannel Lessons / Biology / Support and movement Educhannel Lessons / Business Studies Educhannel Lessons / Chemistry Educhannel Lessons / Earth Movement and Volcanicity Educhannel Lessons / Environmental Activities Educhannel Lessons / Geograpghy Educhannel Lessons / History Educhannel Lessons / History / Kenyan History Educhannel Lessons / Homescience Educhannel Lessons / Homescience / Basic care clothing Educhannel Lessons / Kiswahili Educhannel Lessons / Kiswahili / Primary Educhannel Lessons / Kiswahili / Primary / Darasa 4-5 Educhannel Lessons / Kiswahili / Secondary Educhannel Lessons / Kiswahili / Secondary / Isimu Jamii Educhannel Lessons / Kiswahili / Secondary / Sarufi Educhannel Lessons / Mathematics Educhannel Lessons / Mathematics / Secondary Educhannel Lessons / Mathematics / Secondary / Commercial Arithmetics Educhannel Lessons / Mathematics / Primary Educhannel Lessons / Mathematics / Primary / Class 5-8 Educhannel Lessons / Mathematics / Primary / Class 5-8 / Practical uses of Money Educhannel Lessons / Mathematics / Primary / Class 5-8 / Measurement Educhannel Lessons / Organic Chemistry Educhannel Lessons / Performing Music Educhannel Lessons / Homescience Educhannel Lessons / Homescience / Basic care of clothing Educhannel Lessons / Art and Craft Educhannel Lessons / Physics Educhannel Lessons / Physics / Thermodynamics Educhannel Lessons / Physics / Mechanics Educhannel Lessons / Physics / Electricity and Magnetism Educhannel Lessons / The Doyen Exposition Educhannel Lessons / Science Educhannel Lessons / Science / Making work easier Educhannel Lessons / Science / Living Things Educhannel Lessons / Science / Energy conservation Educhannel Lessons / Physical and Health Education Educhannel Lessons / Physical and Health Education / Grade 1-4 Open Education Resourses(OERs) Open Education Resourses(OERs) / Movement and Creative Activities Open Education Resourses(OERs) / 	Religious Education Activities Open Education Resourses(OERs) / Mathematical Activities Open Education Resourses(OERs) / Environmental Activities Open Education Resourses(OERs) / Kiswahili Language Open Education Resourses(OERs) / LTK | Concordia University Open Education Resourses(OERs) / Hygiene and Nutrition Open Education Resourses(OERs) / ENGLISH LANGUAGE ACTIVITIES Open Education Resourses(OERs) / Casio Materials Open Education Resourses(OERs) / Health Education Open Education Resourses(OERs) / Carbon Literacy Special Needs Education Special Needs Education / Grade 1 Special Needs Education / Grade 1 / Adapted Interactive Digital Content for Hearing Impaired(HI) Special Needs Education / Grade 1 / Adapted Interactive Digital Content for Hearing Impaired(HI) / English Activities Special Needs Education / Grade 1 / Adapted Interactive Digital Content for Hearing Impaired(HI) / Environmental Activities Special Needs Education / Grade 1 / Adapted Interactive Digital Content for Hearing Impaired(HI) / Creative Activities Special Needs Education / Grade 1 / Adapted Interactive Digital Content for Visual Impaired(VI) Special Needs Education / Grade 2 Special Needs Education / Grade 2 / Adapted Interactive Digital Content for Hearing Impaired(HI) Special Needs Education / Grade 2 / Adapted Interactive Digital Content for Hearing Impaired(HI) / Mathematics Grade 2 Special Needs Education / Grade 2 / Adapted Interactive Digital Content for Hearing Impaired(HI) / Environmental Activities Grade 2 Special Needs Education / Grade 2 / Adapted Interactive Digital Content for Hearing Impaired(HI) / Hygiene and Nutrition Grade 2 Special Needs Education / Grade 2 / Adapted Interactive Digital Content for Hearing Impaired(HI) / Christian Religious Education Grade 2 (HI) Special Needs Education / Grade 2 / Adapted Interactive Digital Content for Hearing Impaired(HI) / Literacy Activities Grade2 (HI) Special Needs Education / Grade 2 / Adapted Interactive Digital Content for Hearing Impaired(HI) / English Activities Grad2 H.I Special Needs Education / Grade 2 / Adapted Interactive Digital Content for Hearing Impaired(HI) / Creative Activities Grade2 -H.I Special Needs Education / Grade 2 / Adapted Interactive Digital Content for Visual Impaired(VI) Special Needs Education / Grade 2 / Adapted Interactive Digital Content for Visual Impaired(VI) / Mathematics Special Needs Education / Grade 2 / Adapted Interactive Digital Content for Visual Impaired(VI) / Kiswahili Special Needs Education / Grade 2 / Adapted Interactive Digital Content for Visual Impaired(VI) / English Special Needs Education / Grade 2 / Adapted Interactive Digital Content for Visual Impaired(VI) / Creative Activities Special Needs Education / Grade 2 / Adapted Interactive Digital Content for Visual Impaired(VI) / CRE Special Needs Education / Grade 3 Special Needs Education / Grade 3 / Adapted Interactive Digital Content for Learners with Hearing Impairment (HI) Special Needs Education / Grade 3 / Adapted Interactive Digital Content for Learners with Hearing Impairment (HI) / Visual Arts Special Needs Education / Grade 3 / Adapted Interactive Digital Content for Learners with Hearing Impairment (HI) / English Special Needs Education / Grade 3 / Adapted Interactive Digital Content for Learners with Hearing Impairment (HI) / Hygiene and Nutrition Special Needs Education / Grade 3 / Adapted Interactive Digital Content for Learners with Hearing Impairment (HI) / Music Special Needs Education / Grade 3 / Adapted Interactive Digital Content for Learners with Hearing Impairment (HI) / Mathematics Special Needs Education / Grade 3 / Adapted Interactive Digital Content for Learners with Hearing Impairment (HI) / Environmental Special Needs Education / Grade 3 / Adapted Interactive Digital Content for Learners with Hearing Impairment (HI) / CRE Special Needs Education / Grade 3 / Adapted Interactive Digital Content for Learners with Visual Impairment (VI) Special Needs Education / Grade 3 / Adapted Interactive Digital Content for Learners with Visual Impairment (VI) / Music Special Needs Education / Grade 3 / Adapted Interactive Digital Content for Learners with Visual Impairment (VI) / Mathematics Special Needs Education / Grade 3 / Adapted Interactive Digital Content for Learners with Visual Impairment (VI) / Visual Arts Special Needs Education / Grade 3 / Adapted Interactive Digital Content for Learners with Visual Impairment (VI) / Kiswahili Special Needs Education / Grade 3 / Adapted Interactive Digital Content for Learners with Visual Impairment (VI) / Hygiene and Nutrition Special Needs Education / Grade 3 / Adapted Interactive Digital Content for Learners with Visual Impairment (VI) / Environmental Special Needs Education / Grade 3 / Adapted Interactive Digital Content for Learners with Visual Impairment (VI) / English Special Needs Education / Grade 3 / Adapted Interactive Digital Content for Learners with Visual Impairment (VI) / CRE Special Needs Education / Grade 4 Special Needs Education / Grade 4 / Adapted Interactive Digital Content for Learners with Hearing Impairment (HI) Special Needs Education / Grade 4 / Adapted Interactive Digital Content for Learners with Hearing Impairment (HI) / Mathematics Special Needs Education / Grade 4 / Adapted Interactive Digital Content for Learners with Hearing Impairment (HI) / English Special Needs Education / Grade 4 / Adapted Interactive Digital Content for Learners with Hearing Impairment (HI) / Science and Technology Special Needs Education / Grade 4 / Adapted Interactive Digital Content for Learners with Hearing Impairment (HI) / Agriculture Special Needs Education / Grade 4 / Adapted Interactive Digital Content for Learners with Hearing Impairment (HI) / Social Studies Special Needs Education / Grade 4 / Adapted Interactive Digital Content for Learners with Hearing Impairment (HI) / Home Science Special Needs Education / Grade 4 / Adapted Interactive Digital Content for Learners with Hearing Impairment (HI) / Art and Craft Special Needs Education / Grade 4 / Adapted Interactive Digital Content for Learners with Hearing Impairment (HI) / Music Special Needs Education / Grade 4 / Adapted Interactive Digital Content for Learners with Hearing Impairment (HI) / Christian Religious Education (CRE) Special Needs Education / Grade 4 / Adapted Interactive Digital Content for Learners with Visual Impairment (VI) Special Needs Education / Grade 4 / Adapted Interactive Digital Content for Learners with Visual Impairment (VI) / Mathematics Special Needs Education / Grade 4 / Adapted Interactive Digital Content for Learners with Visual Impairment (VI) / English Special Needs Education / Grade 4 / Adapted Interactive Digital Content for Learners with Visual Impairment (VI) / Kiswahili Special Needs Education / Grade 4 / Adapted Interactive Digital Content for Learners with Visual Impairment (VI) / Science and Technology Special Needs Education / Grade 4 / Adapted Interactive Digital Content for Learners with Visual Impairment (VI) / Agriculture Special Needs Education / Grade 4 / Adapted Interactive Digital Content for Learners with Visual Impairment (VI) / Social Studies Special Needs Education / Grade 4 / Adapted Interactive Digital Content for Learners with Visual Impairment (VI) / Home Science Special Needs Education / Grade 4 / Adapted Interactive Digital Content for Learners with Visual Impairment (VI) / Art and Craft Special Needs Education / Grade 4 / Adapted Interactive Digital Content for Learners with Visual Impairment (VI) / Christian Religious Education (CRE) Special Needs Education / Grade 4 / Adapted Interactive Digital Content for Learners with Visual Impairment (VI) / Music Special Needs Education / Grade 5 Special Needs Education / Grade 5 / Adapted Interactive Digital Content for Learners with Hearing Impairment (HI) Special Needs Education / Grade 5 / Adapted Interactive Digital Content for Learners with Hearing Impairment (HI) / English Special Needs Education / Grade 5 / Adapted Interactive Digital Content for Learners with Hearing Impairment (HI) / Christian Religious Education Special Needs Education / Grade 5 / Adapted Interactive Digital Content for Learners with Hearing Impairment (HI) / Social Studies Special Needs Education / Grade 5 / Adapted Interactive Digital Content for Learners with Hearing Impairment (HI) / Agriculture and Nutrition Special Needs Education / Grade 5 / Adapted Interactive Digital Content for Learners with Hearing Impairment (HI) / Creative Arts Special Needs Education / Grade 5 / Adapted Interactive Digital Content for Learners with Hearing Impairment (HI) / Mathematics Special Needs Education / Grade 5 / Adapted Interactive Digital Content for Learners with Hearing Impairment (HI) / Science and Technology Special Needs Education / Grade 5 / Adapted Interactive Digital Content for Learners with Hearing Impairment (HI) / Islamic Religious Education Special Needs Education / Grade 5 / Adapted Interactive Digital Content for Learners with Visual Impairment (VI) Special Needs Education / Grade 5 / Adapted Interactive Digital Content for Learners with Visual Impairment (VI) / Creative Arts Special Needs Education / Grade 5 / Adapted Interactive Digital Content for Learners with Visual Impairment (VI) / Social Studies Special Needs Education / Grade 5 / Adapted Interactive Digital Content for Learners with Visual Impairment (VI) / Kiswahili Special Needs Education / Grade 5 / Adapted Interactive Digital Content for Learners with Visual Impairment (VI) / Christian Religious Education Special Needs Education / Grade 5 / Adapted Interactive Digital Content for Learners with Visual Impairment (VI) / Science and Technology Special Needs Education / Grade 5 / Adapted Interactive Digital Content for Learners with Visual Impairment (VI) / Agriculture and Nutrition Special Needs Education / Grade 5 / Adapted Interactive Digital Content for Learners with Visual Impairment (VI) / Islamic Religious Education Special Needs Education / Grade 5 / Adapted Interactive Digital Content for Learners with Visual Impairment (VI) / Mathematics Special Needs Education / Grade 5 / Adapted Interactive Digital Content for Learners with Visual Impairment (VI) / English Special Needs Education / Grade 6 Special Needs Education / Grade 6 / Adapted Interactive Digital Content for Learners with Hearing Impairment (HI) Special Needs Education / Grade 6 / Adapted Interactive Digital Content for Learners with Hearing Impairment (HI) / Science and Technology Special Needs Education / Grade 6 / Adapted Interactive Digital Content for Learners with Hearing Impairment (HI) / Christian Religious Education Special Needs Education / Grade 6 / Adapted Interactive Digital Content for Learners with Hearing Impairment (HI) / Creative Arts Special Needs Education / Grade 6 / Adapted Interactive Digital Content for Learners with Hearing Impairment (HI) / Islamic Religious Education Special Needs Education / Grade 6 / Adapted Interactive Digital Content for Learners with Hearing Impairment (HI) / English Special Needs Education / Grade 6 / Adapted Interactive Digital Content for Learners with Hearing Impairment (HI) / Social Studies Special Needs Education / Grade 6 / Adapted Interactive Digital Content for Learners with Hearing Impairment (HI) / Agriculture Special Needs Education / Grade 6 / Adapted Interactive Digital Content for Learners with Hearing Impairment (HI) / Mathematics Special Needs Education / Grade 6 / Adapted Interactive Digital Content for Learners with Visual Impairment (VI) Special Needs Education / Grade 6 / Adapted Interactive Digital Content for Learners with Visual Impairment (VI) / Christian Religious Education Special Needs Education / Grade 6 / Adapted Interactive Digital Content for Learners with Visual Impairment (VI) / Kiswahili Special Needs Education / Grade 6 / Adapted Interactive Digital Content for Learners with Visual Impairment (VI) / English Special Needs Education / Grade 6 / Adapted Interactive Digital Content for Learners with Visual Impairment (VI) / Creative Arts Special Needs Education / Grade 6 / Adapted Interactive Digital Content for Learners with Visual Impairment (VI) / Mathematics Special Needs Education / Grade 6 / Adapted Interactive Digital Content for Learners with Visual Impairment (VI) / Science and Technology Special Needs Education / Grade 6 / Adapted Interactive Digital Content for Learners with Visual Impairment (VI) / Islamic Religious Education Special Needs Education / Grade 6 / Adapted Interactive Digital Content for Learners with Visual Impairment (VI) / Social Studies Special Needs Education / Grade 6 / Adapted Interactive Digital Content for Learners with Visual Impairment (VI) / Agriculture and Nutrition Special Needs Education / Ebooks Special Needs Education / Videos Special Needs Education / Foundational and Stage-Based Special Needs Education / Prevocational Level Special Needs Education / Prevocational Level / Music Special Needs Education / Prevocational Level / Hindu Religious Education Special Needs Education / Prevocational Level / Christian Religious Education Special Needs Education / Prevocational Level / Physical Education Special Needs Education / Prevocational Level / Islamic Religious Education Special Needs Education / Prevocational Level / Social Studies Special Needs Education / Prevocational Level / Prevocational Skills 1 Special Needs Education / Prevocational Level / Prevocational Skills 2 Special Needs Education / Prevocational Level / Prevocational Skills 3 Accessible Digital Textbooks Interactive Simulations for Sciences and Mathematics Interactive Simulations for Sciences and Mathematics / Physics Interactive Simulations for Sciences and Mathematics / Chemistry Interactive Simulations for Sciences and Mathematics / Mathematics Information, Education and Communication(IEC) Materials Information, Education and Communication(IEC) Materials / Child Online Safety Information, Education and Communication(IEC) Materials / Child Road Safety Information, Education and Communication(IEC) Materials / Child Road Safety / Integration Matrices Information, Education and Communication(IEC) Materials / Child Road Safety / Integration Matrices / Early Years Education Information, Education and Communication(IEC) Materials / Child Road Safety / Integration Matrices / Upper Primary Information, Education and Communication(IEC) Materials / Child Road Safety / Integration Matrices / Junior School Information, Education and Communication(IEC) Materials / Child Road Safety / Integration Matrices / Senior School Information, Education and Communication(IEC) Materials / Child Road Safety / Information, Education and Communication(IEC) Materials on Child Road Safety Information, Education and Communication(IEC) Materials / Child Road Safety / Information, Education and Communication(IEC) Materials on Child Road Safety / Early Years Education Information, Education and Communication(IEC) Materials / Child Road Safety / Information, Education and Communication(IEC) Materials on Child Road Safety / Upper Primary Information, Education and Communication(IEC) Materials / Child Road Safety / Information, Education and Communication(IEC) Materials on Child Road Safety / Junior School Information, Education and Communication(IEC) Materials / Child Road Safety / Information, Education and Communication(IEC) Materials on Child Road Safety / Senior School Information, Education and Communication(IEC) Materials / Child Road Safety / Teacher's Handbook Information, Education and Communication(IEC) Materials / Financial Literacy Learners’ Toolkit Teacher Resources Teacher Resources / Educational Resources Materials Development Teacher Resources / Educational Resources Materials Development / CRE Teacher Resources / Educational Resources Materials Development / English Teacher Resources / Educational Resources Materials Development / Environment Teacher Resources / Educational Resources Materials Development / Foundations Teacher Resources / Educational Resources Materials Development / H.R.E Teacher Resources / Educational Resources Materials Development / Hygiene and Nutrition Teacher Resources / Educational Resources Materials Development / I.R.E Teacher Resources / Educational Resources Materials Development / Kiswahili Teacher Resources / Educational Resources Materials Development / Language Activities Teacher Resources / Educational Resources Materials Development / Literacy Skills Teacher Resources / Educational Resources Materials Development / Mathematics Teacher Resources / Educational Resources Materials Development / Movements and Arts Teacher Resources / Pre-Primary Teacher Radio Programmes Teacher Resources / CBC Courses Teacher Resources / Special Needs Educations Teacher Resources / Interactive Digital Content for Teacher Education Teacher Resources / Interactive Digital Content for Teacher Education / English Teacher Resources / Interactive Digital Content for Teacher Education / Music Teacher Resources / Interactive Digital Content for Teacher Education / Christian Religious Education Teacher Resources / Interactive Digital Content for Teacher Education / Art and Craft Teacher Resources / Interactive Digital Content for Teacher Education / Indigenous Languages Teacher Resources / Interactive Digital Content for Teacher Education / Home science Teacher Resources / Interactive Digital Content for Teacher Education / Science and Technology Teacher Resources / Interactive Digital Content for Teacher Education / Islamic Religious Education Teacher Resources / Interactive Digital Content for Teacher Education / Mandarin Teacher Resources / Interactive Digital Content for Teacher Education / Agriculture Teacher Resources / Interactive Digital Content for Teacher Education / Mathematics Teacher Resources / Interactive Digital Content for Teacher Education / French Teacher Resources / Interactive Digital Content for Teacher Education / Hindu Religious Education Teacher Resources / Interactive Digital Content for Teacher Education / Social Studies Teacher Resources / Interactive Digital Content for Teacher Education / Kiswahili Teacher Resources / Interactive Digital Content for Teacher Education / Physical Education Teacher Resources / Interactive Digital Content for Teacher Education / Arabic Parental Resources Financial Literacy Financial Literacy / Financial Literacy for Junior School Financial Literacy / Financial Literacy for Junior School / Taxation Financial Literacy / Financial Literacy for Senior School Financial Literacy / Financial Literacy for Senior School / Taxation Search lessons Search Expand allVOA ConnectAsk the expertCitizenship and DemocracyDigital StoryImpacted VOA ConnectAsk the expertCitizenship and DemocracyDigital StoryImpacted Digital Content | Kenya Education Cloud | Unlimited Learning Experiences Skip to main content (Login) General Knowledge Home Lessons General Knowledge Lesson categories: Pre-Primary Pre-Primary / Radio Lessons Pre-Primary / Educhannel Video Lessons Pre-Primary / Educhannel Video Lessons / Language Activities Pre-Primary / Educhannel Video Lessons / Mathematics Pre-Primary / Educhannel Video Lessons / Our School Pre-Primary / Educhannel Video Lessons / Picture Making Pre-Primary / Educhannel Video Lessons / Social Environment Pre-Primary / Educhannel Video Lessons / Pre-Primary 1 Pre-Primary / Educhannel Video Lessons / Pre-Primary 2 Pre-Primary / Interactive digital Content Pre-Primary / Ebooks Primary Education Primary Education / Grade 1 Primary Education / Grade 1 / Educhannel TV Lessons Primary Education / Grade 1 / Educhannel TV Lessons / English Primary Education / Grade 1 / Educhannel TV Lessons / Mathematics Primary Education / Grade 1 / Educhannel TV Lessons / Kiswahili Primary Education / Grade 1 / Educhannel TV Lessons / Kenya Sign Language(KSL) Primary Education / Grade 1 / Educhannel TV Lessons / Hygiene and nutrition Primary Education / Grade 1 / Educhannel TV Lessons / Environmental Activities Primary Education / Grade 1 / Interactive Digital Content Primary Education / Grade 1 / Radio Lessons Primary Education / Grade 1 / Radio Lessons / Mathematics Primary Education / Grade 1 / Radio Lessons / Mathematics / Grade 1 Term 2 Primary Education / Grade 1 / Radio Lessons / Mathematics / Grade 1 Term 3 Primary Education / Grade 1 / Radio Lessons / Kiswahili Primary Education / Grade 1 / Radio Lessons / Kiswahili / Grade 1 Term 2 Primary Education / Grade 1 / Radio Lessons / Kiswahili / Grade 1 Term 3 Primary Education / Grade 1 / Radio Lessons / English Primary Education / Grade 1 / Radio Lessons / English / Grade 1 Term 2 Primary Education / Grade 1 / Radio Lessons / English / Grade 1 Term 3 Primary Education / Grade 1 / Ebooks Primary Education / Grade 1 / Ebooks / Tusome readers Primary Education / Grade 1 / Ebooks / Indigenous Languages Primary Education / Grade 2 Primary Education / Grade 2 / Interactive Digital Content Primary Education / Grade 2 / Educhannel Tv Lessons Primary Education / Grade 2 / Educhannel Tv Lessons / Mathematics Primary Education / Grade 2 / Educhannel Tv Lessons / English Primary Education / Grade 2 / Radio Lessons Primary Education / Grade 2 / Radio Lessons / Mathematics Primary Education / Grade 2 / Radio Lessons / Mathematics / Grade 2 Term 2 Primary Education / Grade 2 / Radio Lessons / English Primary Education / Grade 2 / Radio Lessons / English / Grade 2 Term 2 Primary Education / Grade 2 / Radio Lessons / English / Grade 2 Term 3 Primary Education / Grade 2 / Radio Lessons / Kiswahili Primary Education / Grade 2 / Radio Lessons / Kiswahili / Grade 2 Term 3 Primary Education / Grade 2 / Hygiene and Nutrition Primary Education / Grade 2 / Hygiene and Nutrition / Grade 2 Term 2 Primary Education / Grade 2 / E-books Primary Education / Grade 2 / E-books / Tusome Readers Primary Education / Grade 3 Primary Education / Grade 3 / Radio Lessons Primary Education / Grade 3 / Radio Lessons / Mathematics Primary Education / Grade 3 / Radio Lessons / Mathematics / Grade 3 Term 2 Primary Education / Grade 3 / Radio Lessons / Mathematics / Grade 3 Term 3 Primary Education / Grade 3 / Radio Lessons / English Primary Education / Grade 3 / Radio Lessons / English / Grade 3 Term 2 Primary Education / Grade 3 / Radio Lessons / English / Grade 3 Term 3 Primary Education / Grade 3 / Radio Lessons / Environmental Activities Primary Education / Grade 3 / Radio Lessons / Environmental Activities / Grade 3 Term 2 Primary Education / Grade 3 / Radio Lessons / Kiswahili Primary Education / Grade 3 / Radio Lessons / Kiswahili / Grade 3 Term 3 Primary Education / Grade 3 / Educhannel TV Lessons Primary Education / Grade 3 / Educhannel TV Lessons / Mathematics Primary Education / Grade 3 / Educhannel TV Lessons / English Primary Education / Grade 3 / Educhannel TV Lessons / Kiswahili Primary Education / Grade 3 / Educhannel TV Lessons / Hygiene and Nutrition Primary Education / Grade 3 / Educhannel TV Lessons / Environmental Activities Primary Education / Grade 3 / Interactive Digital Content Primary Education / Grade 3 / EBooks Primary Education / Grade 3 / Tusome English Video Lessons Primary Education / Grade 3 / Tusome English Video Lessons / Tusome English Grade 3 Lessons Primary Education / Grade 4 Primary Education / Grade 4 / Educhannel Tv Lessons Primary Education / Grade 4 / Educhannel Tv Lessons / Home Science Primary Education / Grade 4 / Educhannel Tv Lessons / Agriculture Primary Education / Grade 4 / Educhannel Tv Lessons / Music Primary Education / Grade 4 / Educhannel Tv Lessons / Physical Education Primary Education / Grade 4 / Educhannel Tv Lessons / Art and Craft Primary Education / Grade 4 / Educhannel Tv Lessons / Kenya Sign Language Primary Education / Grade 4 / Educhannel Tv Lessons / Mathematics Primary Education / Grade 4 / Educhannel Tv Lessons / Science and Technology Primary Education / Grade 4 / Educhannel Tv Lessons / Social Studies Primary Education / Grade 4 / Educhannel Tv Lessons / English Primary Education / Grade 4 / Educhannel Tv Lessons / Kiswahili Primary Education / Grade 4 / Educhannel Tv Lessons / Environmental Activity Primary Education / Grade 4 / Radio lessons Primary Education / Grade 4 / Radio lessons / Social Studies Primary Education / Grade 4 / Radio lessons / Social Studies / Grade 4 Term 2 Primary Education / Grade 4 / Radio lessons / Social Studies / Grade 4 Term 3 Primary Education / Grade 4 / Radio lessons / CRE Primary Education / Grade 4 / Radio lessons / CRE / Grade 4 Term 2 Primary Education / Grade 4 / Radio lessons / English Primary Education / Grade 4 / Radio lessons / English / Grade 4 Term 2 Primary Education / Grade 4 / Radio lessons / English / Grade 4 Term 3 Primary Education / Grade 4 / Radio lessons / Hygiene and Nutrition Primary Education / Grade 4 / Radio lessons / Hygiene and Nutrition / Grade 4 Term 1 Primary Education / Grade 4 / Radio lessons / IRE Primary Education / Grade 4 / Radio lessons / IRE / Grade 4 Term 2 Primary Education / Grade 4 / Radio lessons / Science and Technology Primary Education / Grade 4 / Radio lessons / Science and Technology / Grade 4 Term 3 Primary Education / Grade 4 / Radio lessons / Agriculture Primary Education / Grade 4 / Radio lessons / Agriculture / Grade 4 Term 3 Primary Education / Grade 4 / Radio lessons / Mathematics Primary Education / Grade 4 / Radio lessons / Mathematics / Grade 4 Term 3 Primary Education / Grade 4 / SNE Primary Education / Grade 4 / Interactive Digital Content Primary Education / Grade 5 Primary Education / Grade 5 / Educhannel Tv Lessons Primary Education / Grade 5 / Educhannel Tv Lessons / English Primary Education / Grade 5 / Educhannel Tv Lessons / Kiswahili Primary Education / Grade 5 / Educhannel Tv Lessons / Mathematics Primary Education / Grade 5 / Radio Lessons Primary Education / Grade 5 / Radio Lessons / English Primary Education / Grade 5 / Radio Lessons / Science and Technology Primary Education / Grade 5 / Radio Lessons / Agriculture Primary Education / Grade 5 / Radio Lessons / Social studies Primary Education / Grade 5 / Radio Lessons / Christian Religious Education Primary Education / Grade 5 / Radio Lessons / Mathematics Primary Education / Grade 5 / Interactive Digital Content Primary Education / Grade 6 Primary Education / Grade 6 / Radio Lessons Primary Education / Grade 6 / Radio Lessons / CRE Primary Education / Grade 6 / Radio Lessons / Social Studies Primary Education / Grade 6 / Radio Lessons / Science Primary Education / Grade 6 / Radio Lessons / Kiswahili Primary Education / Grade 6 / Radio Lessons / English Primary Education / Grade 6 / Radio Lessons / Mathematics Primary Education / Grade 6 / Educhannel TV Lessons Primary Education / Grade 6 / Educhannel TV Lessons / Kiswahili Primary Education / Grade 6 / Educhannel TV Lessons / Agriculture Primary Education / Grade 6 / Educhannel TV Lessons / Art and Craft Primary Education / Grade 6 / Educhannel TV Lessons / English Primary Education / Grade 6 / Educhannel TV Lessons / Home Science Primary Education / Grade 6 / Educhannel TV Lessons / Music Primary Education / Grade 6 / Educhannel TV Lessons / Science and technology Primary Education / Grade 6 / Educhannel TV Lessons / Physical health education Primary Education / Grade 6 / Interactive Digital Content Junior School Junior School / Grade 8 Junior School / Grade 8 / Educhannel Tv Lessons Junior School / Grade 8 / Radio Lessons Junior School / Grade 8 / Interactive Digital Content Junior School / Grade 7 Junior School / Grade 7 / Educhannel TV lessons Junior School / Grade 7 / Radio Lessons Junior School / Grade 7 / Radio Lessons / Mathematics Junior School / Grade 7 / Radio Lessons / Kiswahili Junior School / Grade 7 / Radio Lessons / English Junior School / Grade 7 / Radio Lessons / Christian Religious Education Junior School / Grade 7 / Radio Lessons / Integrated Science Junior School / Grade 7 / Radio Lessons / Social Studies Junior School / Grade 7 / Radio Lessons / Pre-Technical Studies Junior School / Grade 7 / Interactive Digital Content Secondary Education Secondary Education / Form 1 Secondary Education / Form 1 / Interactive Digital Content Secondary Education / Form 1 / Educhannel Tv Lessons Secondary Education / Form 1 / Educhannel Tv Lessons / Mathematics Secondary Education / Form 1 / Educhannel Tv Lessons / English Secondary Education / Form 1 / Educhannel Tv Lessons / Physics Secondary Education / Form 1 / Educhannel Tv Lessons / Biology Secondary Education / Form 1 / Educhannel Tv Lessons / Chemistry Secondary Education / Form 1 / Educhannel Tv Lessons / Kiswahili Secondary Education / Form 1 / Educhannel Tv Lessons / History and Government Secondary Education / Form 1 / Educhannel Tv Lessons / Business Studies Secondary Education / Form 1 / Radio Lessons Secondary Education / Form 1 / Ebooks Secondary Education / Form 2 Secondary Education / Form 2 / Interactive Digital Content Secondary Education / Form 2 / Educhannel Tv Lessons Secondary Education / Form 2 / Educhannel Tv Lessons / Physics Secondary Education / Form 2 / Radio Lessons Secondary Education / Form 2 / Radio Lessons / Biology Secondary Education / Form 3 Secondary Education / Form 3 / Interactive Digital Content Secondary Education / Form 3 / Educhannel Tv Lessons Secondary Education / Form 3 / Educhannel Tv Lessons / Mathematics Secondary Education / Form 3 / Educhannel Tv Lessons / English Secondary Education / Form 3 / Educhannel Tv Lessons / Kiswahili Secondary Education / Form 3 / Educhannel Tv Lessons / Biology Secondary Education / Form 3 / Educhannel Tv Lessons / Chemistry Secondary Education / Form 3 / Educhannel Tv Lessons / Physics Secondary Education / Form 3 / Educhannel Tv Lessons / Business Studies Secondary Education / Form 3 / Educhannel Tv Lessons / History and Government Secondary Education / Form 3 / Radio Lessons Secondary Education / Form 4 Secondary Education / Form 4 / Interactive Digital Content Secondary Education / Form 4 / Educhannel Tv Lessons Secondary Education / Form 4 / Educhannel Tv Lessons / Form 4 Mathematics Secondary Education / Form 4 / Educhannel Tv Lessons / Form 4 English Secondary Education / Form 4 / Educhannel Tv Lessons / Form 4 Physics Secondary Education / Form 4 / Educhannel Tv Lessons / Form 4 Biology Secondary Education / Form 4 / Educhannel Tv Lessons / Form 4 Kiswahili Secondary Education / Form 4 / Educhannel Tv Lessons / Form 4 Chemistry Secondary Education / Form 4 / Educhannel Tv Lessons / Form 4 History and Government Secondary Education / Form 4 / Educhannel Tv Lessons / Form 4 Business Studies Secondary Education / Form 4 / Radio Lessons Secondary Education / Form 4 / Radio Lessons / Mathematics Secondary Education / Form 4 / Radio Lessons / Mathematics / Form 4 Term 1 Secondary Education / Form 4 / Radio Lessons / Mathematics / Form 4 Term 2 Secondary Education / Form 4 / Radio Lessons / Mathematics / Form 4 Term 3 General Knowledge General Knowledge / VOA Connect General Knowledge / Ask the expert General Knowledge / Citizenship and Democracy General Knowledge / Digital Story General Knowledge / Impacted Educhannel Lessons Educhannel Lessons / English Educhannel Lessons / English / Transport and travel Educhannel Lessons / English / Pronunciation skills Educhannel Lessons / English / Listening and speaking Educhannel Lessons / English / Family Educhannel Lessons / English / Environment Educhannel Lessons / English / Drug and Substance Educhannel Lessons / Agriculture Educhannel Lessons / Biology Educhannel Lessons / Biology / Living Things Educhannel Lessons / Biology / Secretion and homeostasis Educhannel Lessons / Biology / Support and movement Educhannel Lessons / Business Studies Educhannel Lessons / Chemistry Educhannel Lessons / Earth Movement and Volcanicity Educhannel Lessons / Environmental Activities Educhannel Lessons / Geograpghy Educhannel Lessons / History Educhannel Lessons / History / Kenyan History Educhannel Lessons / Homescience Educhannel Lessons / Homescience / Basic care clothing Educhannel Lessons / Kiswahili Educhannel Lessons / Kiswahili / Primary Educhannel Lessons / Kiswahili / Primary / Darasa 4-5 Educhannel Lessons / Kiswahili / Secondary Educhannel Lessons / Kiswahili / Secondary / Isimu Jamii Educhannel Lessons / Kiswahili / Secondary / Sarufi Educhannel Lessons / Mathematics Educhannel Lessons / Mathematics / Secondary Educhannel Lessons / Mathematics / Secondary / Commercial Arithmetics Educhannel Lessons / Mathematics / Primary Educhannel Lessons / Mathematics / Primary / Class 5-8 Educhannel Lessons / Mathematics / Primary / Class 5-8 / Practical uses of Money Educhannel Lessons / Mathematics / Primary / Class 5-8 / Measurement Educhannel Lessons / Organic Chemistry Educhannel Lessons / Performing Music Educhannel Lessons / Homescience Educhannel Lessons / Homescience / Basic care of clothing Educhannel Lessons / Art and Craft Educhannel Lessons / Physics Educhannel Lessons / Physics / Thermodynamics Educhannel Lessons / Physics / Mechanics Educhannel Lessons / Physics / Electricity and Magnetism Educhannel Lessons / The Doyen Exposition Educhannel Lessons / Science Educhannel Lessons / Science / Making work easier Educhannel Lessons / Science / Living Things Educhannel Lessons / Science / Energy conservation Educhannel Lessons / Physical and Health Education Educhannel Lessons / Physical and Health Education / Grade 1-4 Open Education Resourses(OERs) Open Education Resourses(OERs) / Movement and Creative Activities Open Education Resourses(OERs) / 	Religious Education Activities Open Education Resourses(OERs) / Mathematical Activities Open Education Resourses(OERs) / Environmental Activities Open Education Resourses(OERs) / Kiswahili Language Open Education Resourses(OERs) / LTK | Concordia University Open Education Resourses(OERs) / Hygiene and Nutrition Open Education Resourses(OERs) / ENGLISH LANGUAGE ACTIVITIES Open Education Resourses(OERs) / Casio Materials Open Education Resourses(OERs) / Health Education Open Education Resourses(OERs) / Carbon Literacy Special Needs Education Special Needs Education / Grade 1 Special Needs Education / Grade 1 / Adapted Interactive Digital Content for Hearing Impaired(HI) Special Needs Education / Grade 1 / Adapted Interactive Digital Content for Hearing Impaired(HI) / English Activities Special Needs Education / Grade 1 / Adapted Interactive Digital Content for Hearing Impaired(HI) / Environmental Activities Special Needs Education / Grade 1 / Adapted Interactive Digital Content for Hearing Impaired(HI) / Creative Activities Special Needs Education / Grade 1 / Adapted Interactive Digital Content for Visual Impaired(VI) Special Needs Education / Grade 2 Special Needs Education / Grade 2 / Adapted Interactive Digital Content for Hearing Impaired(HI) Special Needs Education / Grade 2 / Adapted Interactive Digital Content for Hearing Impaired(HI) / Mathematics Grade 2 Special Needs Education / Grade 2 / Adapted Interactive Digital Content for Hearing Impaired(HI) / Environmental Activities Grade 2 Special Needs Education / Grade 2 / Adapted Interactive Digital Content for Hearing Impaired(HI) / Hygiene and Nutrition Grade 2 Special Needs Education / Grade 2 / Adapted Interactive Digital Content for Hearing Impaired(HI) / Christian Religious Education Grade 2 (HI) Special Needs Education / Grade 2 / Adapted Interactive Digital Content for Hearing Impaired(HI) / Literacy Activities Grade2 (HI) Special Needs Education / Grade 2 / Adapted Interactive Digital Content for Hearing Impaired(HI) / English Activities Grad2 H.I Special Needs Education / Grade 2 / Adapted Interactive Digital Content for Hearing Impaired(HI) / Creative Activities Grade2 -H.I Special Needs Education / Grade 2 / Adapted Interactive Digital Content for Visual Impaired(VI) Special Needs Education / Grade 2 / Adapted Interactive Digital Content for Visual Impaired(VI) / Mathematics Special Needs Education / Grade 2 / Adapted Interactive Digital Content for Visual Impaired(VI) / Kiswahili Special Needs Education / Grade 2 / Adapted Interactive Digital Content for Visual Impaired(VI) / English Special Needs Education / Grade 2 / Adapted Interactive Digital Content for Visual Impaired(VI) / Creative Activities Special Needs Education / Grade 2 / Adapted Interactive Digital Content for Visual Impaired(VI) / CRE Special Needs Education / Grade 3 Special Needs Education / Grade 3 / Adapted Interactive Digital Content for Learners with Hearing Impairment (HI) Special Needs Education / Grade 3 / Adapted Interactive Digital Content for Learners with Hearing Impairment (HI) / Visual Arts Special Needs Education / Grade 3 / Adapted Interactive Digital Content for Learners with Hearing Impairment (HI) / English Special Needs Education / Grade 3 / Adapted Interactive Digital Content for Learners with Hearing Impairment (HI) / Hygiene and Nutrition Special Needs Education / Grade 3 / Adapted Interactive Digital Content for Learners with Hearing Impairment (HI) / Music Special Needs Education / Grade 3 / Adapted Interactive Digital Content for Learners with Hearing Impairment (HI) / Mathematics Special Needs Education / Grade 3 / Adapted Interactive Digital Content for Learners with Hearing Impairment (HI) / Environmental Special Needs Education / Grade 3 / Adapted Interactive Digital Content for Learners with Hearing Impairment (HI) / CRE Special Needs Education / Grade 3 / Adapted Interactive Digital Content for Learners with Visual Impairment (VI) Special Needs Education / Grade 3 / Adapted Interactive Digital Content for Learners with Visual Impairment (VI) / Music Special Needs Education / Grade 3 / Adapted Interactive Digital Content for Learners with Visual Impairment (VI) / Mathematics Special Needs Education / Grade 3 / Adapted Interactive Digital Content for Learners with Visual Impairment (VI) / Visual Arts Special Needs Education / Grade 3 / Adapted Interactive Digital Content for Learners with Visual Impairment (VI) / Kiswahili Special Needs Education / Grade 3 / Adapted Interactive Digital Content for Learners with Visual Impairment (VI) / Hygiene and Nutrition Special Needs Education / Grade 3 / Adapted Interactive Digital Content for Learners with Visual Impairment (VI) / Environmental Special Needs Education / Grade 3 / Adapted Interactive Digital Content for Learners with Visual Impairment (VI) / English Special Needs Education / Grade 3 / Adapted Interactive Digital Content for Learners with Visual Impairment (VI) / CRE Special Needs Education / Grade 4 Special Needs Education / Grade 4 / Adapted Interactive Digital Content for Learners with Hearing Impairment (HI) Special Needs Education / Grade 4 / Adapted Interactive Digital Content for Learners with Hearing Impairment (HI) / Mathematics Special Needs Education / Grade 4 / Adapted Interactive Digital Content for Learners with Hearing Impairment (HI) / English Special Needs Education / Grade 4 / Adapted Interactive Digital Content for Learners with Hearing Impairment (HI) / Science and Technology Special Needs Education / Grade 4 / Adapted Interactive Digital Content for Learners with Hearing Impairment (HI) / Agriculture Special Needs Education / Grade 4 / Adapted Interactive Digital Content for Learners with Hearing Impairment (HI) / Social Studies Special Needs Education / Grade 4 / Adapted Interactive Digital Content for Learners with Hearing Impairment (HI) / Home Science Special Needs Education / Grade 4 / Adapted Interactive Digital Content for Learners with Hearing Impairment (HI) / Art and Craft Special Needs Education / Grade 4 / Adapted Interactive Digital Content for Learners with Hearing Impairment (HI) / Music Special Needs Education / Grade 4 / Adapted Interactive Digital Content for Learners with Hearing Impairment (HI) / Christian Religious Education (CRE) Special Needs Education / Grade 4 / Adapted Interactive Digital Content for Learners with Visual Impairment (VI) Special Needs Education / Grade 4 / Adapted Interactive Digital Content for Learners with Visual Impairment (VI) / Mathematics Special Needs Education / Grade 4 / Adapted Interactive Digital Content for Learners with Visual Impairment (VI) / English Special Needs Education / Grade 4 / Adapted Interactive Digital Content for Learners with Visual Impairment (VI) / Kiswahili Special Needs Education / Grade 4 / Adapted Interactive Digital Content for Learners with Visual Impairment (VI) / Science and Technology Special Needs Education / Grade 4 / Adapted Interactive Digital Content for Learners with Visual Impairment (VI) / Agriculture Special Needs Education / Grade 4 / Adapted Interactive Digital Content for Learners with Visual Impairment (VI) / Social Studies Special Needs Education / Grade 4 / Adapted Interactive Digital Content for Learners with Visual Impairment (VI) / Home Science Special Needs Education / Grade 4 / Adapted Interactive Digital Content for Learners with Visual Impairment (VI) / Art and Craft Special Needs Education / Grade 4 / Adapted Interactive Digital Content for Learners with Visual Impairment (VI) / Christian Religious Education (CRE) Special Needs Education / Grade 4 / Adapted Interactive Digital Content for Learners with Visual Impairment (VI) / Music Special Needs Education / Grade 5 Special Needs Education / Grade 5 / Adapted Interactive Digital Content for Learners with Hearing Impairment (HI) Special Needs Education / Grade 5 / Adapted Interactive Digital Content for Learners with Hearing Impairment (HI) / English Special Needs Education / Grade 5 / Adapted Interactive Digital Content for Learners with Hearing Impairment (HI) / Christian Religious Education Special Needs Education / Grade 5 / Adapted Interactive Digital Content for Learners with Hearing Impairment (HI) / Social Studies Special Needs Education / Grade 5 / Adapted Interactive Digital Content for Learners with Hearing Impairment (HI) / Agriculture and Nutrition Special Needs Education / Grade 5 / Adapted Interactive Digital Content for Learners with Hearing Impairment (HI) / Creative Arts Special Needs Education / Grade 5 / Adapted Interactive Digital Content for Learners with Hearing Impairment (HI) / Mathematics Special Needs Education / Grade 5 / Adapted Interactive Digital Content for Learners with Hearing Impairment (HI) / Science and Technology Special Needs Education / Grade 5 / Adapted Interactive Digital Content for Learners with Hearing Impairment (HI) / Islamic Religious Education Special Needs Education / Grade 5 / Adapted Interactive Digital Content for Learners with Visual Impairment (VI) Special Needs Education / Grade 5 / Adapted Interactive Digital Content for Learners with Visual Impairment (VI) / Creative Arts Special Needs Education / Grade 5 / Adapted Interactive Digital Content for Learners with Visual Impairment (VI) / Social Studies Special Needs Education / Grade 5 / Adapted Interactive Digital Content for Learners with Visual Impairment (VI) / Kiswahili Special Needs Education / Grade 5 / Adapted Interactive Digital Content for Learners with Visual Impairment (VI) / Christian Religious Education Special Needs Education / Grade 5 / Adapted Interactive Digital Content for Learners with Visual Impairment (VI) / Science and Technology Special Needs Education / Grade 5 / Adapted Interactive Digital Content for Learners with Visual Impairment (VI) / Agriculture and Nutrition Special Needs Education / Grade 5 / Adapted Interactive Digital Content for Learners with Visual Impairment (VI) / Islamic Religious Education Special Needs Education / Grade 5 / Adapted Interactive Digital Content for Learners with Visual Impairment (VI) / Mathematics Special Needs Education / Grade 5 / Adapted Interactive Digital Content for Learners with Visual Impairment (VI) / English Special Needs Education / Grade 6 Special Needs Education / Grade 6 / Adapted Interactive Digital Content for Learners with Hearing Impairment (HI) Special Needs Education / Grade 6 / Adapted Interactive Digital Content for Learners with Hearing Impairment (HI) / Science and Technology Special Needs Education / Grade 6 / Adapted Interactive Digital Content for Learners with Hearing Impairment (HI) / Christian Religious Education Special Needs Education / Grade 6 / Adapted Interactive Digital Content for Learners with Hearing Impairment (HI) / Creative Arts Special Needs Education / Grade 6 / Adapted Interactive Digital Content for Learners with Hearing Impairment (HI) / Islamic Religious Education Special Needs Education / Grade 6 / Adapted Interactive Digital Content for Learners with Hearing Impairment (HI) / English Special Needs Education / Grade 6 / Adapted Interactive Digital Content for Learners with Hearing Impairment (HI) / Social Studies Special Needs Education / Grade 6 / Adapted Interactive Digital Content for Learners with Hearing Impairment (HI) / Agriculture Special Needs Education / Grade 6 / Adapted Interactive Digital Content for Learners with Hearing Impairment (HI) / Mathematics Special Needs Education / Grade 6 / Adapted Interactive Digital Content for Learners with Visual Impairment (VI) Special Needs Education / Grade 6 / Adapted Interactive Digital Content for Learners with Visual Impairment (VI) / Christian Religious Education Special Needs Education / Grade 6 / Adapted Interactive Digital Content for Learners with Visual Impairment (VI) / Kiswahili Special Needs Education / Grade 6 / Adapted Interactive Digital Content for Learners with Visual Impairment (VI) / English Special Needs Education / Grade 6 / Adapted Interactive Digital Content for Learners with Visual Impairment (VI) / Creative Arts Special Needs Education / Grade 6 / Adapted Interactive Digital Content for Learners with Visual Impairment (VI) / Mathematics Special Needs Education / Grade 6 / Adapted Interactive Digital Content for Learners with Visual Impairment (VI) / Science and Technology Special Needs Education / Grade 6 / Adapted Interactive Digital Content for Learners with Visual Impairment (VI) / Islamic Religious Education Special Needs Education / Grade 6 / Adapted Interactive Digital Content for Learners with Visual Impairment (VI) / Social Studies Special Needs Education / Grade 6 / Adapted Interactive Digital Content for Learners with Visual Impairment (VI) / Agriculture and Nutrition Special Needs Education / Ebooks Special Needs Education / Videos Special Needs Education / Foundational and Stage-Based Special Needs Education / Prevocational Level Special Needs Education / Prevocational Level / Music Special Needs Education / Prevocational Level / Hindu Religious Education Special Needs Education / Prevocational Level / Christian Religious Education Special Needs Education / Prevocational Level / Physical Education Special Needs Education / Prevocational Level / Islamic Religious Education Special Needs Education / Prevocational Level / Social Studies Special Needs Education / Prevocational Level / Prevocational Skills 1 Special Needs Education / Prevocational Level / Prevocational Skills 2 Special Needs Education / Prevocational Level / Prevocational Skills 3 Accessible Digital Textbooks Interactive Simulations for Sciences and Mathematics Interactive Simulations for Sciences and Mathematics / Physics Interactive Simulations for Sciences and Mathematics / Chemistry Interactive Simulations for Sciences and Mathematics / Mathematics Information, Education and Communication(IEC) Materials Information, Education and Communication(IEC) Materials / Child Online Safety Information, Education and Communication(IEC) Materials / Child Road Safety Information, Education and Communication(IEC) Materials / Child Road Safety / Integration Matrices Information, Education and Communication(IEC) Materials / Child Road Safety / Integration Matrices / Early Years Education Information, Education and Communication(IEC) Materials / Child Road Safety / Integration Matrices / Upper Primary Information, Education and Communication(IEC) Materials / Child Road Safety / Integration Matrices / Junior School Information, Education and Communication(IEC) Materials / Child Road Safety / Integration Matrices / Senior School Information, Education and Communication(IEC) Materials / Child Road Safety / Information, Education and Communication(IEC) Materials on Child Road Safety Information, Education and Communication(IEC) Materials / Child Road Safety / Information, Education and Communication(IEC) Materials on Child Road Safety / Early Years Education Information, Education and Communication(IEC) Materials / Child Road Safety / Information, Education and Communication(IEC) Materials on Child Road Safety / Upper Primary Information, Education and Communication(IEC) Materials / Child Road Safety / Information, Education and Communication(IEC) Materials on Child Road Safety / Junior School Information, Education and Communication(IEC) Materials / Child Road Safety / Information, Education and Communication(IEC) Materials on Child Road Safety / Senior School Information, Education and Communication(IEC) Materials / Child Road Safety / Teacher's Handbook Information, Education and Communication(IEC) Materials / Financial Literacy Learners’ Toolkit Teacher Resources Teacher Resources / Educational Resources Materials Development Teacher Resources / Educational Resources Materials Development / CRE Teacher Resources / Educational Resources Materials Development / English Teacher Resources / Educational Resources Materials Development / Environment Teacher Resources / Educational Resources Materials Development / Foundations Teacher Resources / Educational Resources Materials Development / H.R.E Teacher Resources / Educational Resources Materials Development / Hygiene and Nutrition Teacher Resources / Educational Resources Materials Development / I.R.E Teacher Resources / Educational Resources Materials Development / Kiswahili Teacher Resources / Educational Resources Materials Development / Language Activities Teacher Resources / Educational Resources Materials Development / Literacy Skills Teacher Resources / Educational Resources Materials Development / Mathematics Teacher Resources / Educational Resources Materials Development / Movements and Arts Teacher Resources / Pre-Primary Teacher Radio Programmes Teacher Resources / CBC Courses Teacher Resources / Special Needs Educations Teacher Resources / Interactive Digital Content for Teacher Education Teacher Resources / Interactive Digital Content for Teacher Education / English Teacher Resources / Interactive Digital Content for Teacher Education / Music Teacher Resources / Interactive Digital Content for Teacher Education / Christian Religious Education Teacher Resources / Interactive Digital Content for Teacher Education / Art and Craft Teacher Resources / Interactive Digital Content for Teacher Education / Indigenous Languages Teacher Resources / Interactive Digital Content for Teacher Education / Home science Teacher Resources / Interactive Digital Content for Teacher Education / Science and Technology Teacher Resources / Interactive Digital Content for Teacher Education / Islamic Religious Education Teacher Resources / Interactive Digital Content for Teacher Education / Mandarin Teacher Resources / Interactive Digital Content for Teacher Education / Agriculture Teacher Resources / Interactive Digital Content for Teacher Education / Mathematics Teacher Resources / Interactive Digital Content for Teacher Education / French Teacher Resources / Interactive Digital Content for Teacher Education / Hindu Religious Education Teacher Resources / Interactive Digital Content for Teacher Education / Social Studies Teacher Resources / Interactive Digital Content for Teacher Education / Kiswahili Teacher Resources / Interactive Digital Content for Teacher Education / Physical Education Teacher Resources / Interactive Digital Content for Teacher Education / Arabic Parental Resources Financial Literacy Financial Literacy / Financial Literacy for Junior School Financial Literacy / Financial Literacy for Junior School / Taxation Financial Literacy / Financial Literacy for Senior School Financial Literacy / Financial Literacy for Senior School / Taxation Search lessons Search Expand allVOA ConnectAsk the expertCitizenship and DemocracyDigital StoryImpacted Home Calendar Pre-primary Pre-Primary 1 Pre-Primary 2 Primary Grade 1 Grade 2 Grade 3 Grade 4 Grade 5 Grade 6 Secondary Grade 7 Grade 8 Form 1 Form 2 Form 3 Form 4 OER's SNE The Kenya Education Cloud (KEC) is a digital platform designed to enhance teaching and learning in Kenya by providing a wide range of digital educational resources. Serving as a centralized hub for e-learning, it promotes access to interactive content, supports modern pedagogical methods, and fosters collaboration among educators and learners. External Links Ministry of Education Kenya National Examinations Council Teachers Service Commission Kenya Kenya Institute of Special Education (KISE) ICT Authority TVET Authority Elimika Additional Resources Accessible Digital Textbook (ADT) Curriculum Reports Parental Resources Child Online Protection Guidelines Our Contacts Kenya Institute of Curriculum DevelopmentDesai Rd, Off Muranga Rd,Nairobi, Kenya. Telephone Contacts+254 729327331 +254 729327334 Email Addressinfo@kicd.ac.ke Kenya Education Cloud © 2024. All rights reserved. Privacy Policy Terms & Conditions (Login) Data retention summary","['mathematics', 'english', 'kiswahili', 'biology', 'chemistry', 'physics', 'geography', 'history', 'business', 'computer', 'agriculture', 'home_science', 'art', 'music', 'physical_education', 'religious_education']",form_1,cbc,[],2025-09-08T00:49:16.191596,unknown,,,,
https://elimika.kec.ac.ke/auth/oauth2/login.php?id=2&wantsurl=https%3A%2F%2Felimika.kec.ac.ke%2F&sesskey=jU1o3yBsc3,Elimika Platform | Kenya Education Cloud | Unlimited Learning Experinces,"Elimika is an online teacher training platform , offering Competency Based Curriculum (CBC)-aligned courses developed by the Kenya Institute of Curriculum Development (KICD). Learn anytime, anywhere and enhance your skills in ICT integration, assessment, pedagogy, and professional teaching under Kenya’s Competency Based Curriculum.","Elimika Tuisblad Jou sessie het waarskynlik sy spertydperk bereik. Meld asseblief weer aan.Meer informasie oor hierdie fout Gaan voort Elimika Platform | Kenya Education Cloud | Unlimited Learning Experinces Elimika home_app_logoGlypaneel Afrikaans ‎(af)‎ Afrikaans ‎(af)‎ English ‎(en)‎ Soek Sluit Soek Wissel soek invoer Teken in Gebruikersnaam Wagwoord Onthou gebruikersnaam Forgot Password? Teken in Teken in met die gebruik van jou rekening by: Skep 'n nuwe profiel Tuisblad frontpageloaded Soek Site announcements Kursusse Slaan oor na hoof inhoud Elimika Tuisblad Jou sessie het waarskynlik sy spertydperk bereik. Meld asseblief weer aan.Meer informasie oor hierdie fout Gaan voort The Kenya Education Cloud (KEC) is a digital platform designed to enhance teaching and learning in Kenya by providing a wide range of digital educational resources. Serving as a centralized hub for e-learning, it promotes access to interactive content, supports modern pedagogical methods, and fosters collaboration among educators and learners. Follow Us External Links Ministry of Education Kenya National Examinations Council Teachers Service Commission Kenya Kenya Institute of Special Education (KISE) ICT Authority TVET Authority Follow Us External Links Additional Resources Accessible Digital Textbook (ADT) Curriculum Reports OrangeBook - List of Approved materials Child Online Protection Guidelines Parental Resources Follow Us Additional Resources Our Contacts Kenya Institute of Curriculum DevelopmentDesai Rd, Off Muranga Rd,Nairobi, Kenya.Telephone Contacts+254 729327331+254 729327334Email Addressinfo@kicd.ac.ke Follow Us Our Contacts Afrikaans ‎(af)‎ Afrikaans ‎(af)‎ English ‎(en)‎ Kenya Institute of Curriculum Development Elimika © 2025. All rights reserved. Terms & Conditions Privacy Policy Jy is nie in geteken nie. (Teken in)","['english', 'computer', 'art']",unknown,unknown,[],2025-09-08T00:49:17.637229,unknown,,,,
https://lms.kec.ac.ke/course/index.php?categoryid=492,Interactive Simulations for Sciences and Mathematics,"Kenya Education Cloud is your ultimate digital learning hub, providing access to curated e-learning resources, educational tools, and innovative content for students, teachers, and institutions.","Interactive Simulations for Sciences and Mathematics Home Lessons Interactive Simulations for Sciences and Mathematics Lesson categories: Pre-Primary Pre-Primary / Radio Lessons Pre-Primary / Educhannel Video Lessons Pre-Primary / Educhannel Video Lessons / Language Activities Pre-Primary / Educhannel Video Lessons / Mathematics Pre-Primary / Educhannel Video Lessons / Our School Pre-Primary / Educhannel Video Lessons / Picture Making Pre-Primary / Educhannel Video Lessons / Social Environment Pre-Primary / Educhannel Video Lessons / Pre-Primary 1 Pre-Primary / Educhannel Video Lessons / Pre-Primary 2 Pre-Primary / Interactive digital Content Pre-Primary / Ebooks Primary Education Primary Education / Grade 1 Primary Education / Grade 1 / Educhannel TV Lessons Primary Education / Grade 1 / Educhannel TV Lessons / English Primary Education / Grade 1 / Educhannel TV Lessons / Mathematics Primary Education / Grade 1 / Educhannel TV Lessons / Kiswahili Primary Education / Grade 1 / Educhannel TV Lessons / Kenya Sign Language(KSL) Primary Education / Grade 1 / Educhannel TV Lessons / Hygiene and nutrition Primary Education / Grade 1 / Educhannel TV Lessons / Environmental Activities Primary Education / Grade 1 / Interactive Digital Content Primary Education / Grade 1 / Radio Lessons Primary Education / Grade 1 / Radio Lessons / Mathematics Primary Education / Grade 1 / Radio Lessons / Mathematics / Grade 1 Term 2 Primary Education / Grade 1 / Radio Lessons / Mathematics / Grade 1 Term 3 Primary Education / Grade 1 / Radio Lessons / Kiswahili Primary Education / Grade 1 / Radio Lessons / Kiswahili / Grade 1 Term 2 Primary Education / Grade 1 / Radio Lessons / Kiswahili / Grade 1 Term 3 Primary Education / Grade 1 / Radio Lessons / English Primary Education / Grade 1 / Radio Lessons / English / Grade 1 Term 2 Primary Education / Grade 1 / Radio Lessons / English / Grade 1 Term 3 Primary Education / Grade 1 / Ebooks Primary Education / Grade 1 / Ebooks / Tusome readers Primary Education / Grade 1 / Ebooks / Indigenous Languages Primary Education / Grade 2 Primary Education / Grade 2 / Interactive Digital Content Primary Education / Grade 2 / Educhannel Tv Lessons Primary Education / Grade 2 / Educhannel Tv Lessons / Mathematics Primary Education / Grade 2 / Educhannel Tv Lessons / English Primary Education / Grade 2 / Radio Lessons Primary Education / Grade 2 / Radio Lessons / Mathematics Primary Education / Grade 2 / Radio Lessons / Mathematics / Grade 2 Term 2 Primary Education / Grade 2 / Radio Lessons / English Primary Education / Grade 2 / Radio Lessons / English / Grade 2 Term 2 Primary Education / Grade 2 / Radio Lessons / English / Grade 2 Term 3 Primary Education / Grade 2 / Radio Lessons / Kiswahili Primary Education / Grade 2 / Radio Lessons / Kiswahili / Grade 2 Term 3 Primary Education / Grade 2 / Hygiene and Nutrition Primary Education / Grade 2 / Hygiene and Nutrition / Grade 2 Term 2 Primary Education / Grade 2 / E-books Primary Education / Grade 2 / E-books / Tusome Readers Primary Education / Grade 3 Primary Education / Grade 3 / Radio Lessons Primary Education / Grade 3 / Radio Lessons / Mathematics Primary Education / Grade 3 / Radio Lessons / Mathematics / Grade 3 Term 2 Primary Education / Grade 3 / Radio Lessons / Mathematics / Grade 3 Term 3 Primary Education / Grade 3 / Radio Lessons / English Primary Education / Grade 3 / Radio Lessons / English / Grade 3 Term 2 Primary Education / Grade 3 / Radio Lessons / English / Grade 3 Term 3 Primary Education / Grade 3 / Radio Lessons / Environmental Activities Primary Education / Grade 3 / Radio Lessons / Environmental Activities / Grade 3 Term 2 Primary Education / Grade 3 / Radio Lessons / Kiswahili Primary Education / Grade 3 / Radio Lessons / Kiswahili / Grade 3 Term 3 Primary Education / Grade 3 / Educhannel TV Lessons Primary Education / Grade 3 / Educhannel TV Lessons / Mathematics Primary Education / Grade 3 / Educhannel TV Lessons / English Primary Education / Grade 3 / Educhannel TV Lessons / Kiswahili Primary Education / Grade 3 / Educhannel TV Lessons / Hygiene and Nutrition Primary Education / Grade 3 / Educhannel TV Lessons / Environmental Activities Primary Education / Grade 3 / Interactive Digital Content Primary Education / Grade 3 / EBooks Primary Education / Grade 3 / Tusome English Video Lessons Primary Education / Grade 3 / Tusome English Video Lessons / Tusome English Grade 3 Lessons Primary Education / Grade 4 Primary Education / Grade 4 / Educhannel Tv Lessons Primary Education / Grade 4 / Educhannel Tv Lessons / Home Science Primary Education / Grade 4 / Educhannel Tv Lessons / Agriculture Primary Education / Grade 4 / Educhannel Tv Lessons / Music Primary Education / Grade 4 / Educhannel Tv Lessons / Physical Education Primary Education / Grade 4 / Educhannel Tv Lessons / Art and Craft Primary Education / Grade 4 / Educhannel Tv Lessons / Kenya Sign Language Primary Education / Grade 4 / Educhannel Tv Lessons / Mathematics Primary Education / Grade 4 / Educhannel Tv Lessons / Science and Technology Primary Education / Grade 4 / Educhannel Tv Lessons / Social Studies Primary Education / Grade 4 / Educhannel Tv Lessons / English Primary Education / Grade 4 / Educhannel Tv Lessons / Kiswahili Primary Education / Grade 4 / Educhannel Tv Lessons / Environmental Activity Primary Education / Grade 4 / Radio lessons Primary Education / Grade 4 / Radio lessons / Social Studies Primary Education / Grade 4 / Radio lessons / Social Studies / Grade 4 Term 2 Primary Education / Grade 4 / Radio lessons / Social Studies / Grade 4 Term 3 Primary Education / Grade 4 / Radio lessons / CRE Primary Education / Grade 4 / Radio lessons / CRE / Grade 4 Term 2 Primary Education / Grade 4 / Radio lessons / English Primary Education / Grade 4 / Radio lessons / English / Grade 4 Term 2 Primary Education / Grade 4 / Radio lessons / English / Grade 4 Term 3 Primary Education / Grade 4 / Radio lessons / Hygiene and Nutrition Primary Education / Grade 4 / Radio lessons / Hygiene and Nutrition / Grade 4 Term 1 Primary Education / Grade 4 / Radio lessons / IRE Primary Education / Grade 4 / Radio lessons / IRE / Grade 4 Term 2 Primary Education / Grade 4 / Radio lessons / Science and Technology Primary Education / Grade 4 / Radio lessons / Science and Technology / Grade 4 Term 3 Primary Education / Grade 4 / Radio lessons / Agriculture Primary Education / Grade 4 / Radio lessons / Agriculture / Grade 4 Term 3 Primary Education / Grade 4 / Radio lessons / Mathematics Primary Education / Grade 4 / Radio lessons / Mathematics / Grade 4 Term 3 Primary Education / Grade 4 / SNE Primary Education / Grade 4 / Interactive Digital Content Primary Education / Grade 5 Primary Education / Grade 5 / Educhannel Tv Lessons Primary Education / Grade 5 / Educhannel Tv Lessons / English Primary Education / Grade 5 / Educhannel Tv Lessons / Kiswahili Primary Education / Grade 5 / Educhannel Tv Lessons / Mathematics Primary Education / Grade 5 / Radio Lessons Primary Education / Grade 5 / Radio Lessons / English Primary Education / Grade 5 / Radio Lessons / Science and Technology Primary Education / Grade 5 / Radio Lessons / Agriculture Primary Education / Grade 5 / Radio Lessons / Social studies Primary Education / Grade 5 / Radio Lessons / Christian Religious Education Primary Education / Grade 5 / Radio Lessons / Mathematics Primary Education / Grade 5 / Interactive Digital Content Primary Education / Grade 6 Primary Education / Grade 6 / Radio Lessons Primary Education / Grade 6 / Radio Lessons / CRE Primary Education / Grade 6 / Radio Lessons / Social Studies Primary Education / Grade 6 / Radio Lessons / Science Primary Education / Grade 6 / Radio Lessons / Kiswahili Primary Education / Grade 6 / Radio Lessons / English Primary Education / Grade 6 / Radio Lessons / Mathematics Primary Education / Grade 6 / Educhannel TV Lessons Primary Education / Grade 6 / Educhannel TV Lessons / Kiswahili Primary Education / Grade 6 / Educhannel TV Lessons / Agriculture Primary Education / Grade 6 / Educhannel TV Lessons / Art and Craft Primary Education / Grade 6 / Educhannel TV Lessons / English Primary Education / Grade 6 / Educhannel TV Lessons / Home Science Primary Education / Grade 6 / Educhannel TV Lessons / Music Primary Education / Grade 6 / Educhannel TV Lessons / Science and technology Primary Education / Grade 6 / Educhannel TV Lessons / Physical health education Primary Education / Grade 6 / Interactive Digital Content Junior School Junior School / Grade 8 Junior School / Grade 8 / Educhannel Tv Lessons Junior School / Grade 8 / Radio Lessons Junior School / Grade 8 / Interactive Digital Content Junior School / Grade 7 Junior School / Grade 7 / Educhannel TV lessons Junior School / Grade 7 / Radio Lessons Junior School / Grade 7 / Radio Lessons / Mathematics Junior School / Grade 7 / Radio Lessons / Kiswahili Junior School / Grade 7 / Radio Lessons / English Junior School / Grade 7 / Radio Lessons / Christian Religious Education Junior School / Grade 7 / Radio Lessons / Integrated Science Junior School / Grade 7 / Radio Lessons / Social Studies Junior School / Grade 7 / Radio Lessons / Pre-Technical Studies Junior School / Grade 7 / Interactive Digital Content Secondary Education Secondary Education / Form 1 Secondary Education / Form 1 / Interactive Digital Content Secondary Education / Form 1 / Educhannel Tv Lessons Secondary Education / Form 1 / Educhannel Tv Lessons / Mathematics Secondary Education / Form 1 / Educhannel Tv Lessons / English Secondary Education / Form 1 / Educhannel Tv Lessons / Physics Secondary Education / Form 1 / Educhannel Tv Lessons / Biology Secondary Education / Form 1 / Educhannel Tv Lessons / Chemistry Secondary Education / Form 1 / Educhannel Tv Lessons / Kiswahili Secondary Education / Form 1 / Educhannel Tv Lessons / History and Government Secondary Education / Form 1 / Educhannel Tv Lessons / Business Studies Secondary Education / Form 1 / Radio Lessons Secondary Education / Form 1 / Ebooks Secondary Education / Form 2 Secondary Education / Form 2 / Interactive Digital Content Secondary Education / Form 2 / Educhannel Tv Lessons Secondary Education / Form 2 / Educhannel Tv Lessons / Physics Secondary Education / Form 2 / Radio Lessons Secondary Education / Form 2 / Radio Lessons / Biology Secondary Education / Form 3 Secondary Education / Form 3 / Interactive Digital Content Secondary Education / Form 3 / Educhannel Tv Lessons Secondary Education / Form 3 / Educhannel Tv Lessons / Mathematics Secondary Education / Form 3 / Educhannel Tv Lessons / English Secondary Education / Form 3 / Educhannel Tv Lessons / Kiswahili Secondary Education / Form 3 / Educhannel Tv Lessons / Biology Secondary Education / Form 3 / Educhannel Tv Lessons / Chemistry Secondary Education / Form 3 / Educhannel Tv Lessons / Physics Secondary Education / Form 3 / Educhannel Tv Lessons / Business Studies Secondary Education / Form 3 / Educhannel Tv Lessons / History and Government Secondary Education / Form 3 / Radio Lessons Secondary Education / Form 4 Secondary Education / Form 4 / Interactive Digital Content Secondary Education / Form 4 / Educhannel Tv Lessons Secondary Education / Form 4 / Educhannel Tv Lessons / Form 4 Mathematics Secondary Education / Form 4 / Educhannel Tv Lessons / Form 4 English Secondary Education / Form 4 / Educhannel Tv Lessons / Form 4 Physics Secondary Education / Form 4 / Educhannel Tv Lessons / Form 4 Biology Secondary Education / Form 4 / Educhannel Tv Lessons / Form 4 Kiswahili Secondary Education / Form 4 / Educhannel Tv Lessons / Form 4 Chemistry Secondary Education / Form 4 / Educhannel Tv Lessons / Form 4 History and Government Secondary Education / Form 4 / Educhannel Tv Lessons / Form 4 Business Studies Secondary Education / Form 4 / Radio Lessons Secondary Education / Form 4 / Radio Lessons / Mathematics Secondary Education / Form 4 / Radio Lessons / Mathematics / Form 4 Term 1 Secondary Education / Form 4 / Radio Lessons / Mathematics / Form 4 Term 2 Secondary Education / Form 4 / Radio Lessons / Mathematics / Form 4 Term 3 General Knowledge General Knowledge / VOA Connect General Knowledge / Ask the expert General Knowledge / Citizenship and Democracy General Knowledge / Digital Story General Knowledge / Impacted Educhannel Lessons Educhannel Lessons / English Educhannel Lessons / English / Transport and travel Educhannel Lessons / English / Pronunciation skills Educhannel Lessons / English / Listening and speaking Educhannel Lessons / English / Family Educhannel Lessons / English / Environment Educhannel Lessons / English / Drug and Substance Educhannel Lessons / Agriculture Educhannel Lessons / Biology Educhannel Lessons / Biology / Living Things Educhannel Lessons / Biology / Secretion and homeostasis Educhannel Lessons / Biology / Support and movement Educhannel Lessons / Business Studies Educhannel Lessons / Chemistry Educhannel Lessons / Earth Movement and Volcanicity Educhannel Lessons / Environmental Activities Educhannel Lessons / Geograpghy Educhannel Lessons / History Educhannel Lessons / History / Kenyan History Educhannel Lessons / Homescience Educhannel Lessons / Homescience / Basic care clothing Educhannel Lessons / Kiswahili Educhannel Lessons / Kiswahili / Primary Educhannel Lessons / Kiswahili / Primary / Darasa 4-5 Educhannel Lessons / Kiswahili / Secondary Educhannel Lessons / Kiswahili / Secondary / Isimu Jamii Educhannel Lessons / Kiswahili / Secondary / Sarufi Educhannel Lessons / Mathematics Educhannel Lessons / Mathematics / Secondary Educhannel Lessons / Mathematics / Secondary / Commercial Arithmetics Educhannel Lessons / Mathematics / Primary Educhannel Lessons / Mathematics / Primary / Class 5-8 Educhannel Lessons / Mathematics / Primary / Class 5-8 / Practical uses of Money Educhannel Lessons / Mathematics / Primary / Class 5-8 / Measurement Educhannel Lessons / Organic Chemistry Educhannel Lessons / Performing Music Educhannel Lessons / Homescience Educhannel Lessons / Homescience / Basic care of clothing Educhannel Lessons / Art and Craft Educhannel Lessons / Physics Educhannel Lessons / Physics / Thermodynamics Educhannel Lessons / Physics / Mechanics Educhannel Lessons / Physics / Electricity and Magnetism Educhannel Lessons / The Doyen Exposition Educhannel Lessons / Science Educhannel Lessons / Science / Making work easier Educhannel Lessons / Science / Living Things Educhannel Lessons / Science / Energy conservation Educhannel Lessons / Physical and Health Education Educhannel Lessons / Physical and Health Education / Grade 1-4 Open Education Resourses(OERs) Open Education Resourses(OERs) / Movement and Creative Activities Open Education Resourses(OERs) / 	Religious Education Activities Open Education Resourses(OERs) / Mathematical Activities Open Education Resourses(OERs) / Environmental Activities Open Education Resourses(OERs) / Kiswahili Language Open Education Resourses(OERs) / LTK | Concordia University Open Education Resourses(OERs) / Hygiene and Nutrition Open Education Resourses(OERs) / ENGLISH LANGUAGE ACTIVITIES Open Education Resourses(OERs) / Casio Materials Open Education Resourses(OERs) / Health Education Open Education Resourses(OERs) / Carbon Literacy Special Needs Education Special Needs Education / Grade 1 Special Needs Education / Grade 1 / Adapted Interactive Digital Content for Hearing Impaired(HI) Special Needs Education / Grade 1 / Adapted Interactive Digital Content for Hearing Impaired(HI) / English Activities Special Needs Education / Grade 1 / Adapted Interactive Digital Content for Hearing Impaired(HI) / Environmental Activities Special Needs Education / Grade 1 / Adapted Interactive Digital Content for Hearing Impaired(HI) / Creative Activities Special Needs Education / Grade 1 / Adapted Interactive Digital Content for Visual Impaired(VI) Special Needs Education / Grade 2 Special Needs Education / Grade 2 / Adapted Interactive Digital Content for Hearing Impaired(HI) Special Needs Education / Grade 2 / Adapted Interactive Digital Content for Hearing Impaired(HI) / Mathematics Grade 2 Special Needs Education / Grade 2 / Adapted Interactive Digital Content for Hearing Impaired(HI) / Environmental Activities Grade 2 Special Needs Education / Grade 2 / Adapted Interactive Digital Content for Hearing Impaired(HI) / Hygiene and Nutrition Grade 2 Special Needs Education / Grade 2 / Adapted Interactive Digital Content for Hearing Impaired(HI) / Christian Religious Education Grade 2 (HI) Special Needs Education / Grade 2 / Adapted Interactive Digital Content for Hearing Impaired(HI) / Literacy Activities Grade2 (HI) Special Needs Education / Grade 2 / Adapted Interactive Digital Content for Hearing Impaired(HI) / English Activities Grad2 H.I Special Needs Education / Grade 2 / Adapted Interactive Digital Content for Hearing Impaired(HI) / Creative Activities Grade2 -H.I Special Needs Education / Grade 2 / Adapted Interactive Digital Content for Visual Impaired(VI) Special Needs Education / Grade 2 / Adapted Interactive Digital Content for Visual Impaired(VI) / Mathematics Special Needs Education / Grade 2 / Adapted Interactive Digital Content for Visual Impaired(VI) / Kiswahili Special Needs Education / Grade 2 / Adapted Interactive Digital Content for Visual Impaired(VI) / English Special Needs Education / Grade 2 / Adapted Interactive Digital Content for Visual Impaired(VI) / Creative Activities Special Needs Education / Grade 2 / Adapted Interactive Digital Content for Visual Impaired(VI) / CRE Special Needs Education / Grade 3 Special Needs Education / Grade 3 / Adapted Interactive Digital Content for Learners with Hearing Impairment (HI) Special Needs Education / Grade 3 / Adapted Interactive Digital Content for Learners with Hearing Impairment (HI) / Visual Arts Special Needs Education / Grade 3 / Adapted Interactive Digital Content for Learners with Hearing Impairment (HI) / English Special Needs Education / Grade 3 / Adapted Interactive Digital Content for Learners with Hearing Impairment (HI) / Hygiene and Nutrition Special Needs Education / Grade 3 / Adapted Interactive Digital Content for Learners with Hearing Impairment (HI) / Music Special Needs Education / Grade 3 / Adapted Interactive Digital Content for Learners with Hearing Impairment (HI) / Mathematics Special Needs Education / Grade 3 / Adapted Interactive Digital Content for Learners with Hearing Impairment (HI) / Environmental Special Needs Education / Grade 3 / Adapted Interactive Digital Content for Learners with Hearing Impairment (HI) / CRE Special Needs Education / Grade 3 / Adapted Interactive Digital Content for Learners with Visual Impairment (VI) Special Needs Education / Grade 3 / Adapted Interactive Digital Content for Learners with Visual Impairment (VI) / Music Special Needs Education / Grade 3 / Adapted Interactive Digital Content for Learners with Visual Impairment (VI) / Mathematics Special Needs Education / Grade 3 / Adapted Interactive Digital Content for Learners with Visual Impairment (VI) / Visual Arts Special Needs Education / Grade 3 / Adapted Interactive Digital Content for Learners with Visual Impairment (VI) / Kiswahili Special Needs Education / Grade 3 / Adapted Interactive Digital Content for Learners with Visual Impairment (VI) / Hygiene and Nutrition Special Needs Education / Grade 3 / Adapted Interactive Digital Content for Learners with Visual Impairment (VI) / Environmental Special Needs Education / Grade 3 / Adapted Interactive Digital Content for Learners with Visual Impairment (VI) / English Special Needs Education / Grade 3 / Adapted Interactive Digital Content for Learners with Visual Impairment (VI) / CRE Special Needs Education / Grade 4 Special Needs Education / Grade 4 / Adapted Interactive Digital Content for Learners with Hearing Impairment (HI) Special Needs Education / Grade 4 / Adapted Interactive Digital Content for Learners with Hearing Impairment (HI) / Mathematics Special Needs Education / Grade 4 / Adapted Interactive Digital Content for Learners with Hearing Impairment (HI) / English Special Needs Education / Grade 4 / Adapted Interactive Digital Content for Learners with Hearing Impairment (HI) / Science and Technology Special Needs Education / Grade 4 / Adapted Interactive Digital Content for Learners with Hearing Impairment (HI) / Agriculture Special Needs Education / Grade 4 / Adapted Interactive Digital Content for Learners with Hearing Impairment (HI) / Social Studies Special Needs Education / Grade 4 / Adapted Interactive Digital Content for Learners with Hearing Impairment (HI) / Home Science Special Needs Education / Grade 4 / Adapted Interactive Digital Content for Learners with Hearing Impairment (HI) / Art and Craft Special Needs Education / Grade 4 / Adapted Interactive Digital Content for Learners with Hearing Impairment (HI) / Music Special Needs Education / Grade 4 / Adapted Interactive Digital Content for Learners with Hearing Impairment (HI) / Christian Religious Education (CRE) Special Needs Education / Grade 4 / Adapted Interactive Digital Content for Learners with Visual Impairment (VI) Special Needs Education / Grade 4 / Adapted Interactive Digital Content for Learners with Visual Impairment (VI) / Mathematics Special Needs Education / Grade 4 / Adapted Interactive Digital Content for Learners with Visual Impairment (VI) / English Special Needs Education / Grade 4 / Adapted Interactive Digital Content for Learners with Visual Impairment (VI) / Kiswahili Special Needs Education / Grade 4 / Adapted Interactive Digital Content for Learners with Visual Impairment (VI) / Science and Technology Special Needs Education / Grade 4 / Adapted Interactive Digital Content for Learners with Visual Impairment (VI) / Agriculture Special Needs Education / Grade 4 / Adapted Interactive Digital Content for Learners with Visual Impairment (VI) / Social Studies Special Needs Education / Grade 4 / Adapted Interactive Digital Content for Learners with Visual Impairment (VI) / Home Science Special Needs Education / Grade 4 / Adapted Interactive Digital Content for Learners with Visual Impairment (VI) / Art and Craft Special Needs Education / Grade 4 / Adapted Interactive Digital Content for Learners with Visual Impairment (VI) / Christian Religious Education (CRE) Special Needs Education / Grade 4 / Adapted Interactive Digital Content for Learners with Visual Impairment (VI) / Music Special Needs Education / Grade 5 Special Needs Education / Grade 5 / Adapted Interactive Digital Content for Learners with Hearing Impairment (HI) Special Needs Education / Grade 5 / Adapted Interactive Digital Content for Learners with Hearing Impairment (HI) / English Special Needs Education / Grade 5 / Adapted Interactive Digital Content for Learners with Hearing Impairment (HI) / Christian Religious Education Special Needs Education / Grade 5 / Adapted Interactive Digital Content for Learners with Hearing Impairment (HI) / Social Studies Special Needs Education / Grade 5 / Adapted Interactive Digital Content for Learners with Hearing Impairment (HI) / Agriculture and Nutrition Special Needs Education / Grade 5 / Adapted Interactive Digital Content for Learners with Hearing Impairment (HI) / Creative Arts Special Needs Education / Grade 5 / Adapted Interactive Digital Content for Learners with Hearing Impairment (HI) / Mathematics Special Needs Education / Grade 5 / Adapted Interactive Digital Content for Learners with Hearing Impairment (HI) / Science and Technology Special Needs Education / Grade 5 / Adapted Interactive Digital Content for Learners with Hearing Impairment (HI) / Islamic Religious Education Special Needs Education / Grade 5 / Adapted Interactive Digital Content for Learners with Visual Impairment (VI) Special Needs Education / Grade 5 / Adapted Interactive Digital Content for Learners with Visual Impairment (VI) / Creative Arts Special Needs Education / Grade 5 / Adapted Interactive Digital Content for Learners with Visual Impairment (VI) / Social Studies Special Needs Education / Grade 5 / Adapted Interactive Digital Content for Learners with Visual Impairment (VI) / Kiswahili Special Needs Education / Grade 5 / Adapted Interactive Digital Content for Learners with Visual Impairment (VI) / Christian Religious Education Special Needs Education / Grade 5 / Adapted Interactive Digital Content for Learners with Visual Impairment (VI) / Science and Technology Special Needs Education / Grade 5 / Adapted Interactive Digital Content for Learners with Visual Impairment (VI) / Agriculture and Nutrition Special Needs Education / Grade 5 / Adapted Interactive Digital Content for Learners with Visual Impairment (VI) / Islamic Religious Education Special Needs Education / Grade 5 / Adapted Interactive Digital Content for Learners with Visual Impairment (VI) / Mathematics Special Needs Education / Grade 5 / Adapted Interactive Digital Content for Learners with Visual Impairment (VI) / English Special Needs Education / Grade 6 Special Needs Education / Grade 6 / Adapted Interactive Digital Content for Learners with Hearing Impairment (HI) Special Needs Education / Grade 6 / Adapted Interactive Digital Content for Learners with Hearing Impairment (HI) / Science and Technology Special Needs Education / Grade 6 / Adapted Interactive Digital Content for Learners with Hearing Impairment (HI) / Christian Religious Education Special Needs Education / Grade 6 / Adapted Interactive Digital Content for Learners with Hearing Impairment (HI) / Creative Arts Special Needs Education / Grade 6 / Adapted Interactive Digital Content for Learners with Hearing Impairment (HI) / Islamic Religious Education Special Needs Education / Grade 6 / Adapted Interactive Digital Content for Learners with Hearing Impairment (HI) / English Special Needs Education / Grade 6 / Adapted Interactive Digital Content for Learners with Hearing Impairment (HI) / Social Studies Special Needs Education / Grade 6 / Adapted Interactive Digital Content for Learners with Hearing Impairment (HI) / Agriculture Special Needs Education / Grade 6 / Adapted Interactive Digital Content for Learners with Hearing Impairment (HI) / Mathematics Special Needs Education / Grade 6 / Adapted Interactive Digital Content for Learners with Visual Impairment (VI) Special Needs Education / Grade 6 / Adapted Interactive Digital Content for Learners with Visual Impairment (VI) / Christian Religious Education Special Needs Education / Grade 6 / Adapted Interactive Digital Content for Learners with Visual Impairment (VI) / Kiswahili Special Needs Education / Grade 6 / Adapted Interactive Digital Content for Learners with Visual Impairment (VI) / English Special Needs Education / Grade 6 / Adapted Interactive Digital Content for Learners with Visual Impairment (VI) / Creative Arts Special Needs Education / Grade 6 / Adapted Interactive Digital Content for Learners with Visual Impairment (VI) / Mathematics Special Needs Education / Grade 6 / Adapted Interactive Digital Content for Learners with Visual Impairment (VI) / Science and Technology Special Needs Education / Grade 6 / Adapted Interactive Digital Content for Learners with Visual Impairment (VI) / Islamic Religious Education Special Needs Education / Grade 6 / Adapted Interactive Digital Content for Learners with Visual Impairment (VI) / Social Studies Special Needs Education / Grade 6 / Adapted Interactive Digital Content for Learners with Visual Impairment (VI) / Agriculture and Nutrition Special Needs Education / Ebooks Special Needs Education / Videos Special Needs Education / Foundational and Stage-Based Special Needs Education / Prevocational Level Special Needs Education / Prevocational Level / Music Special Needs Education / Prevocational Level / Hindu Religious Education Special Needs Education / Prevocational Level / Christian Religious Education Special Needs Education / Prevocational Level / Physical Education Special Needs Education / Prevocational Level / Islamic Religious Education Special Needs Education / Prevocational Level / Social Studies Special Needs Education / Prevocational Level / Prevocational Skills 1 Special Needs Education / Prevocational Level / Prevocational Skills 2 Special Needs Education / Prevocational Level / Prevocational Skills 3 Accessible Digital Textbooks Interactive Simulations for Sciences and Mathematics Interactive Simulations for Sciences and Mathematics / Physics Interactive Simulations for Sciences and Mathematics / Chemistry Interactive Simulations for Sciences and Mathematics / Mathematics Information, Education and Communication(IEC) Materials Information, Education and Communication(IEC) Materials / Child Online Safety Information, Education and Communication(IEC) Materials / Child Road Safety Information, Education and Communication(IEC) Materials / Child Road Safety / Integration Matrices Information, Education and Communication(IEC) Materials / Child Road Safety / Integration Matrices / Early Years Education Information, Education and Communication(IEC) Materials / Child Road Safety / Integration Matrices / Upper Primary Information, Education and Communication(IEC) Materials / Child Road Safety / Integration Matrices / Junior School Information, Education and Communication(IEC) Materials / Child Road Safety / Integration Matrices / Senior School Information, Education and Communication(IEC) Materials / Child Road Safety / Information, Education and Communication(IEC) Materials on Child Road Safety Information, Education and Communication(IEC) Materials / Child Road Safety / Information, Education and Communication(IEC) Materials on Child Road Safety / Early Years Education Information, Education and Communication(IEC) Materials / Child Road Safety / Information, Education and Communication(IEC) Materials on Child Road Safety / Upper Primary Information, Education and Communication(IEC) Materials / Child Road Safety / Information, Education and Communication(IEC) Materials on Child Road Safety / Junior School Information, Education and Communication(IEC) Materials / Child Road Safety / Information, Education and Communication(IEC) Materials on Child Road Safety / Senior School Information, Education and Communication(IEC) Materials / Child Road Safety / Teacher's Handbook Information, Education and Communication(IEC) Materials / Financial Literacy Learners’ Toolkit Teacher Resources Teacher Resources / Educational Resources Materials Development Teacher Resources / Educational Resources Materials Development / CRE Teacher Resources / Educational Resources Materials Development / English Teacher Resources / Educational Resources Materials Development / Environment Teacher Resources / Educational Resources Materials Development / Foundations Teacher Resources / Educational Resources Materials Development / H.R.E Teacher Resources / Educational Resources Materials Development / Hygiene and Nutrition Teacher Resources / Educational Resources Materials Development / I.R.E Teacher Resources / Educational Resources Materials Development / Kiswahili Teacher Resources / Educational Resources Materials Development / Language Activities Teacher Resources / Educational Resources Materials Development / Literacy Skills Teacher Resources / Educational Resources Materials Development / Mathematics Teacher Resources / Educational Resources Materials Development / Movements and Arts Teacher Resources / Pre-Primary Teacher Radio Programmes Teacher Resources / CBC Courses Teacher Resources / Special Needs Educations Teacher Resources / Interactive Digital Content for Teacher Education Teacher Resources / Interactive Digital Content for Teacher Education / English Teacher Resources / Interactive Digital Content for Teacher Education / Music Teacher Resources / Interactive Digital Content for Teacher Education / Christian Religious Education Teacher Resources / Interactive Digital Content for Teacher Education / Art and Craft Teacher Resources / Interactive Digital Content for Teacher Education / Indigenous Languages Teacher Resources / Interactive Digital Content for Teacher Education / Home science Teacher Resources / Interactive Digital Content for Teacher Education / Science and Technology Teacher Resources / Interactive Digital Content for Teacher Education / Islamic Religious Education Teacher Resources / Interactive Digital Content for Teacher Education / Mandarin Teacher Resources / Interactive Digital Content for Teacher Education / Agriculture Teacher Resources / Interactive Digital Content for Teacher Education / Mathematics Teacher Resources / Interactive Digital Content for Teacher Education / French Teacher Resources / Interactive Digital Content for Teacher Education / Hindu Religious Education Teacher Resources / Interactive Digital Content for Teacher Education / Social Studies Teacher Resources / Interactive Digital Content for Teacher Education / Kiswahili Teacher Resources / Interactive Digital Content for Teacher Education / Physical Education Teacher Resources / Interactive Digital Content for Teacher Education / Arabic Parental Resources Financial Literacy Financial Literacy / Financial Literacy for Junior School Financial Literacy / Financial Literacy for Junior School / Taxation Financial Literacy / Financial Literacy for Senior School Financial Literacy / Financial Literacy for Senior School / Taxation Founded in 2002 by Nobel Laureate Carl Wieman, the PhET Interactive Simulations project at the University of Colorado Boulder creates free interactive math and science simulations. PhET sims are based on extensive education research and engage students through an intuitive, game-like environment where students learn through exploration and discovery. Search lessons Search Expand allPhysicsChemistryMathematics PhysicsChemistryMathematics Digital Content | Kenya Education Cloud | Unlimited Learning Experiences Skip to main content (Login) Interactive Simulations for Sciences and Mathematics Home Lessons Interactive Simulations for Sciences and Mathematics Lesson categories: Pre-Primary Pre-Primary / Radio Lessons Pre-Primary / Educhannel Video Lessons Pre-Primary / Educhannel Video Lessons / Language Activities Pre-Primary / Educhannel Video Lessons / Mathematics Pre-Primary / Educhannel Video Lessons / Our School Pre-Primary / Educhannel Video Lessons / Picture Making Pre-Primary / Educhannel Video Lessons / Social Environment Pre-Primary / Educhannel Video Lessons / Pre-Primary 1 Pre-Primary / Educhannel Video Lessons / Pre-Primary 2 Pre-Primary / Interactive digital Content Pre-Primary / Ebooks Primary Education Primary Education / Grade 1 Primary Education / Grade 1 / Educhannel TV Lessons Primary Education / Grade 1 / Educhannel TV Lessons / English Primary Education / Grade 1 / Educhannel TV Lessons / Mathematics Primary Education / Grade 1 / Educhannel TV Lessons / Kiswahili Primary Education / Grade 1 / Educhannel TV Lessons / Kenya Sign Language(KSL) Primary Education / Grade 1 / Educhannel TV Lessons / Hygiene and nutrition Primary Education / Grade 1 / Educhannel TV Lessons / Environmental Activities Primary Education / Grade 1 / Interactive Digital Content Primary Education / Grade 1 / Radio Lessons Primary Education / Grade 1 / Radio Lessons / Mathematics Primary Education / Grade 1 / Radio Lessons / Mathematics / Grade 1 Term 2 Primary Education / Grade 1 / Radio Lessons / Mathematics / Grade 1 Term 3 Primary Education / Grade 1 / Radio Lessons / Kiswahili Primary Education / Grade 1 / Radio Lessons / Kiswahili / Grade 1 Term 2 Primary Education / Grade 1 / Radio Lessons / Kiswahili / Grade 1 Term 3 Primary Education / Grade 1 / Radio Lessons / English Primary Education / Grade 1 / Radio Lessons / English / Grade 1 Term 2 Primary Education / Grade 1 / Radio Lessons / English / Grade 1 Term 3 Primary Education / Grade 1 / Ebooks Primary Education / Grade 1 / Ebooks / Tusome readers Primary Education / Grade 1 / Ebooks / Indigenous Languages Primary Education / Grade 2 Primary Education / Grade 2 / Interactive Digital Content Primary Education / Grade 2 / Educhannel Tv Lessons Primary Education / Grade 2 / Educhannel Tv Lessons / Mathematics Primary Education / Grade 2 / Educhannel Tv Lessons / English Primary Education / Grade 2 / Radio Lessons Primary Education / Grade 2 / Radio Lessons / Mathematics Primary Education / Grade 2 / Radio Lessons / Mathematics / Grade 2 Term 2 Primary Education / Grade 2 / Radio Lessons / English Primary Education / Grade 2 / Radio Lessons / English / Grade 2 Term 2 Primary Education / Grade 2 / Radio Lessons / English / Grade 2 Term 3 Primary Education / Grade 2 / Radio Lessons / Kiswahili Primary Education / Grade 2 / Radio Lessons / Kiswahili / Grade 2 Term 3 Primary Education / Grade 2 / Hygiene and Nutrition Primary Education / Grade 2 / Hygiene and Nutrition / Grade 2 Term 2 Primary Education / Grade 2 / E-books Primary Education / Grade 2 / E-books / Tusome Readers Primary Education / Grade 3 Primary Education / Grade 3 / Radio Lessons Primary Education / Grade 3 / Radio Lessons / Mathematics Primary Education / Grade 3 / Radio Lessons / Mathematics / Grade 3 Term 2 Primary Education / Grade 3 / Radio Lessons / Mathematics / Grade 3 Term 3 Primary Education / Grade 3 / Radio Lessons / English Primary Education / Grade 3 / Radio Lessons / English / Grade 3 Term 2 Primary Education / Grade 3 / Radio Lessons / English / Grade 3 Term 3 Primary Education / Grade 3 / Radio Lessons / Environmental Activities Primary Education / Grade 3 / Radio Lessons / Environmental Activities / Grade 3 Term 2 Primary Education / Grade 3 / Radio Lessons / Kiswahili Primary Education / Grade 3 / Radio Lessons / Kiswahili / Grade 3 Term 3 Primary Education / Grade 3 / Educhannel TV Lessons Primary Education / Grade 3 / Educhannel TV Lessons / Mathematics Primary Education / Grade 3 / Educhannel TV Lessons / English Primary Education / Grade 3 / Educhannel TV Lessons / Kiswahili Primary Education / Grade 3 / Educhannel TV Lessons / Hygiene and Nutrition Primary Education / Grade 3 / Educhannel TV Lessons / Environmental Activities Primary Education / Grade 3 / Interactive Digital Content Primary Education / Grade 3 / EBooks Primary Education / Grade 3 / Tusome English Video Lessons Primary Education / Grade 3 / Tusome English Video Lessons / Tusome English Grade 3 Lessons Primary Education / Grade 4 Primary Education / Grade 4 / Educhannel Tv Lessons Primary Education / Grade 4 / Educhannel Tv Lessons / Home Science Primary Education / Grade 4 / Educhannel Tv Lessons / Agriculture Primary Education / Grade 4 / Educhannel Tv Lessons / Music Primary Education / Grade 4 / Educhannel Tv Lessons / Physical Education Primary Education / Grade 4 / Educhannel Tv Lessons / Art and Craft Primary Education / Grade 4 / Educhannel Tv Lessons / Kenya Sign Language Primary Education / Grade 4 / Educhannel Tv Lessons / Mathematics Primary Education / Grade 4 / Educhannel Tv Lessons / Science and Technology Primary Education / Grade 4 / Educhannel Tv Lessons / Social Studies Primary Education / Grade 4 / Educhannel Tv Lessons / English Primary Education / Grade 4 / Educhannel Tv Lessons / Kiswahili Primary Education / Grade 4 / Educhannel Tv Lessons / Environmental Activity Primary Education / Grade 4 / Radio lessons Primary Education / Grade 4 / Radio lessons / Social Studies Primary Education / Grade 4 / Radio lessons / Social Studies / Grade 4 Term 2 Primary Education / Grade 4 / Radio lessons / Social Studies / Grade 4 Term 3 Primary Education / Grade 4 / Radio lessons / CRE Primary Education / Grade 4 / Radio lessons / CRE / Grade 4 Term 2 Primary Education / Grade 4 / Radio lessons / English Primary Education / Grade 4 / Radio lessons / English / Grade 4 Term 2 Primary Education / Grade 4 / Radio lessons / English / Grade 4 Term 3 Primary Education / Grade 4 / Radio lessons / Hygiene and Nutrition Primary Education / Grade 4 / Radio lessons / Hygiene and Nutrition / Grade 4 Term 1 Primary Education / Grade 4 / Radio lessons / IRE Primary Education / Grade 4 / Radio lessons / IRE / Grade 4 Term 2 Primary Education / Grade 4 / Radio lessons / Science and Technology Primary Education / Grade 4 / Radio lessons / Science and Technology / Grade 4 Term 3 Primary Education / Grade 4 / Radio lessons / Agriculture Primary Education / Grade 4 / Radio lessons / Agriculture / Grade 4 Term 3 Primary Education / Grade 4 / Radio lessons / Mathematics Primary Education / Grade 4 / Radio lessons / Mathematics / Grade 4 Term 3 Primary Education / Grade 4 / SNE Primary Education / Grade 4 / Interactive Digital Content Primary Education / Grade 5 Primary Education / Grade 5 / Educhannel Tv Lessons Primary Education / Grade 5 / Educhannel Tv Lessons / English Primary Education / Grade 5 / Educhannel Tv Lessons / Kiswahili Primary Education / Grade 5 / Educhannel Tv Lessons / Mathematics Primary Education / Grade 5 / Radio Lessons Primary Education / Grade 5 / Radio Lessons / English Primary Education / Grade 5 / Radio Lessons / Science and Technology Primary Education / Grade 5 / Radio Lessons / Agriculture Primary Education / Grade 5 / Radio Lessons / Social studies Primary Education / Grade 5 / Radio Lessons / Christian Religious Education Primary Education / Grade 5 / Radio Lessons / Mathematics Primary Education / Grade 5 / Interactive Digital Content Primary Education / Grade 6 Primary Education / Grade 6 / Radio Lessons Primary Education / Grade 6 / Radio Lessons / CRE Primary Education / Grade 6 / Radio Lessons / Social Studies Primary Education / Grade 6 / Radio Lessons / Science Primary Education / Grade 6 / Radio Lessons / Kiswahili Primary Education / Grade 6 / Radio Lessons / English Primary Education / Grade 6 / Radio Lessons / Mathematics Primary Education / Grade 6 / Educhannel TV Lessons Primary Education / Grade 6 / Educhannel TV Lessons / Kiswahili Primary Education / Grade 6 / Educhannel TV Lessons / Agriculture Primary Education / Grade 6 / Educhannel TV Lessons / Art and Craft Primary Education / Grade 6 / Educhannel TV Lessons / English Primary Education / Grade 6 / Educhannel TV Lessons / Home Science Primary Education / Grade 6 / Educhannel TV Lessons / Music Primary Education / Grade 6 / Educhannel TV Lessons / Science and technology Primary Education / Grade 6 / Educhannel TV Lessons / Physical health education Primary Education / Grade 6 / Interactive Digital Content Junior School Junior School / Grade 8 Junior School / Grade 8 / Educhannel Tv Lessons Junior School / Grade 8 / Radio Lessons Junior School / Grade 8 / Interactive Digital Content Junior School / Grade 7 Junior School / Grade 7 / Educhannel TV lessons Junior School / Grade 7 / Radio Lessons Junior School / Grade 7 / Radio Lessons / Mathematics Junior School / Grade 7 / Radio Lessons / Kiswahili Junior School / Grade 7 / Radio Lessons / English Junior School / Grade 7 / Radio Lessons / Christian Religious Education Junior School / Grade 7 / Radio Lessons / Integrated Science Junior School / Grade 7 / Radio Lessons / Social Studies Junior School / Grade 7 / Radio Lessons / Pre-Technical Studies Junior School / Grade 7 / Interactive Digital Content Secondary Education Secondary Education / Form 1 Secondary Education / Form 1 / Interactive Digital Content Secondary Education / Form 1 / Educhannel Tv Lessons Secondary Education / Form 1 / Educhannel Tv Lessons / Mathematics Secondary Education / Form 1 / Educhannel Tv Lessons / English Secondary Education / Form 1 / Educhannel Tv Lessons / Physics Secondary Education / Form 1 / Educhannel Tv Lessons / Biology Secondary Education / Form 1 / Educhannel Tv Lessons / Chemistry Secondary Education / Form 1 / Educhannel Tv Lessons / Kiswahili Secondary Education / Form 1 / Educhannel Tv Lessons / History and Government Secondary Education / Form 1 / Educhannel Tv Lessons / Business Studies Secondary Education / Form 1 / Radio Lessons Secondary Education / Form 1 / Ebooks Secondary Education / Form 2 Secondary Education / Form 2 / Interactive Digital Content Secondary Education / Form 2 / Educhannel Tv Lessons Secondary Education / Form 2 / Educhannel Tv Lessons / Physics Secondary Education / Form 2 / Radio Lessons Secondary Education / Form 2 / Radio Lessons / Biology Secondary Education / Form 3 Secondary Education / Form 3 / Interactive Digital Content Secondary Education / Form 3 / Educhannel Tv Lessons Secondary Education / Form 3 / Educhannel Tv Lessons / Mathematics Secondary Education / Form 3 / Educhannel Tv Lessons / English Secondary Education / Form 3 / Educhannel Tv Lessons / Kiswahili Secondary Education / Form 3 / Educhannel Tv Lessons / Biology Secondary Education / Form 3 / Educhannel Tv Lessons / Chemistry Secondary Education / Form 3 / Educhannel Tv Lessons / Physics Secondary Education / Form 3 / Educhannel Tv Lessons / Business Studies Secondary Education / Form 3 / Educhannel Tv Lessons / History and Government Secondary Education / Form 3 / Radio Lessons Secondary Education / Form 4 Secondary Education / Form 4 / Interactive Digital Content Secondary Education / Form 4 / Educhannel Tv Lessons Secondary Education / Form 4 / Educhannel Tv Lessons / Form 4 Mathematics Secondary Education / Form 4 / Educhannel Tv Lessons / Form 4 English Secondary Education / Form 4 / Educhannel Tv Lessons / Form 4 Physics Secondary Education / Form 4 / Educhannel Tv Lessons / Form 4 Biology Secondary Education / Form 4 / Educhannel Tv Lessons / Form 4 Kiswahili Secondary Education / Form 4 / Educhannel Tv Lessons / Form 4 Chemistry Secondary Education / Form 4 / Educhannel Tv Lessons / Form 4 History and Government Secondary Education / Form 4 / Educhannel Tv Lessons / Form 4 Business Studies Secondary Education / Form 4 / Radio Lessons Secondary Education / Form 4 / Radio Lessons / Mathematics Secondary Education / Form 4 / Radio Lessons / Mathematics / Form 4 Term 1 Secondary Education / Form 4 / Radio Lessons / Mathematics / Form 4 Term 2 Secondary Education / Form 4 / Radio Lessons / Mathematics / Form 4 Term 3 General Knowledge General Knowledge / VOA Connect General Knowledge / Ask the expert General Knowledge / Citizenship and Democracy General Knowledge / Digital Story General Knowledge / Impacted Educhannel Lessons Educhannel Lessons / English Educhannel Lessons / English / Transport and travel Educhannel Lessons / English / Pronunciation skills Educhannel Lessons / English / Listening and speaking Educhannel Lessons / English / Family Educhannel Lessons / English / Environment Educhannel Lessons / English / Drug and Substance Educhannel Lessons / Agriculture Educhannel Lessons / Biology Educhannel Lessons / Biology / Living Things Educhannel Lessons / Biology / Secretion and homeostasis Educhannel Lessons / Biology / Support and movement Educhannel Lessons / Business Studies Educhannel Lessons / Chemistry Educhannel Lessons / Earth Movement and Volcanicity Educhannel Lessons / Environmental Activities Educhannel Lessons / Geograpghy Educhannel Lessons / History Educhannel Lessons / History / Kenyan History Educhannel Lessons / Homescience Educhannel Lessons / Homescience / Basic care clothing Educhannel Lessons / Kiswahili Educhannel Lessons / Kiswahili / Primary Educhannel Lessons / Kiswahili / Primary / Darasa 4-5 Educhannel Lessons / Kiswahili / Secondary Educhannel Lessons / Kiswahili / Secondary / Isimu Jamii Educhannel Lessons / Kiswahili / Secondary / Sarufi Educhannel Lessons / Mathematics Educhannel Lessons / Mathematics / Secondary Educhannel Lessons / Mathematics / Secondary / Commercial Arithmetics Educhannel Lessons / Mathematics / Primary Educhannel Lessons / Mathematics / Primary / Class 5-8 Educhannel Lessons / Mathematics / Primary / Class 5-8 / Practical uses of Money Educhannel Lessons / Mathematics / Primary / Class 5-8 / Measurement Educhannel Lessons / Organic Chemistry Educhannel Lessons / Performing Music Educhannel Lessons / Homescience Educhannel Lessons / Homescience / Basic care of clothing Educhannel Lessons / Art and Craft Educhannel Lessons / Physics Educhannel Lessons / Physics / Thermodynamics Educhannel Lessons / Physics / Mechanics Educhannel Lessons / Physics / Electricity and Magnetism Educhannel Lessons / The Doyen Exposition Educhannel Lessons / Science Educhannel Lessons / Science / Making work easier Educhannel Lessons / Science / Living Things Educhannel Lessons / Science / Energy conservation Educhannel Lessons / Physical and Health Education Educhannel Lessons / Physical and Health Education / Grade 1-4 Open Education Resourses(OERs) Open Education Resourses(OERs) / Movement and Creative Activities Open Education Resourses(OERs) / 	Religious Education Activities Open Education Resourses(OERs) / Mathematical Activities Open Education Resourses(OERs) / Environmental Activities Open Education Resourses(OERs) / Kiswahili Language Open Education Resourses(OERs) / LTK | Concordia University Open Education Resourses(OERs) / Hygiene and Nutrition Open Education Resourses(OERs) / ENGLISH LANGUAGE ACTIVITIES Open Education Resourses(OERs) / Casio Materials Open Education Resourses(OERs) / Health Education Open Education Resourses(OERs) / Carbon Literacy Special Needs Education Special Needs Education / Grade 1 Special Needs Education / Grade 1 / Adapted Interactive Digital Content for Hearing Impaired(HI) Special Needs Education / Grade 1 / Adapted Interactive Digital Content for Hearing Impaired(HI) / English Activities Special Needs Education / Grade 1 / Adapted Interactive Digital Content for Hearing Impaired(HI) / Environmental Activities Special Needs Education / Grade 1 / Adapted Interactive Digital Content for Hearing Impaired(HI) / Creative Activities Special Needs Education / Grade 1 / Adapted Interactive Digital Content for Visual Impaired(VI) Special Needs Education / Grade 2 Special Needs Education / Grade 2 / Adapted Interactive Digital Content for Hearing Impaired(HI) Special Needs Education / Grade 2 / Adapted Interactive Digital Content for Hearing Impaired(HI) / Mathematics Grade 2 Special Needs Education / Grade 2 / Adapted Interactive Digital Content for Hearing Impaired(HI) / Environmental Activities Grade 2 Special Needs Education / Grade 2 / Adapted Interactive Digital Content for Hearing Impaired(HI) / Hygiene and Nutrition Grade 2 Special Needs Education / Grade 2 / Adapted Interactive Digital Content for Hearing Impaired(HI) / Christian Religious Education Grade 2 (HI) Special Needs Education / Grade 2 / Adapted Interactive Digital Content for Hearing Impaired(HI) / Literacy Activities Grade2 (HI) Special Needs Education / Grade 2 / Adapted Interactive Digital Content for Hearing Impaired(HI) / English Activities Grad2 H.I Special Needs Education / Grade 2 / Adapted Interactive Digital Content for Hearing Impaired(HI) / Creative Activities Grade2 -H.I Special Needs Education / Grade 2 / Adapted Interactive Digital Content for Visual Impaired(VI) Special Needs Education / Grade 2 / Adapted Interactive Digital Content for Visual Impaired(VI) / Mathematics Special Needs Education / Grade 2 / Adapted Interactive Digital Content for Visual Impaired(VI) / Kiswahili Special Needs Education / Grade 2 / Adapted Interactive Digital Content for Visual Impaired(VI) / English Special Needs Education / Grade 2 / Adapted Interactive Digital Content for Visual Impaired(VI) / Creative Activities Special Needs Education / Grade 2 / Adapted Interactive Digital Content for Visual Impaired(VI) / CRE Special Needs Education / Grade 3 Special Needs Education / Grade 3 / Adapted Interactive Digital Content for Learners with Hearing Impairment (HI) Special Needs Education / Grade 3 / Adapted Interactive Digital Content for Learners with Hearing Impairment (HI) / Visual Arts Special Needs Education / Grade 3 / Adapted Interactive Digital Content for Learners with Hearing Impairment (HI) / English Special Needs Education / Grade 3 / Adapted Interactive Digital Content for Learners with Hearing Impairment (HI) / Hygiene and Nutrition Special Needs Education / Grade 3 / Adapted Interactive Digital Content for Learners with Hearing Impairment (HI) / Music Special Needs Education / Grade 3 / Adapted Interactive Digital Content for Learners with Hearing Impairment (HI) / Mathematics Special Needs Education / Grade 3 / Adapted Interactive Digital Content for Learners with Hearing Impairment (HI) / Environmental Special Needs Education / Grade 3 / Adapted Interactive Digital Content for Learners with Hearing Impairment (HI) / CRE Special Needs Education / Grade 3 / Adapted Interactive Digital Content for Learners with Visual Impairment (VI) Special Needs Education / Grade 3 / Adapted Interactive Digital Content for Learners with Visual Impairment (VI) / Music Special Needs Education / Grade 3 / Adapted Interactive Digital Content for Learners with Visual Impairment (VI) / Mathematics Special Needs Education / Grade 3 / Adapted Interactive Digital Content for Learners with Visual Impairment (VI) / Visual Arts Special Needs Education / Grade 3 / Adapted Interactive Digital Content for Learners with Visual Impairment (VI) / Kiswahili Special Needs Education / Grade 3 / Adapted Interactive Digital Content for Learners with Visual Impairment (VI) / Hygiene and Nutrition Special Needs Education / Grade 3 / Adapted Interactive Digital Content for Learners with Visual Impairment (VI) / Environmental Special Needs Education / Grade 3 / Adapted Interactive Digital Content for Learners with Visual Impairment (VI) / English Special Needs Education / Grade 3 / Adapted Interactive Digital Content for Learners with Visual Impairment (VI) / CRE Special Needs Education / Grade 4 Special Needs Education / Grade 4 / Adapted Interactive Digital Content for Learners with Hearing Impairment (HI) Special Needs Education / Grade 4 / Adapted Interactive Digital Content for Learners with Hearing Impairment (HI) / Mathematics Special Needs Education / Grade 4 / Adapted Interactive Digital Content for Learners with Hearing Impairment (HI) / English Special Needs Education / Grade 4 / Adapted Interactive Digital Content for Learners with Hearing Impairment (HI) / Science and Technology Special Needs Education / Grade 4 / Adapted Interactive Digital Content for Learners with Hearing Impairment (HI) / Agriculture Special Needs Education / Grade 4 / Adapted Interactive Digital Content for Learners with Hearing Impairment (HI) / Social Studies Special Needs Education / Grade 4 / Adapted Interactive Digital Content for Learners with Hearing Impairment (HI) / Home Science Special Needs Education / Grade 4 / Adapted Interactive Digital Content for Learners with Hearing Impairment (HI) / Art and Craft Special Needs Education / Grade 4 / Adapted Interactive Digital Content for Learners with Hearing Impairment (HI) / Music Special Needs Education / Grade 4 / Adapted Interactive Digital Content for Learners with Hearing Impairment (HI) / Christian Religious Education (CRE) Special Needs Education / Grade 4 / Adapted Interactive Digital Content for Learners with Visual Impairment (VI) Special Needs Education / Grade 4 / Adapted Interactive Digital Content for Learners with Visual Impairment (VI) / Mathematics Special Needs Education / Grade 4 / Adapted Interactive Digital Content for Learners with Visual Impairment (VI) / English Special Needs Education / Grade 4 / Adapted Interactive Digital Content for Learners with Visual Impairment (VI) / Kiswahili Special Needs Education / Grade 4 / Adapted Interactive Digital Content for Learners with Visual Impairment (VI) / Science and Technology Special Needs Education / Grade 4 / Adapted Interactive Digital Content for Learners with Visual Impairment (VI) / Agriculture Special Needs Education / Grade 4 / Adapted Interactive Digital Content for Learners with Visual Impairment (VI) / Social Studies Special Needs Education / Grade 4 / Adapted Interactive Digital Content for Learners with Visual Impairment (VI) / Home Science Special Needs Education / Grade 4 / Adapted Interactive Digital Content for Learners with Visual Impairment (VI) / Art and Craft Special Needs Education / Grade 4 / Adapted Interactive Digital Content for Learners with Visual Impairment (VI) / Christian Religious Education (CRE) Special Needs Education / Grade 4 / Adapted Interactive Digital Content for Learners with Visual Impairment (VI) / Music Special Needs Education / Grade 5 Special Needs Education / Grade 5 / Adapted Interactive Digital Content for Learners with Hearing Impairment (HI) Special Needs Education / Grade 5 / Adapted Interactive Digital Content for Learners with Hearing Impairment (HI) / English Special Needs Education / Grade 5 / Adapted Interactive Digital Content for Learners with Hearing Impairment (HI) / Christian Religious Education Special Needs Education / Grade 5 / Adapted Interactive Digital Content for Learners with Hearing Impairment (HI) / Social Studies Special Needs Education / Grade 5 / Adapted Interactive Digital Content for Learners with Hearing Impairment (HI) / Agriculture and Nutrition Special Needs Education / Grade 5 / Adapted Interactive Digital Content for Learners with Hearing Impairment (HI) / Creative Arts Special Needs Education / Grade 5 / Adapted Interactive Digital Content for Learners with Hearing Impairment (HI) / Mathematics Special Needs Education / Grade 5 / Adapted Interactive Digital Content for Learners with Hearing Impairment (HI) / Science and Technology Special Needs Education / Grade 5 / Adapted Interactive Digital Content for Learners with Hearing Impairment (HI) / Islamic Religious Education Special Needs Education / Grade 5 / Adapted Interactive Digital Content for Learners with Visual Impairment (VI) Special Needs Education / Grade 5 / Adapted Interactive Digital Content for Learners with Visual Impairment (VI) / Creative Arts Special Needs Education / Grade 5 / Adapted Interactive Digital Content for Learners with Visual Impairment (VI) / Social Studies Special Needs Education / Grade 5 / Adapted Interactive Digital Content for Learners with Visual Impairment (VI) / Kiswahili Special Needs Education / Grade 5 / Adapted Interactive Digital Content for Learners with Visual Impairment (VI) / Christian Religious Education Special Needs Education / Grade 5 / Adapted Interactive Digital Content for Learners with Visual Impairment (VI) / Science and Technology Special Needs Education / Grade 5 / Adapted Interactive Digital Content for Learners with Visual Impairment (VI) / Agriculture and Nutrition Special Needs Education / Grade 5 / Adapted Interactive Digital Content for Learners with Visual Impairment (VI) / Islamic Religious Education Special Needs Education / Grade 5 / Adapted Interactive Digital Content for Learners with Visual Impairment (VI) / Mathematics Special Needs Education / Grade 5 / Adapted Interactive Digital Content for Learners with Visual Impairment (VI) / English Special Needs Education / Grade 6 Special Needs Education / Grade 6 / Adapted Interactive Digital Content for Learners with Hearing Impairment (HI) Special Needs Education / Grade 6 / Adapted Interactive Digital Content for Learners with Hearing Impairment (HI) / Science and Technology Special Needs Education / Grade 6 / Adapted Interactive Digital Content for Learners with Hearing Impairment (HI) / Christian Religious Education Special Needs Education / Grade 6 / Adapted Interactive Digital Content for Learners with Hearing Impairment (HI) / Creative Arts Special Needs Education / Grade 6 / Adapted Interactive Digital Content for Learners with Hearing Impairment (HI) / Islamic Religious Education Special Needs Education / Grade 6 / Adapted Interactive Digital Content for Learners with Hearing Impairment (HI) / English Special Needs Education / Grade 6 / Adapted Interactive Digital Content for Learners with Hearing Impairment (HI) / Social Studies Special Needs Education / Grade 6 / Adapted Interactive Digital Content for Learners with Hearing Impairment (HI) / Agriculture Special Needs Education / Grade 6 / Adapted Interactive Digital Content for Learners with Hearing Impairment (HI) / Mathematics Special Needs Education / Grade 6 / Adapted Interactive Digital Content for Learners with Visual Impairment (VI) Special Needs Education / Grade 6 / Adapted Interactive Digital Content for Learners with Visual Impairment (VI) / Christian Religious Education Special Needs Education / Grade 6 / Adapted Interactive Digital Content for Learners with Visual Impairment (VI) / Kiswahili Special Needs Education / Grade 6 / Adapted Interactive Digital Content for Learners with Visual Impairment (VI) / English Special Needs Education / Grade 6 / Adapted Interactive Digital Content for Learners with Visual Impairment (VI) / Creative Arts Special Needs Education / Grade 6 / Adapted Interactive Digital Content for Learners with Visual Impairment (VI) / Mathematics Special Needs Education / Grade 6 / Adapted Interactive Digital Content for Learners with Visual Impairment (VI) / Science and Technology Special Needs Education / Grade 6 / Adapted Interactive Digital Content for Learners with Visual Impairment (VI) / Islamic Religious Education Special Needs Education / Grade 6 / Adapted Interactive Digital Content for Learners with Visual Impairment (VI) / Social Studies Special Needs Education / Grade 6 / Adapted Interactive Digital Content for Learners with Visual Impairment (VI) / Agriculture and Nutrition Special Needs Education / Ebooks Special Needs Education / Videos Special Needs Education / Foundational and Stage-Based Special Needs Education / Prevocational Level Special Needs Education / Prevocational Level / Music Special Needs Education / Prevocational Level / Hindu Religious Education Special Needs Education / Prevocational Level / Christian Religious Education Special Needs Education / Prevocational Level / Physical Education Special Needs Education / Prevocational Level / Islamic Religious Education Special Needs Education / Prevocational Level / Social Studies Special Needs Education / Prevocational Level / Prevocational Skills 1 Special Needs Education / Prevocational Level / Prevocational Skills 2 Special Needs Education / Prevocational Level / Prevocational Skills 3 Accessible Digital Textbooks Interactive Simulations for Sciences and Mathematics Interactive Simulations for Sciences and Mathematics / Physics Interactive Simulations for Sciences and Mathematics / Chemistry Interactive Simulations for Sciences and Mathematics / Mathematics Information, Education and Communication(IEC) Materials Information, Education and Communication(IEC) Materials / Child Online Safety Information, Education and Communication(IEC) Materials / Child Road Safety Information, Education and Communication(IEC) Materials / Child Road Safety / Integration Matrices Information, Education and Communication(IEC) Materials / Child Road Safety / Integration Matrices / Early Years Education Information, Education and Communication(IEC) Materials / Child Road Safety / Integration Matrices / Upper Primary Information, Education and Communication(IEC) Materials / Child Road Safety / Integration Matrices / Junior School Information, Education and Communication(IEC) Materials / Child Road Safety / Integration Matrices / Senior School Information, Education and Communication(IEC) Materials / Child Road Safety / Information, Education and Communication(IEC) Materials on Child Road Safety Information, Education and Communication(IEC) Materials / Child Road Safety / Information, Education and Communication(IEC) Materials on Child Road Safety / Early Years Education Information, Education and Communication(IEC) Materials / Child Road Safety / Information, Education and Communication(IEC) Materials on Child Road Safety / Upper Primary Information, Education and Communication(IEC) Materials / Child Road Safety / Information, Education and Communication(IEC) Materials on Child Road Safety / Junior School Information, Education and Communication(IEC) Materials / Child Road Safety / Information, Education and Communication(IEC) Materials on Child Road Safety / Senior School Information, Education and Communication(IEC) Materials / Child Road Safety / Teacher's Handbook Information, Education and Communication(IEC) Materials / Financial Literacy Learners’ Toolkit Teacher Resources Teacher Resources / Educational Resources Materials Development Teacher Resources / Educational Resources Materials Development / CRE Teacher Resources / Educational Resources Materials Development / English Teacher Resources / Educational Resources Materials Development / Environment Teacher Resources / Educational Resources Materials Development / Foundations Teacher Resources / Educational Resources Materials Development / H.R.E Teacher Resources / Educational Resources Materials Development / Hygiene and Nutrition Teacher Resources / Educational Resources Materials Development / I.R.E Teacher Resources / Educational Resources Materials Development / Kiswahili Teacher Resources / Educational Resources Materials Development / Language Activities Teacher Resources / Educational Resources Materials Development / Literacy Skills Teacher Resources / Educational Resources Materials Development / Mathematics Teacher Resources / Educational Resources Materials Development / Movements and Arts Teacher Resources / Pre-Primary Teacher Radio Programmes Teacher Resources / CBC Courses Teacher Resources / Special Needs Educations Teacher Resources / Interactive Digital Content for Teacher Education Teacher Resources / Interactive Digital Content for Teacher Education / English Teacher Resources / Interactive Digital Content for Teacher Education / Music Teacher Resources / Interactive Digital Content for Teacher Education / Christian Religious Education Teacher Resources / Interactive Digital Content for Teacher Education / Art and Craft Teacher Resources / Interactive Digital Content for Teacher Education / Indigenous Languages Teacher Resources / Interactive Digital Content for Teacher Education / Home science Teacher Resources / Interactive Digital Content for Teacher Education / Science and Technology Teacher Resources / Interactive Digital Content for Teacher Education / Islamic Religious Education Teacher Resources / Interactive Digital Content for Teacher Education / Mandarin Teacher Resources / Interactive Digital Content for Teacher Education / Agriculture Teacher Resources / Interactive Digital Content for Teacher Education / Mathematics Teacher Resources / Interactive Digital Content for Teacher Education / French Teacher Resources / Interactive Digital Content for Teacher Education / Hindu Religious Education Teacher Resources / Interactive Digital Content for Teacher Education / Social Studies Teacher Resources / Interactive Digital Content for Teacher Education / Kiswahili Teacher Resources / Interactive Digital Content for Teacher Education / Physical Education Teacher Resources / Interactive Digital Content for Teacher Education / Arabic Parental Resources Financial Literacy Financial Literacy / Financial Literacy for Junior School Financial Literacy / Financial Literacy for Junior School / Taxation Financial Literacy / Financial Literacy for Senior School Financial Literacy / Financial Literacy for Senior School / Taxation Founded in 2002 by Nobel Laureate Carl Wieman, the PhET Interactive Simulations project at the University of Colorado Boulder creates free interactive math and science simulations. PhET sims are based on extensive education research and engage students through an intuitive, game-like environment where students learn through exploration and discovery. Search lessons Search Expand allPhysicsChemistryMathematics Home Calendar Pre-primary Pre-Primary 1 Pre-Primary 2 Primary Grade 1 Grade 2 Grade 3 Grade 4 Grade 5 Grade 6 Secondary Grade 7 Grade 8 Form 1 Form 2 Form 3 Form 4 OER's SNE The Kenya Education Cloud (KEC) is a digital platform designed to enhance teaching and learning in Kenya by providing a wide range of digital educational resources. Serving as a centralized hub for e-learning, it promotes access to interactive content, supports modern pedagogical methods, and fosters collaboration among educators and learners. External Links Ministry of Education Kenya National Examinations Council Teachers Service Commission Kenya Kenya Institute of Special Education (KISE) ICT Authority TVET Authority Elimika Additional Resources Accessible Digital Textbook (ADT) Curriculum Reports Parental Resources Child Online Protection Guidelines Our Contacts Kenya Institute of Curriculum DevelopmentDesai Rd, Off Muranga Rd,Nairobi, Kenya. Telephone Contacts+254 729327331 +254 729327334 Email Addressinfo@kicd.ac.ke Kenya Education Cloud © 2024. All rights reserved. Privacy Policy Terms & Conditions (Login) Data retention summary","['mathematics', 'english', 'kiswahili', 'biology', 'chemistry', 'physics', 'geography', 'history', 'business', 'computer', 'agriculture', 'home_science', 'art', 'music', 'physical_education', 'religious_education']",form_1,cbc,[],2025-09-08T00:49:18.184810,unknown,,,,
https://kec.ac.ke/#sb-1,Kenya Education Cloud | Unlimited learning experiences,"Kenya Education Cloud is your ultimate digital learning hub, providing access to curated e-learning resources, educational tools, and innovative content for students, teachers, and institutions.","Navigation HomeCourses HomeCourses Pre-Primary Education Pre-Primary 1 Pre-Primary 2 Primary Education Grade 1 *CBC* *SNE* Grade 2 *CBC* *SNE* Grade 3 *CBC* *SNE* Grade 4 *CBC* *SNE* Grade 5 *CBC* *SNE* Grade 6 *CBC* *SNE* Junior School Education Grade 7 *CBC* *SNE* Grade 8 *CBC* *SNE* Grade 9 *CBC* *SNE* Secondary Education Form 1 *8-4-4* *SNE* Form 2 *8-4-4* *SNE* Form 3 *8-4-4* *SNE* Form 4 *8-4-4* *SNE* Kenya Education Cloud | Unlimited learning experiences Skip to main content Digital Content Elimika Courses OER Portal You are not logged in. (Login) Our Blocks You can see list of blocks here. Skip Navigation Navigation HomeCourses Previous Next Pre-Primary Education Pre-Primary 1 Pre-Primary 2 Primary Education Grade 1 *CBC* *SNE* Grade 2 *CBC* *SNE* Grade 3 *CBC* *SNE* Grade 4 *CBC* *SNE* Grade 5 *CBC* *SNE* Grade 6 *CBC* *SNE* Junior School Education Grade 7 *CBC* *SNE* Grade 8 *CBC* *SNE* Grade 9 *CBC* *SNE* Secondary Education Form 1 *8-4-4* *SNE* Form 2 *8-4-4* *SNE* Form 3 *8-4-4* *SNE* Form 4 *8-4-4* *SNE* The Kenya Education Cloud (KEC) is a digital platform designed to enhance teaching and learning in Kenya by providing a wide range of digital educational resources. Serving as a centralized hub for e-learning, it promotes access to interactive content, supports modern pedagogical methods, and fosters collaboration among educators and learners. External Links Ministry of Education Kenya National Examinations Council Teachers Service Commission Kenya Kenya Institute of Special Education (KISE) ICT Authority TVET Authority Elimika Additional Resources Accessible Digital Textbook (ADT) Curriculum Reports OrangeBook - List of Approved materials Child Online Protection Guidelines Parental Resources Our Contacts Kenya Institute of Curriculum DevelopmentDesai Rd, Off Muranga Rd,Nairobi, Kenya. Telephone Contacts+254 729327331 +254 729327334 Email Addressinfo@kicd.ac.ke Kenya Education Cloud © 2024. All rights reserved. Help and Support Privacy Policy Terms & Conditions","['computer', 'art']",form_1,cbc,[],2025-09-08T00:49:18.471006,unknown,,,,
https://lms.kec.ac.ke/course/index.php?categoryid=107,Grade 8,"Kenya Education Cloud is your ultimate digital learning hub, providing access to curated e-learning resources, educational tools, and innovative content for students, teachers, and institutions.","Grade 8 Home Lessons Junior School Grade 8 Lesson categories: Pre-Primary Pre-Primary / Radio Lessons Pre-Primary / Educhannel Video Lessons Pre-Primary / Educhannel Video Lessons / Language Activities Pre-Primary / Educhannel Video Lessons / Mathematics Pre-Primary / Educhannel Video Lessons / Our School Pre-Primary / Educhannel Video Lessons / Picture Making Pre-Primary / Educhannel Video Lessons / Social Environment Pre-Primary / Educhannel Video Lessons / Pre-Primary 1 Pre-Primary / Educhannel Video Lessons / Pre-Primary 2 Pre-Primary / Interactive digital Content Pre-Primary / Ebooks Primary Education Primary Education / Grade 1 Primary Education / Grade 1 / Educhannel TV Lessons Primary Education / Grade 1 / Educhannel TV Lessons / English Primary Education / Grade 1 / Educhannel TV Lessons / Mathematics Primary Education / Grade 1 / Educhannel TV Lessons / Kiswahili Primary Education / Grade 1 / Educhannel TV Lessons / Kenya Sign Language(KSL) Primary Education / Grade 1 / Educhannel TV Lessons / Hygiene and nutrition Primary Education / Grade 1 / Educhannel TV Lessons / Environmental Activities Primary Education / Grade 1 / Interactive Digital Content Primary Education / Grade 1 / Radio Lessons Primary Education / Grade 1 / Radio Lessons / Mathematics Primary Education / Grade 1 / Radio Lessons / Mathematics / Grade 1 Term 2 Primary Education / Grade 1 / Radio Lessons / Mathematics / Grade 1 Term 3 Primary Education / Grade 1 / Radio Lessons / Kiswahili Primary Education / Grade 1 / Radio Lessons / Kiswahili / Grade 1 Term 2 Primary Education / Grade 1 / Radio Lessons / Kiswahili / Grade 1 Term 3 Primary Education / Grade 1 / Radio Lessons / English Primary Education / Grade 1 / Radio Lessons / English / Grade 1 Term 2 Primary Education / Grade 1 / Radio Lessons / English / Grade 1 Term 3 Primary Education / Grade 1 / Ebooks Primary Education / Grade 1 / Ebooks / Tusome readers Primary Education / Grade 1 / Ebooks / Indigenous Languages Primary Education / Grade 2 Primary Education / Grade 2 / Interactive Digital Content Primary Education / Grade 2 / Educhannel Tv Lessons Primary Education / Grade 2 / Educhannel Tv Lessons / Mathematics Primary Education / Grade 2 / Educhannel Tv Lessons / English Primary Education / Grade 2 / Radio Lessons Primary Education / Grade 2 / Radio Lessons / Mathematics Primary Education / Grade 2 / Radio Lessons / Mathematics / Grade 2 Term 2 Primary Education / Grade 2 / Radio Lessons / English Primary Education / Grade 2 / Radio Lessons / English / Grade 2 Term 2 Primary Education / Grade 2 / Radio Lessons / English / Grade 2 Term 3 Primary Education / Grade 2 / Radio Lessons / Kiswahili Primary Education / Grade 2 / Radio Lessons / Kiswahili / Grade 2 Term 3 Primary Education / Grade 2 / Hygiene and Nutrition Primary Education / Grade 2 / Hygiene and Nutrition / Grade 2 Term 2 Primary Education / Grade 2 / E-books Primary Education / Grade 2 / E-books / Tusome Readers Primary Education / Grade 3 Primary Education / Grade 3 / Radio Lessons Primary Education / Grade 3 / Radio Lessons / Mathematics Primary Education / Grade 3 / Radio Lessons / Mathematics / Grade 3 Term 2 Primary Education / Grade 3 / Radio Lessons / Mathematics / Grade 3 Term 3 Primary Education / Grade 3 / Radio Lessons / English Primary Education / Grade 3 / Radio Lessons / English / Grade 3 Term 2 Primary Education / Grade 3 / Radio Lessons / English / Grade 3 Term 3 Primary Education / Grade 3 / Radio Lessons / Environmental Activities Primary Education / Grade 3 / Radio Lessons / Environmental Activities / Grade 3 Term 2 Primary Education / Grade 3 / Radio Lessons / Kiswahili Primary Education / Grade 3 / Radio Lessons / Kiswahili / Grade 3 Term 3 Primary Education / Grade 3 / Educhannel TV Lessons Primary Education / Grade 3 / Educhannel TV Lessons / Mathematics Primary Education / Grade 3 / Educhannel TV Lessons / English Primary Education / Grade 3 / Educhannel TV Lessons / Kiswahili Primary Education / Grade 3 / Educhannel TV Lessons / Hygiene and Nutrition Primary Education / Grade 3 / Educhannel TV Lessons / Environmental Activities Primary Education / Grade 3 / Interactive Digital Content Primary Education / Grade 3 / EBooks Primary Education / Grade 3 / Tusome English Video Lessons Primary Education / Grade 3 / Tusome English Video Lessons / Tusome English Grade 3 Lessons Primary Education / Grade 4 Primary Education / Grade 4 / Educhannel Tv Lessons Primary Education / Grade 4 / Educhannel Tv Lessons / Home Science Primary Education / Grade 4 / Educhannel Tv Lessons / Agriculture Primary Education / Grade 4 / Educhannel Tv Lessons / Music Primary Education / Grade 4 / Educhannel Tv Lessons / Physical Education Primary Education / Grade 4 / Educhannel Tv Lessons / Art and Craft Primary Education / Grade 4 / Educhannel Tv Lessons / Kenya Sign Language Primary Education / Grade 4 / Educhannel Tv Lessons / Mathematics Primary Education / Grade 4 / Educhannel Tv Lessons / Science and Technology Primary Education / Grade 4 / Educhannel Tv Lessons / Social Studies Primary Education / Grade 4 / Educhannel Tv Lessons / English Primary Education / Grade 4 / Educhannel Tv Lessons / Kiswahili Primary Education / Grade 4 / Educhannel Tv Lessons / Environmental Activity Primary Education / Grade 4 / Radio lessons Primary Education / Grade 4 / Radio lessons / Social Studies Primary Education / Grade 4 / Radio lessons / Social Studies / Grade 4 Term 2 Primary Education / Grade 4 / Radio lessons / Social Studies / Grade 4 Term 3 Primary Education / Grade 4 / Radio lessons / CRE Primary Education / Grade 4 / Radio lessons / CRE / Grade 4 Term 2 Primary Education / Grade 4 / Radio lessons / English Primary Education / Grade 4 / Radio lessons / English / Grade 4 Term 2 Primary Education / Grade 4 / Radio lessons / English / Grade 4 Term 3 Primary Education / Grade 4 / Radio lessons / Hygiene and Nutrition Primary Education / Grade 4 / Radio lessons / Hygiene and Nutrition / Grade 4 Term 1 Primary Education / Grade 4 / Radio lessons / IRE Primary Education / Grade 4 / Radio lessons / IRE / Grade 4 Term 2 Primary Education / Grade 4 / Radio lessons / Science and Technology Primary Education / Grade 4 / Radio lessons / Science and Technology / Grade 4 Term 3 Primary Education / Grade 4 / Radio lessons / Agriculture Primary Education / Grade 4 / Radio lessons / Agriculture / Grade 4 Term 3 Primary Education / Grade 4 / Radio lessons / Mathematics Primary Education / Grade 4 / Radio lessons / Mathematics / Grade 4 Term 3 Primary Education / Grade 4 / SNE Primary Education / Grade 4 / Interactive Digital Content Primary Education / Grade 5 Primary Education / Grade 5 / Educhannel Tv Lessons Primary Education / Grade 5 / Educhannel Tv Lessons / English Primary Education / Grade 5 / Educhannel Tv Lessons / Kiswahili Primary Education / Grade 5 / Educhannel Tv Lessons / Mathematics Primary Education / Grade 5 / Radio Lessons Primary Education / Grade 5 / Radio Lessons / English Primary Education / Grade 5 / Radio Lessons / Science and Technology Primary Education / Grade 5 / Radio Lessons / Agriculture Primary Education / Grade 5 / Radio Lessons / Social studies Primary Education / Grade 5 / Radio Lessons / Christian Religious Education Primary Education / Grade 5 / Radio Lessons / Mathematics Primary Education / Grade 5 / Interactive Digital Content Primary Education / Grade 6 Primary Education / Grade 6 / Radio Lessons Primary Education / Grade 6 / Radio Lessons / CRE Primary Education / Grade 6 / Radio Lessons / Social Studies Primary Education / Grade 6 / Radio Lessons / Science Primary Education / Grade 6 / Radio Lessons / Kiswahili Primary Education / Grade 6 / Radio Lessons / English Primary Education / Grade 6 / Radio Lessons / Mathematics Primary Education / Grade 6 / Educhannel TV Lessons Primary Education / Grade 6 / Educhannel TV Lessons / Kiswahili Primary Education / Grade 6 / Educhannel TV Lessons / Agriculture Primary Education / Grade 6 / Educhannel TV Lessons / Art and Craft Primary Education / Grade 6 / Educhannel TV Lessons / English Primary Education / Grade 6 / Educhannel TV Lessons / Home Science Primary Education / Grade 6 / Educhannel TV Lessons / Music Primary Education / Grade 6 / Educhannel TV Lessons / Science and technology Primary Education / Grade 6 / Educhannel TV Lessons / Physical health education Primary Education / Grade 6 / Interactive Digital Content Junior School Junior School / Grade 8 Junior School / Grade 8 / Educhannel Tv Lessons Junior School / Grade 8 / Radio Lessons Junior School / Grade 8 / Interactive Digital Content Junior School / Grade 7 Junior School / Grade 7 / Educhannel TV lessons Junior School / Grade 7 / Radio Lessons Junior School / Grade 7 / Radio Lessons / Mathematics Junior School / Grade 7 / Radio Lessons / Kiswahili Junior School / Grade 7 / Radio Lessons / English Junior School / Grade 7 / Radio Lessons / Christian Religious Education Junior School / Grade 7 / Radio Lessons / Integrated Science Junior School / Grade 7 / Radio Lessons / Social Studies Junior School / Grade 7 / Radio Lessons / Pre-Technical Studies Junior School / Grade 7 / Interactive Digital Content Secondary Education Secondary Education / Form 1 Secondary Education / Form 1 / Interactive Digital Content Secondary Education / Form 1 / Educhannel Tv Lessons Secondary Education / Form 1 / Educhannel Tv Lessons / Mathematics Secondary Education / Form 1 / Educhannel Tv Lessons / English Secondary Education / Form 1 / Educhannel Tv Lessons / Physics Secondary Education / Form 1 / Educhannel Tv Lessons / Biology Secondary Education / Form 1 / Educhannel Tv Lessons / Chemistry Secondary Education / Form 1 / Educhannel Tv Lessons / Kiswahili Secondary Education / Form 1 / Educhannel Tv Lessons / History and Government Secondary Education / Form 1 / Educhannel Tv Lessons / Business Studies Secondary Education / Form 1 / Radio Lessons Secondary Education / Form 1 / Ebooks Secondary Education / Form 2 Secondary Education / Form 2 / Interactive Digital Content Secondary Education / Form 2 / Educhannel Tv Lessons Secondary Education / Form 2 / Educhannel Tv Lessons / Physics Secondary Education / Form 2 / Radio Lessons Secondary Education / Form 2 / Radio Lessons / Biology Secondary Education / Form 3 Secondary Education / Form 3 / Interactive Digital Content Secondary Education / Form 3 / Educhannel Tv Lessons Secondary Education / Form 3 / Educhannel Tv Lessons / Mathematics Secondary Education / Form 3 / Educhannel Tv Lessons / English Secondary Education / Form 3 / Educhannel Tv Lessons / Kiswahili Secondary Education / Form 3 / Educhannel Tv Lessons / Biology Secondary Education / Form 3 / Educhannel Tv Lessons / Chemistry Secondary Education / Form 3 / Educhannel Tv Lessons / Physics Secondary Education / Form 3 / Educhannel Tv Lessons / Business Studies Secondary Education / Form 3 / Educhannel Tv Lessons / History and Government Secondary Education / Form 3 / Radio Lessons Secondary Education / Form 4 Secondary Education / Form 4 / Interactive Digital Content Secondary Education / Form 4 / Educhannel Tv Lessons Secondary Education / Form 4 / Educhannel Tv Lessons / Form 4 Mathematics Secondary Education / Form 4 / Educhannel Tv Lessons / Form 4 English Secondary Education / Form 4 / Educhannel Tv Lessons / Form 4 Physics Secondary Education / Form 4 / Educhannel Tv Lessons / Form 4 Biology Secondary Education / Form 4 / Educhannel Tv Lessons / Form 4 Kiswahili Secondary Education / Form 4 / Educhannel Tv Lessons / Form 4 Chemistry Secondary Education / Form 4 / Educhannel Tv Lessons / Form 4 History and Government Secondary Education / Form 4 / Educhannel Tv Lessons / Form 4 Business Studies Secondary Education / Form 4 / Radio Lessons Secondary Education / Form 4 / Radio Lessons / Mathematics Secondary Education / Form 4 / Radio Lessons / Mathematics / Form 4 Term 1 Secondary Education / Form 4 / Radio Lessons / Mathematics / Form 4 Term 2 Secondary Education / Form 4 / Radio Lessons / Mathematics / Form 4 Term 3 General Knowledge General Knowledge / VOA Connect General Knowledge / Ask the expert General Knowledge / Citizenship and Democracy General Knowledge / Digital Story General Knowledge / Impacted Educhannel Lessons Educhannel Lessons / English Educhannel Lessons / English / Transport and travel Educhannel Lessons / English / Pronunciation skills Educhannel Lessons / English / Listening and speaking Educhannel Lessons / English / Family Educhannel Lessons / English / Environment Educhannel Lessons / English / Drug and Substance Educhannel Lessons / Agriculture Educhannel Lessons / Biology Educhannel Lessons / Biology / Living Things Educhannel Lessons / Biology / Secretion and homeostasis Educhannel Lessons / Biology / Support and movement Educhannel Lessons / Business Studies Educhannel Lessons / Chemistry Educhannel Lessons / Earth Movement and Volcanicity Educhannel Lessons / Environmental Activities Educhannel Lessons / Geograpghy Educhannel Lessons / History Educhannel Lessons / History / Kenyan History Educhannel Lessons / Homescience Educhannel Lessons / Homescience / Basic care clothing Educhannel Lessons / Kiswahili Educhannel Lessons / Kiswahili / Primary Educhannel Lessons / Kiswahili / Primary / Darasa 4-5 Educhannel Lessons / Kiswahili / Secondary Educhannel Lessons / Kiswahili / Secondary / Isimu Jamii Educhannel Lessons / Kiswahili / Secondary / Sarufi Educhannel Lessons / Mathematics Educhannel Lessons / Mathematics / Secondary Educhannel Lessons / Mathematics / Secondary / Commercial Arithmetics Educhannel Lessons / Mathematics / Primary Educhannel Lessons / Mathematics / Primary / Class 5-8 Educhannel Lessons / Mathematics / Primary / Class 5-8 / Practical uses of Money Educhannel Lessons / Mathematics / Primary / Class 5-8 / Measurement Educhannel Lessons / Organic Chemistry Educhannel Lessons / Performing Music Educhannel Lessons / Homescience Educhannel Lessons / Homescience / Basic care of clothing Educhannel Lessons / Art and Craft Educhannel Lessons / Physics Educhannel Lessons / Physics / Thermodynamics Educhannel Lessons / Physics / Mechanics Educhannel Lessons / Physics / Electricity and Magnetism Educhannel Lessons / The Doyen Exposition Educhannel Lessons / Science Educhannel Lessons / Science / Making work easier Educhannel Lessons / Science / Living Things Educhannel Lessons / Science / Energy conservation Educhannel Lessons / Physical and Health Education Educhannel Lessons / Physical and Health Education / Grade 1-4 Open Education Resourses(OERs) Open Education Resourses(OERs) / Movement and Creative Activities Open Education Resourses(OERs) / 	Religious Education Activities Open Education Resourses(OERs) / Mathematical Activities Open Education Resourses(OERs) / Environmental Activities Open Education Resourses(OERs) / Kiswahili Language Open Education Resourses(OERs) / LTK | Concordia University Open Education Resourses(OERs) / Hygiene and Nutrition Open Education Resourses(OERs) / ENGLISH LANGUAGE ACTIVITIES Open Education Resourses(OERs) / Casio Materials Open Education Resourses(OERs) / Health Education Open Education Resourses(OERs) / Carbon Literacy Special Needs Education Special Needs Education / Grade 1 Special Needs Education / Grade 1 / Adapted Interactive Digital Content for Hearing Impaired(HI) Special Needs Education / Grade 1 / Adapted Interactive Digital Content for Hearing Impaired(HI) / English Activities Special Needs Education / Grade 1 / Adapted Interactive Digital Content for Hearing Impaired(HI) / Environmental Activities Special Needs Education / Grade 1 / Adapted Interactive Digital Content for Hearing Impaired(HI) / Creative Activities Special Needs Education / Grade 1 / Adapted Interactive Digital Content for Visual Impaired(VI) Special Needs Education / Grade 2 Special Needs Education / Grade 2 / Adapted Interactive Digital Content for Hearing Impaired(HI) Special Needs Education / Grade 2 / Adapted Interactive Digital Content for Hearing Impaired(HI) / Mathematics Grade 2 Special Needs Education / Grade 2 / Adapted Interactive Digital Content for Hearing Impaired(HI) / Environmental Activities Grade 2 Special Needs Education / Grade 2 / Adapted Interactive Digital Content for Hearing Impaired(HI) / Hygiene and Nutrition Grade 2 Special Needs Education / Grade 2 / Adapted Interactive Digital Content for Hearing Impaired(HI) / Christian Religious Education Grade 2 (HI) Special Needs Education / Grade 2 / Adapted Interactive Digital Content for Hearing Impaired(HI) / Literacy Activities Grade2 (HI) Special Needs Education / Grade 2 / Adapted Interactive Digital Content for Hearing Impaired(HI) / English Activities Grad2 H.I Special Needs Education / Grade 2 / Adapted Interactive Digital Content for Hearing Impaired(HI) / Creative Activities Grade2 -H.I Special Needs Education / Grade 2 / Adapted Interactive Digital Content for Visual Impaired(VI) Special Needs Education / Grade 2 / Adapted Interactive Digital Content for Visual Impaired(VI) / Mathematics Special Needs Education / Grade 2 / Adapted Interactive Digital Content for Visual Impaired(VI) / Kiswahili Special Needs Education / Grade 2 / Adapted Interactive Digital Content for Visual Impaired(VI) / English Special Needs Education / Grade 2 / Adapted Interactive Digital Content for Visual Impaired(VI) / Creative Activities Special Needs Education / Grade 2 / Adapted Interactive Digital Content for Visual Impaired(VI) / CRE Special Needs Education / Grade 3 Special Needs Education / Grade 3 / Adapted Interactive Digital Content for Learners with Hearing Impairment (HI) Special Needs Education / Grade 3 / Adapted Interactive Digital Content for Learners with Hearing Impairment (HI) / Visual Arts Special Needs Education / Grade 3 / Adapted Interactive Digital Content for Learners with Hearing Impairment (HI) / English Special Needs Education / Grade 3 / Adapted Interactive Digital Content for Learners with Hearing Impairment (HI) / Hygiene and Nutrition Special Needs Education / Grade 3 / Adapted Interactive Digital Content for Learners with Hearing Impairment (HI) / Music Special Needs Education / Grade 3 / Adapted Interactive Digital Content for Learners with Hearing Impairment (HI) / Mathematics Special Needs Education / Grade 3 / Adapted Interactive Digital Content for Learners with Hearing Impairment (HI) / Environmental Special Needs Education / Grade 3 / Adapted Interactive Digital Content for Learners with Hearing Impairment (HI) / CRE Special Needs Education / Grade 3 / Adapted Interactive Digital Content for Learners with Visual Impairment (VI) Special Needs Education / Grade 3 / Adapted Interactive Digital Content for Learners with Visual Impairment (VI) / Music Special Needs Education / Grade 3 / Adapted Interactive Digital Content for Learners with Visual Impairment (VI) / Mathematics Special Needs Education / Grade 3 / Adapted Interactive Digital Content for Learners with Visual Impairment (VI) / Visual Arts Special Needs Education / Grade 3 / Adapted Interactive Digital Content for Learners with Visual Impairment (VI) / Kiswahili Special Needs Education / Grade 3 / Adapted Interactive Digital Content for Learners with Visual Impairment (VI) / Hygiene and Nutrition Special Needs Education / Grade 3 / Adapted Interactive Digital Content for Learners with Visual Impairment (VI) / Environmental Special Needs Education / Grade 3 / Adapted Interactive Digital Content for Learners with Visual Impairment (VI) / English Special Needs Education / Grade 3 / Adapted Interactive Digital Content for Learners with Visual Impairment (VI) / CRE Special Needs Education / Grade 4 Special Needs Education / Grade 4 / Adapted Interactive Digital Content for Learners with Hearing Impairment (HI) Special Needs Education / Grade 4 / Adapted Interactive Digital Content for Learners with Hearing Impairment (HI) / Mathematics Special Needs Education / Grade 4 / Adapted Interactive Digital Content for Learners with Hearing Impairment (HI) / English Special Needs Education / Grade 4 / Adapted Interactive Digital Content for Learners with Hearing Impairment (HI) / Science and Technology Special Needs Education / Grade 4 / Adapted Interactive Digital Content for Learners with Hearing Impairment (HI) / Agriculture Special Needs Education / Grade 4 / Adapted Interactive Digital Content for Learners with Hearing Impairment (HI) / Social Studies Special Needs Education / Grade 4 / Adapted Interactive Digital Content for Learners with Hearing Impairment (HI) / Home Science Special Needs Education / Grade 4 / Adapted Interactive Digital Content for Learners with Hearing Impairment (HI) / Art and Craft Special Needs Education / Grade 4 / Adapted Interactive Digital Content for Learners with Hearing Impairment (HI) / Music Special Needs Education / Grade 4 / Adapted Interactive Digital Content for Learners with Hearing Impairment (HI) / Christian Religious Education (CRE) Special Needs Education / Grade 4 / Adapted Interactive Digital Content for Learners with Visual Impairment (VI) Special Needs Education / Grade 4 / Adapted Interactive Digital Content for Learners with Visual Impairment (VI) / Mathematics Special Needs Education / Grade 4 / Adapted Interactive Digital Content for Learners with Visual Impairment (VI) / English Special Needs Education / Grade 4 / Adapted Interactive Digital Content for Learners with Visual Impairment (VI) / Kiswahili Special Needs Education / Grade 4 / Adapted Interactive Digital Content for Learners with Visual Impairment (VI) / Science and Technology Special Needs Education / Grade 4 / Adapted Interactive Digital Content for Learners with Visual Impairment (VI) / Agriculture Special Needs Education / Grade 4 / Adapted Interactive Digital Content for Learners with Visual Impairment (VI) / Social Studies Special Needs Education / Grade 4 / Adapted Interactive Digital Content for Learners with Visual Impairment (VI) / Home Science Special Needs Education / Grade 4 / Adapted Interactive Digital Content for Learners with Visual Impairment (VI) / Art and Craft Special Needs Education / Grade 4 / Adapted Interactive Digital Content for Learners with Visual Impairment (VI) / Christian Religious Education (CRE) Special Needs Education / Grade 4 / Adapted Interactive Digital Content for Learners with Visual Impairment (VI) / Music Special Needs Education / Grade 5 Special Needs Education / Grade 5 / Adapted Interactive Digital Content for Learners with Hearing Impairment (HI) Special Needs Education / Grade 5 / Adapted Interactive Digital Content for Learners with Hearing Impairment (HI) / English Special Needs Education / Grade 5 / Adapted Interactive Digital Content for Learners with Hearing Impairment (HI) / Christian Religious Education Special Needs Education / Grade 5 / Adapted Interactive Digital Content for Learners with Hearing Impairment (HI) / Social Studies Special Needs Education / Grade 5 / Adapted Interactive Digital Content for Learners with Hearing Impairment (HI) / Agriculture and Nutrition Special Needs Education / Grade 5 / Adapted Interactive Digital Content for Learners with Hearing Impairment (HI) / Creative Arts Special Needs Education / Grade 5 / Adapted Interactive Digital Content for Learners with Hearing Impairment (HI) / Mathematics Special Needs Education / Grade 5 / Adapted Interactive Digital Content for Learners with Hearing Impairment (HI) / Science and Technology Special Needs Education / Grade 5 / Adapted Interactive Digital Content for Learners with Hearing Impairment (HI) / Islamic Religious Education Special Needs Education / Grade 5 / Adapted Interactive Digital Content for Learners with Visual Impairment (VI) Special Needs Education / Grade 5 / Adapted Interactive Digital Content for Learners with Visual Impairment (VI) / Creative Arts Special Needs Education / Grade 5 / Adapted Interactive Digital Content for Learners with Visual Impairment (VI) / Social Studies Special Needs Education / Grade 5 / Adapted Interactive Digital Content for Learners with Visual Impairment (VI) / Kiswahili Special Needs Education / Grade 5 / Adapted Interactive Digital Content for Learners with Visual Impairment (VI) / Christian Religious Education Special Needs Education / Grade 5 / Adapted Interactive Digital Content for Learners with Visual Impairment (VI) / Science and Technology Special Needs Education / Grade 5 / Adapted Interactive Digital Content for Learners with Visual Impairment (VI) / Agriculture and Nutrition Special Needs Education / Grade 5 / Adapted Interactive Digital Content for Learners with Visual Impairment (VI) / Islamic Religious Education Special Needs Education / Grade 5 / Adapted Interactive Digital Content for Learners with Visual Impairment (VI) / Mathematics Special Needs Education / Grade 5 / Adapted Interactive Digital Content for Learners with Visual Impairment (VI) / English Special Needs Education / Grade 6 Special Needs Education / Grade 6 / Adapted Interactive Digital Content for Learners with Hearing Impairment (HI) Special Needs Education / Grade 6 / Adapted Interactive Digital Content for Learners with Hearing Impairment (HI) / Science and Technology Special Needs Education / Grade 6 / Adapted Interactive Digital Content for Learners with Hearing Impairment (HI) / Christian Religious Education Special Needs Education / Grade 6 / Adapted Interactive Digital Content for Learners with Hearing Impairment (HI) / Creative Arts Special Needs Education / Grade 6 / Adapted Interactive Digital Content for Learners with Hearing Impairment (HI) / Islamic Religious Education Special Needs Education / Grade 6 / Adapted Interactive Digital Content for Learners with Hearing Impairment (HI) / English Special Needs Education / Grade 6 / Adapted Interactive Digital Content for Learners with Hearing Impairment (HI) / Social Studies Special Needs Education / Grade 6 / Adapted Interactive Digital Content for Learners with Hearing Impairment (HI) / Agriculture Special Needs Education / Grade 6 / Adapted Interactive Digital Content for Learners with Hearing Impairment (HI) / Mathematics Special Needs Education / Grade 6 / Adapted Interactive Digital Content for Learners with Visual Impairment (VI) Special Needs Education / Grade 6 / Adapted Interactive Digital Content for Learners with Visual Impairment (VI) / Christian Religious Education Special Needs Education / Grade 6 / Adapted Interactive Digital Content for Learners with Visual Impairment (VI) / Kiswahili Special Needs Education / Grade 6 / Adapted Interactive Digital Content for Learners with Visual Impairment (VI) / English Special Needs Education / Grade 6 / Adapted Interactive Digital Content for Learners with Visual Impairment (VI) / Creative Arts Special Needs Education / Grade 6 / Adapted Interactive Digital Content for Learners with Visual Impairment (VI) / Mathematics Special Needs Education / Grade 6 / Adapted Interactive Digital Content for Learners with Visual Impairment (VI) / Science and Technology Special Needs Education / Grade 6 / Adapted Interactive Digital Content for Learners with Visual Impairment (VI) / Islamic Religious Education Special Needs Education / Grade 6 / Adapted Interactive Digital Content for Learners with Visual Impairment (VI) / Social Studies Special Needs Education / Grade 6 / Adapted Interactive Digital Content for Learners with Visual Impairment (VI) / Agriculture and Nutrition Special Needs Education / Ebooks Special Needs Education / Videos Special Needs Education / Foundational and Stage-Based Special Needs Education / Prevocational Level Special Needs Education / Prevocational Level / Music Special Needs Education / Prevocational Level / Hindu Religious Education Special Needs Education / Prevocational Level / Christian Religious Education Special Needs Education / Prevocational Level / Physical Education Special Needs Education / Prevocational Level / Islamic Religious Education Special Needs Education / Prevocational Level / Social Studies Special Needs Education / Prevocational Level / Prevocational Skills 1 Special Needs Education / Prevocational Level / Prevocational Skills 2 Special Needs Education / Prevocational Level / Prevocational Skills 3 Accessible Digital Textbooks Interactive Simulations for Sciences and Mathematics Interactive Simulations for Sciences and Mathematics / Physics Interactive Simulations for Sciences and Mathematics / Chemistry Interactive Simulations for Sciences and Mathematics / Mathematics Information, Education and Communication(IEC) Materials Information, Education and Communication(IEC) Materials / Child Online Safety Information, Education and Communication(IEC) Materials / Child Road Safety Information, Education and Communication(IEC) Materials / Child Road Safety / Integration Matrices Information, Education and Communication(IEC) Materials / Child Road Safety / Integration Matrices / Early Years Education Information, Education and Communication(IEC) Materials / Child Road Safety / Integration Matrices / Upper Primary Information, Education and Communication(IEC) Materials / Child Road Safety / Integration Matrices / Junior School Information, Education and Communication(IEC) Materials / Child Road Safety / Integration Matrices / Senior School Information, Education and Communication(IEC) Materials / Child Road Safety / Information, Education and Communication(IEC) Materials on Child Road Safety Information, Education and Communication(IEC) Materials / Child Road Safety / Information, Education and Communication(IEC) Materials on Child Road Safety / Early Years Education Information, Education and Communication(IEC) Materials / Child Road Safety / Information, Education and Communication(IEC) Materials on Child Road Safety / Upper Primary Information, Education and Communication(IEC) Materials / Child Road Safety / Information, Education and Communication(IEC) Materials on Child Road Safety / Junior School Information, Education and Communication(IEC) Materials / Child Road Safety / Information, Education and Communication(IEC) Materials on Child Road Safety / Senior School Information, Education and Communication(IEC) Materials / Child Road Safety / Teacher's Handbook Information, Education and Communication(IEC) Materials / Financial Literacy Learners’ Toolkit Teacher Resources Teacher Resources / Educational Resources Materials Development Teacher Resources / Educational Resources Materials Development / CRE Teacher Resources / Educational Resources Materials Development / English Teacher Resources / Educational Resources Materials Development / Environment Teacher Resources / Educational Resources Materials Development / Foundations Teacher Resources / Educational Resources Materials Development / H.R.E Teacher Resources / Educational Resources Materials Development / Hygiene and Nutrition Teacher Resources / Educational Resources Materials Development / I.R.E Teacher Resources / Educational Resources Materials Development / Kiswahili Teacher Resources / Educational Resources Materials Development / Language Activities Teacher Resources / Educational Resources Materials Development / Literacy Skills Teacher Resources / Educational Resources Materials Development / Mathematics Teacher Resources / Educational Resources Materials Development / Movements and Arts Teacher Resources / Pre-Primary Teacher Radio Programmes Teacher Resources / CBC Courses Teacher Resources / Special Needs Educations Teacher Resources / Interactive Digital Content for Teacher Education Teacher Resources / Interactive Digital Content for Teacher Education / English Teacher Resources / Interactive Digital Content for Teacher Education / Music Teacher Resources / Interactive Digital Content for Teacher Education / Christian Religious Education Teacher Resources / Interactive Digital Content for Teacher Education / Art and Craft Teacher Resources / Interactive Digital Content for Teacher Education / Indigenous Languages Teacher Resources / Interactive Digital Content for Teacher Education / Home science Teacher Resources / Interactive Digital Content for Teacher Education / Science and Technology Teacher Resources / Interactive Digital Content for Teacher Education / Islamic Religious Education Teacher Resources / Interactive Digital Content for Teacher Education / Mandarin Teacher Resources / Interactive Digital Content for Teacher Education / Agriculture Teacher Resources / Interactive Digital Content for Teacher Education / Mathematics Teacher Resources / Interactive Digital Content for Teacher Education / French Teacher Resources / Interactive Digital Content for Teacher Education / Hindu Religious Education Teacher Resources / Interactive Digital Content for Teacher Education / Social Studies Teacher Resources / Interactive Digital Content for Teacher Education / Kiswahili Teacher Resources / Interactive Digital Content for Teacher Education / Physical Education Teacher Resources / Interactive Digital Content for Teacher Education / Arabic Parental Resources Financial Literacy Financial Literacy / Financial Literacy for Junior School Financial Literacy / Financial Literacy for Junior School / Taxation Financial Literacy / Financial Literacy for Senior School Financial Literacy / Financial Literacy for Senior School / Taxation Search lessons Search Expand allEduchannel Tv LessonsRadio Lessons Interactive Digital Content Educhannel Tv LessonsRadio Lessons Interactive Digital Content Digital Content | Kenya Education Cloud | Unlimited Learning Experiences Skip to main content (Login) Grade 8 Home Lessons Junior School Grade 8 Lesson categories: Pre-Primary Pre-Primary / Radio Lessons Pre-Primary / Educhannel Video Lessons Pre-Primary / Educhannel Video Lessons / Language Activities Pre-Primary / Educhannel Video Lessons / Mathematics Pre-Primary / Educhannel Video Lessons / Our School Pre-Primary / Educhannel Video Lessons / Picture Making Pre-Primary / Educhannel Video Lessons / Social Environment Pre-Primary / Educhannel Video Lessons / Pre-Primary 1 Pre-Primary / Educhannel Video Lessons / Pre-Primary 2 Pre-Primary / Interactive digital Content Pre-Primary / Ebooks Primary Education Primary Education / Grade 1 Primary Education / Grade 1 / Educhannel TV Lessons Primary Education / Grade 1 / Educhannel TV Lessons / English Primary Education / Grade 1 / Educhannel TV Lessons / Mathematics Primary Education / Grade 1 / Educhannel TV Lessons / Kiswahili Primary Education / Grade 1 / Educhannel TV Lessons / Kenya Sign Language(KSL) Primary Education / Grade 1 / Educhannel TV Lessons / Hygiene and nutrition Primary Education / Grade 1 / Educhannel TV Lessons / Environmental Activities Primary Education / Grade 1 / Interactive Digital Content Primary Education / Grade 1 / Radio Lessons Primary Education / Grade 1 / Radio Lessons / Mathematics Primary Education / Grade 1 / Radio Lessons / Mathematics / Grade 1 Term 2 Primary Education / Grade 1 / Radio Lessons / Mathematics / Grade 1 Term 3 Primary Education / Grade 1 / Radio Lessons / Kiswahili Primary Education / Grade 1 / Radio Lessons / Kiswahili / Grade 1 Term 2 Primary Education / Grade 1 / Radio Lessons / Kiswahili / Grade 1 Term 3 Primary Education / Grade 1 / Radio Lessons / English Primary Education / Grade 1 / Radio Lessons / English / Grade 1 Term 2 Primary Education / Grade 1 / Radio Lessons / English / Grade 1 Term 3 Primary Education / Grade 1 / Ebooks Primary Education / Grade 1 / Ebooks / Tusome readers Primary Education / Grade 1 / Ebooks / Indigenous Languages Primary Education / Grade 2 Primary Education / Grade 2 / Interactive Digital Content Primary Education / Grade 2 / Educhannel Tv Lessons Primary Education / Grade 2 / Educhannel Tv Lessons / Mathematics Primary Education / Grade 2 / Educhannel Tv Lessons / English Primary Education / Grade 2 / Radio Lessons Primary Education / Grade 2 / Radio Lessons / Mathematics Primary Education / Grade 2 / Radio Lessons / Mathematics / Grade 2 Term 2 Primary Education / Grade 2 / Radio Lessons / English Primary Education / Grade 2 / Radio Lessons / English / Grade 2 Term 2 Primary Education / Grade 2 / Radio Lessons / English / Grade 2 Term 3 Primary Education / Grade 2 / Radio Lessons / Kiswahili Primary Education / Grade 2 / Radio Lessons / Kiswahili / Grade 2 Term 3 Primary Education / Grade 2 / Hygiene and Nutrition Primary Education / Grade 2 / Hygiene and Nutrition / Grade 2 Term 2 Primary Education / Grade 2 / E-books Primary Education / Grade 2 / E-books / Tusome Readers Primary Education / Grade 3 Primary Education / Grade 3 / Radio Lessons Primary Education / Grade 3 / Radio Lessons / Mathematics Primary Education / Grade 3 / Radio Lessons / Mathematics / Grade 3 Term 2 Primary Education / Grade 3 / Radio Lessons / Mathematics / Grade 3 Term 3 Primary Education / Grade 3 / Radio Lessons / English Primary Education / Grade 3 / Radio Lessons / English / Grade 3 Term 2 Primary Education / Grade 3 / Radio Lessons / English / Grade 3 Term 3 Primary Education / Grade 3 / Radio Lessons / Environmental Activities Primary Education / Grade 3 / Radio Lessons / Environmental Activities / Grade 3 Term 2 Primary Education / Grade 3 / Radio Lessons / Kiswahili Primary Education / Grade 3 / Radio Lessons / Kiswahili / Grade 3 Term 3 Primary Education / Grade 3 / Educhannel TV Lessons Primary Education / Grade 3 / Educhannel TV Lessons / Mathematics Primary Education / Grade 3 / Educhannel TV Lessons / English Primary Education / Grade 3 / Educhannel TV Lessons / Kiswahili Primary Education / Grade 3 / Educhannel TV Lessons / Hygiene and Nutrition Primary Education / Grade 3 / Educhannel TV Lessons / Environmental Activities Primary Education / Grade 3 / Interactive Digital Content Primary Education / Grade 3 / EBooks Primary Education / Grade 3 / Tusome English Video Lessons Primary Education / Grade 3 / Tusome English Video Lessons / Tusome English Grade 3 Lessons Primary Education / Grade 4 Primary Education / Grade 4 / Educhannel Tv Lessons Primary Education / Grade 4 / Educhannel Tv Lessons / Home Science Primary Education / Grade 4 / Educhannel Tv Lessons / Agriculture Primary Education / Grade 4 / Educhannel Tv Lessons / Music Primary Education / Grade 4 / Educhannel Tv Lessons / Physical Education Primary Education / Grade 4 / Educhannel Tv Lessons / Art and Craft Primary Education / Grade 4 / Educhannel Tv Lessons / Kenya Sign Language Primary Education / Grade 4 / Educhannel Tv Lessons / Mathematics Primary Education / Grade 4 / Educhannel Tv Lessons / Science and Technology Primary Education / Grade 4 / Educhannel Tv Lessons / Social Studies Primary Education / Grade 4 / Educhannel Tv Lessons / English Primary Education / Grade 4 / Educhannel Tv Lessons / Kiswahili Primary Education / Grade 4 / Educhannel Tv Lessons / Environmental Activity Primary Education / Grade 4 / Radio lessons Primary Education / Grade 4 / Radio lessons / Social Studies Primary Education / Grade 4 / Radio lessons / Social Studies / Grade 4 Term 2 Primary Education / Grade 4 / Radio lessons / Social Studies / Grade 4 Term 3 Primary Education / Grade 4 / Radio lessons / CRE Primary Education / Grade 4 / Radio lessons / CRE / Grade 4 Term 2 Primary Education / Grade 4 / Radio lessons / English Primary Education / Grade 4 / Radio lessons / English / Grade 4 Term 2 Primary Education / Grade 4 / Radio lessons / English / Grade 4 Term 3 Primary Education / Grade 4 / Radio lessons / Hygiene and Nutrition Primary Education / Grade 4 / Radio lessons / Hygiene and Nutrition / Grade 4 Term 1 Primary Education / Grade 4 / Radio lessons / IRE Primary Education / Grade 4 / Radio lessons / IRE / Grade 4 Term 2 Primary Education / Grade 4 / Radio lessons / Science and Technology Primary Education / Grade 4 / Radio lessons / Science and Technology / Grade 4 Term 3 Primary Education / Grade 4 / Radio lessons / Agriculture Primary Education / Grade 4 / Radio lessons / Agriculture / Grade 4 Term 3 Primary Education / Grade 4 / Radio lessons / Mathematics Primary Education / Grade 4 / Radio lessons / Mathematics / Grade 4 Term 3 Primary Education / Grade 4 / SNE Primary Education / Grade 4 / Interactive Digital Content Primary Education / Grade 5 Primary Education / Grade 5 / Educhannel Tv Lessons Primary Education / Grade 5 / Educhannel Tv Lessons / English Primary Education / Grade 5 / Educhannel Tv Lessons / Kiswahili Primary Education / Grade 5 / Educhannel Tv Lessons / Mathematics Primary Education / Grade 5 / Radio Lessons Primary Education / Grade 5 / Radio Lessons / English Primary Education / Grade 5 / Radio Lessons / Science and Technology Primary Education / Grade 5 / Radio Lessons / Agriculture Primary Education / Grade 5 / Radio Lessons / Social studies Primary Education / Grade 5 / Radio Lessons / Christian Religious Education Primary Education / Grade 5 / Radio Lessons / Mathematics Primary Education / Grade 5 / Interactive Digital Content Primary Education / Grade 6 Primary Education / Grade 6 / Radio Lessons Primary Education / Grade 6 / Radio Lessons / CRE Primary Education / Grade 6 / Radio Lessons / Social Studies Primary Education / Grade 6 / Radio Lessons / Science Primary Education / Grade 6 / Radio Lessons / Kiswahili Primary Education / Grade 6 / Radio Lessons / English Primary Education / Grade 6 / Radio Lessons / Mathematics Primary Education / Grade 6 / Educhannel TV Lessons Primary Education / Grade 6 / Educhannel TV Lessons / Kiswahili Primary Education / Grade 6 / Educhannel TV Lessons / Agriculture Primary Education / Grade 6 / Educhannel TV Lessons / Art and Craft Primary Education / Grade 6 / Educhannel TV Lessons / English Primary Education / Grade 6 / Educhannel TV Lessons / Home Science Primary Education / Grade 6 / Educhannel TV Lessons / Music Primary Education / Grade 6 / Educhannel TV Lessons / Science and technology Primary Education / Grade 6 / Educhannel TV Lessons / Physical health education Primary Education / Grade 6 / Interactive Digital Content Junior School Junior School / Grade 8 Junior School / Grade 8 / Educhannel Tv Lessons Junior School / Grade 8 / Radio Lessons Junior School / Grade 8 / Interactive Digital Content Junior School / Grade 7 Junior School / Grade 7 / Educhannel TV lessons Junior School / Grade 7 / Radio Lessons Junior School / Grade 7 / Radio Lessons / Mathematics Junior School / Grade 7 / Radio Lessons / Kiswahili Junior School / Grade 7 / Radio Lessons / English Junior School / Grade 7 / Radio Lessons / Christian Religious Education Junior School / Grade 7 / Radio Lessons / Integrated Science Junior School / Grade 7 / Radio Lessons / Social Studies Junior School / Grade 7 / Radio Lessons / Pre-Technical Studies Junior School / Grade 7 / Interactive Digital Content Secondary Education Secondary Education / Form 1 Secondary Education / Form 1 / Interactive Digital Content Secondary Education / Form 1 / Educhannel Tv Lessons Secondary Education / Form 1 / Educhannel Tv Lessons / Mathematics Secondary Education / Form 1 / Educhannel Tv Lessons / English Secondary Education / Form 1 / Educhannel Tv Lessons / Physics Secondary Education / Form 1 / Educhannel Tv Lessons / Biology Secondary Education / Form 1 / Educhannel Tv Lessons / Chemistry Secondary Education / Form 1 / Educhannel Tv Lessons / Kiswahili Secondary Education / Form 1 / Educhannel Tv Lessons / History and Government Secondary Education / Form 1 / Educhannel Tv Lessons / Business Studies Secondary Education / Form 1 / Radio Lessons Secondary Education / Form 1 / Ebooks Secondary Education / Form 2 Secondary Education / Form 2 / Interactive Digital Content Secondary Education / Form 2 / Educhannel Tv Lessons Secondary Education / Form 2 / Educhannel Tv Lessons / Physics Secondary Education / Form 2 / Radio Lessons Secondary Education / Form 2 / Radio Lessons / Biology Secondary Education / Form 3 Secondary Education / Form 3 / Interactive Digital Content Secondary Education / Form 3 / Educhannel Tv Lessons Secondary Education / Form 3 / Educhannel Tv Lessons / Mathematics Secondary Education / Form 3 / Educhannel Tv Lessons / English Secondary Education / Form 3 / Educhannel Tv Lessons / Kiswahili Secondary Education / Form 3 / Educhannel Tv Lessons / Biology Secondary Education / Form 3 / Educhannel Tv Lessons / Chemistry Secondary Education / Form 3 / Educhannel Tv Lessons / Physics Secondary Education / Form 3 / Educhannel Tv Lessons / Business Studies Secondary Education / Form 3 / Educhannel Tv Lessons / History and Government Secondary Education / Form 3 / Radio Lessons Secondary Education / Form 4 Secondary Education / Form 4 / Interactive Digital Content Secondary Education / Form 4 / Educhannel Tv Lessons Secondary Education / Form 4 / Educhannel Tv Lessons / Form 4 Mathematics Secondary Education / Form 4 / Educhannel Tv Lessons / Form 4 English Secondary Education / Form 4 / Educhannel Tv Lessons / Form 4 Physics Secondary Education / Form 4 / Educhannel Tv Lessons / Form 4 Biology Secondary Education / Form 4 / Educhannel Tv Lessons / Form 4 Kiswahili Secondary Education / Form 4 / Educhannel Tv Lessons / Form 4 Chemistry Secondary Education / Form 4 / Educhannel Tv Lessons / Form 4 History and Government Secondary Education / Form 4 / Educhannel Tv Lessons / Form 4 Business Studies Secondary Education / Form 4 / Radio Lessons Secondary Education / Form 4 / Radio Lessons / Mathematics Secondary Education / Form 4 / Radio Lessons / Mathematics / Form 4 Term 1 Secondary Education / Form 4 / Radio Lessons / Mathematics / Form 4 Term 2 Secondary Education / Form 4 / Radio Lessons / Mathematics / Form 4 Term 3 General Knowledge General Knowledge / VOA Connect General Knowledge / Ask the expert General Knowledge / Citizenship and Democracy General Knowledge / Digital Story General Knowledge / Impacted Educhannel Lessons Educhannel Lessons / English Educhannel Lessons / English / Transport and travel Educhannel Lessons / English / Pronunciation skills Educhannel Lessons / English / Listening and speaking Educhannel Lessons / English / Family Educhannel Lessons / English / Environment Educhannel Lessons / English / Drug and Substance Educhannel Lessons / Agriculture Educhannel Lessons / Biology Educhannel Lessons / Biology / Living Things Educhannel Lessons / Biology / Secretion and homeostasis Educhannel Lessons / Biology / Support and movement Educhannel Lessons / Business Studies Educhannel Lessons / Chemistry Educhannel Lessons / Earth Movement and Volcanicity Educhannel Lessons / Environmental Activities Educhannel Lessons / Geograpghy Educhannel Lessons / History Educhannel Lessons / History / Kenyan History Educhannel Lessons / Homescience Educhannel Lessons / Homescience / Basic care clothing Educhannel Lessons / Kiswahili Educhannel Lessons / Kiswahili / Primary Educhannel Lessons / Kiswahili / Primary / Darasa 4-5 Educhannel Lessons / Kiswahili / Secondary Educhannel Lessons / Kiswahili / Secondary / Isimu Jamii Educhannel Lessons / Kiswahili / Secondary / Sarufi Educhannel Lessons / Mathematics Educhannel Lessons / Mathematics / Secondary Educhannel Lessons / Mathematics / Secondary / Commercial Arithmetics Educhannel Lessons / Mathematics / Primary Educhannel Lessons / Mathematics / Primary / Class 5-8 Educhannel Lessons / Mathematics / Primary / Class 5-8 / Practical uses of Money Educhannel Lessons / Mathematics / Primary / Class 5-8 / Measurement Educhannel Lessons / Organic Chemistry Educhannel Lessons / Performing Music Educhannel Lessons / Homescience Educhannel Lessons / Homescience / Basic care of clothing Educhannel Lessons / Art and Craft Educhannel Lessons / Physics Educhannel Lessons / Physics / Thermodynamics Educhannel Lessons / Physics / Mechanics Educhannel Lessons / Physics / Electricity and Magnetism Educhannel Lessons / The Doyen Exposition Educhannel Lessons / Science Educhannel Lessons / Science / Making work easier Educhannel Lessons / Science / Living Things Educhannel Lessons / Science / Energy conservation Educhannel Lessons / Physical and Health Education Educhannel Lessons / Physical and Health Education / Grade 1-4 Open Education Resourses(OERs) Open Education Resourses(OERs) / Movement and Creative Activities Open Education Resourses(OERs) / 	Religious Education Activities Open Education Resourses(OERs) / Mathematical Activities Open Education Resourses(OERs) / Environmental Activities Open Education Resourses(OERs) / Kiswahili Language Open Education Resourses(OERs) / LTK | Concordia University Open Education Resourses(OERs) / Hygiene and Nutrition Open Education Resourses(OERs) / ENGLISH LANGUAGE ACTIVITIES Open Education Resourses(OERs) / Casio Materials Open Education Resourses(OERs) / Health Education Open Education Resourses(OERs) / Carbon Literacy Special Needs Education Special Needs Education / Grade 1 Special Needs Education / Grade 1 / Adapted Interactive Digital Content for Hearing Impaired(HI) Special Needs Education / Grade 1 / Adapted Interactive Digital Content for Hearing Impaired(HI) / English Activities Special Needs Education / Grade 1 / Adapted Interactive Digital Content for Hearing Impaired(HI) / Environmental Activities Special Needs Education / Grade 1 / Adapted Interactive Digital Content for Hearing Impaired(HI) / Creative Activities Special Needs Education / Grade 1 / Adapted Interactive Digital Content for Visual Impaired(VI) Special Needs Education / Grade 2 Special Needs Education / Grade 2 / Adapted Interactive Digital Content for Hearing Impaired(HI) Special Needs Education / Grade 2 / Adapted Interactive Digital Content for Hearing Impaired(HI) / Mathematics Grade 2 Special Needs Education / Grade 2 / Adapted Interactive Digital Content for Hearing Impaired(HI) / Environmental Activities Grade 2 Special Needs Education / Grade 2 / Adapted Interactive Digital Content for Hearing Impaired(HI) / Hygiene and Nutrition Grade 2 Special Needs Education / Grade 2 / Adapted Interactive Digital Content for Hearing Impaired(HI) / Christian Religious Education Grade 2 (HI) Special Needs Education / Grade 2 / Adapted Interactive Digital Content for Hearing Impaired(HI) / Literacy Activities Grade2 (HI) Special Needs Education / Grade 2 / Adapted Interactive Digital Content for Hearing Impaired(HI) / English Activities Grad2 H.I Special Needs Education / Grade 2 / Adapted Interactive Digital Content for Hearing Impaired(HI) / Creative Activities Grade2 -H.I Special Needs Education / Grade 2 / Adapted Interactive Digital Content for Visual Impaired(VI) Special Needs Education / Grade 2 / Adapted Interactive Digital Content for Visual Impaired(VI) / Mathematics Special Needs Education / Grade 2 / Adapted Interactive Digital Content for Visual Impaired(VI) / Kiswahili Special Needs Education / Grade 2 / Adapted Interactive Digital Content for Visual Impaired(VI) / English Special Needs Education / Grade 2 / Adapted Interactive Digital Content for Visual Impaired(VI) / Creative Activities Special Needs Education / Grade 2 / Adapted Interactive Digital Content for Visual Impaired(VI) / CRE Special Needs Education / Grade 3 Special Needs Education / Grade 3 / Adapted Interactive Digital Content for Learners with Hearing Impairment (HI) Special Needs Education / Grade 3 / Adapted Interactive Digital Content for Learners with Hearing Impairment (HI) / Visual Arts Special Needs Education / Grade 3 / Adapted Interactive Digital Content for Learners with Hearing Impairment (HI) / English Special Needs Education / Grade 3 / Adapted Interactive Digital Content for Learners with Hearing Impairment (HI) / Hygiene and Nutrition Special Needs Education / Grade 3 / Adapted Interactive Digital Content for Learners with Hearing Impairment (HI) / Music Special Needs Education / Grade 3 / Adapted Interactive Digital Content for Learners with Hearing Impairment (HI) / Mathematics Special Needs Education / Grade 3 / Adapted Interactive Digital Content for Learners with Hearing Impairment (HI) / Environmental Special Needs Education / Grade 3 / Adapted Interactive Digital Content for Learners with Hearing Impairment (HI) / CRE Special Needs Education / Grade 3 / Adapted Interactive Digital Content for Learners with Visual Impairment (VI) Special Needs Education / Grade 3 / Adapted Interactive Digital Content for Learners with Visual Impairment (VI) / Music Special Needs Education / Grade 3 / Adapted Interactive Digital Content for Learners with Visual Impairment (VI) / Mathematics Special Needs Education / Grade 3 / Adapted Interactive Digital Content for Learners with Visual Impairment (VI) / Visual Arts Special Needs Education / Grade 3 / Adapted Interactive Digital Content for Learners with Visual Impairment (VI) / Kiswahili Special Needs Education / Grade 3 / Adapted Interactive Digital Content for Learners with Visual Impairment (VI) / Hygiene and Nutrition Special Needs Education / Grade 3 / Adapted Interactive Digital Content for Learners with Visual Impairment (VI) / Environmental Special Needs Education / Grade 3 / Adapted Interactive Digital Content for Learners with Visual Impairment (VI) / English Special Needs Education / Grade 3 / Adapted Interactive Digital Content for Learners with Visual Impairment (VI) / CRE Special Needs Education / Grade 4 Special Needs Education / Grade 4 / Adapted Interactive Digital Content for Learners with Hearing Impairment (HI) Special Needs Education / Grade 4 / Adapted Interactive Digital Content for Learners with Hearing Impairment (HI) / Mathematics Special Needs Education / Grade 4 / Adapted Interactive Digital Content for Learners with Hearing Impairment (HI) / English Special Needs Education / Grade 4 / Adapted Interactive Digital Content for Learners with Hearing Impairment (HI) / Science and Technology Special Needs Education / Grade 4 / Adapted Interactive Digital Content for Learners with Hearing Impairment (HI) / Agriculture Special Needs Education / Grade 4 / Adapted Interactive Digital Content for Learners with Hearing Impairment (HI) / Social Studies Special Needs Education / Grade 4 / Adapted Interactive Digital Content for Learners with Hearing Impairment (HI) / Home Science Special Needs Education / Grade 4 / Adapted Interactive Digital Content for Learners with Hearing Impairment (HI) / Art and Craft Special Needs Education / Grade 4 / Adapted Interactive Digital Content for Learners with Hearing Impairment (HI) / Music Special Needs Education / Grade 4 / Adapted Interactive Digital Content for Learners with Hearing Impairment (HI) / Christian Religious Education (CRE) Special Needs Education / Grade 4 / Adapted Interactive Digital Content for Learners with Visual Impairment (VI) Special Needs Education / Grade 4 / Adapted Interactive Digital Content for Learners with Visual Impairment (VI) / Mathematics Special Needs Education / Grade 4 / Adapted Interactive Digital Content for Learners with Visual Impairment (VI) / English Special Needs Education / Grade 4 / Adapted Interactive Digital Content for Learners with Visual Impairment (VI) / Kiswahili Special Needs Education / Grade 4 / Adapted Interactive Digital Content for Learners with Visual Impairment (VI) / Science and Technology Special Needs Education / Grade 4 / Adapted Interactive Digital Content for Learners with Visual Impairment (VI) / Agriculture Special Needs Education / Grade 4 / Adapted Interactive Digital Content for Learners with Visual Impairment (VI) / Social Studies Special Needs Education / Grade 4 / Adapted Interactive Digital Content for Learners with Visual Impairment (VI) / Home Science Special Needs Education / Grade 4 / Adapted Interactive Digital Content for Learners with Visual Impairment (VI) / Art and Craft Special Needs Education / Grade 4 / Adapted Interactive Digital Content for Learners with Visual Impairment (VI) / Christian Religious Education (CRE) Special Needs Education / Grade 4 / Adapted Interactive Digital Content for Learners with Visual Impairment (VI) / Music Special Needs Education / Grade 5 Special Needs Education / Grade 5 / Adapted Interactive Digital Content for Learners with Hearing Impairment (HI) Special Needs Education / Grade 5 / Adapted Interactive Digital Content for Learners with Hearing Impairment (HI) / English Special Needs Education / Grade 5 / Adapted Interactive Digital Content for Learners with Hearing Impairment (HI) / Christian Religious Education Special Needs Education / Grade 5 / Adapted Interactive Digital Content for Learners with Hearing Impairment (HI) / Social Studies Special Needs Education / Grade 5 / Adapted Interactive Digital Content for Learners with Hearing Impairment (HI) / Agriculture and Nutrition Special Needs Education / Grade 5 / Adapted Interactive Digital Content for Learners with Hearing Impairment (HI) / Creative Arts Special Needs Education / Grade 5 / Adapted Interactive Digital Content for Learners with Hearing Impairment (HI) / Mathematics Special Needs Education / Grade 5 / Adapted Interactive Digital Content for Learners with Hearing Impairment (HI) / Science and Technology Special Needs Education / Grade 5 / Adapted Interactive Digital Content for Learners with Hearing Impairment (HI) / Islamic Religious Education Special Needs Education / Grade 5 / Adapted Interactive Digital Content for Learners with Visual Impairment (VI) Special Needs Education / Grade 5 / Adapted Interactive Digital Content for Learners with Visual Impairment (VI) / Creative Arts Special Needs Education / Grade 5 / Adapted Interactive Digital Content for Learners with Visual Impairment (VI) / Social Studies Special Needs Education / Grade 5 / Adapted Interactive Digital Content for Learners with Visual Impairment (VI) / Kiswahili Special Needs Education / Grade 5 / Adapted Interactive Digital Content for Learners with Visual Impairment (VI) / Christian Religious Education Special Needs Education / Grade 5 / Adapted Interactive Digital Content for Learners with Visual Impairment (VI) / Science and Technology Special Needs Education / Grade 5 / Adapted Interactive Digital Content for Learners with Visual Impairment (VI) / Agriculture and Nutrition Special Needs Education / Grade 5 / Adapted Interactive Digital Content for Learners with Visual Impairment (VI) / Islamic Religious Education Special Needs Education / Grade 5 / Adapted Interactive Digital Content for Learners with Visual Impairment (VI) / Mathematics Special Needs Education / Grade 5 / Adapted Interactive Digital Content for Learners with Visual Impairment (VI) / English Special Needs Education / Grade 6 Special Needs Education / Grade 6 / Adapted Interactive Digital Content for Learners with Hearing Impairment (HI) Special Needs Education / Grade 6 / Adapted Interactive Digital Content for Learners with Hearing Impairment (HI) / Science and Technology Special Needs Education / Grade 6 / Adapted Interactive Digital Content for Learners with Hearing Impairment (HI) / Christian Religious Education Special Needs Education / Grade 6 / Adapted Interactive Digital Content for Learners with Hearing Impairment (HI) / Creative Arts Special Needs Education / Grade 6 / Adapted Interactive Digital Content for Learners with Hearing Impairment (HI) / Islamic Religious Education Special Needs Education / Grade 6 / Adapted Interactive Digital Content for Learners with Hearing Impairment (HI) / English Special Needs Education / Grade 6 / Adapted Interactive Digital Content for Learners with Hearing Impairment (HI) / Social Studies Special Needs Education / Grade 6 / Adapted Interactive Digital Content for Learners with Hearing Impairment (HI) / Agriculture Special Needs Education / Grade 6 / Adapted Interactive Digital Content for Learners with Hearing Impairment (HI) / Mathematics Special Needs Education / Grade 6 / Adapted Interactive Digital Content for Learners with Visual Impairment (VI) Special Needs Education / Grade 6 / Adapted Interactive Digital Content for Learners with Visual Impairment (VI) / Christian Religious Education Special Needs Education / Grade 6 / Adapted Interactive Digital Content for Learners with Visual Impairment (VI) / Kiswahili Special Needs Education / Grade 6 / Adapted Interactive Digital Content for Learners with Visual Impairment (VI) / English Special Needs Education / Grade 6 / Adapted Interactive Digital Content for Learners with Visual Impairment (VI) / Creative Arts Special Needs Education / Grade 6 / Adapted Interactive Digital Content for Learners with Visual Impairment (VI) / Mathematics Special Needs Education / Grade 6 / Adapted Interactive Digital Content for Learners with Visual Impairment (VI) / Science and Technology Special Needs Education / Grade 6 / Adapted Interactive Digital Content for Learners with Visual Impairment (VI) / Islamic Religious Education Special Needs Education / Grade 6 / Adapted Interactive Digital Content for Learners with Visual Impairment (VI) / Social Studies Special Needs Education / Grade 6 / Adapted Interactive Digital Content for Learners with Visual Impairment (VI) / Agriculture and Nutrition Special Needs Education / Ebooks Special Needs Education / Videos Special Needs Education / Foundational and Stage-Based Special Needs Education / Prevocational Level Special Needs Education / Prevocational Level / Music Special Needs Education / Prevocational Level / Hindu Religious Education Special Needs Education / Prevocational Level / Christian Religious Education Special Needs Education / Prevocational Level / Physical Education Special Needs Education / Prevocational Level / Islamic Religious Education Special Needs Education / Prevocational Level / Social Studies Special Needs Education / Prevocational Level / Prevocational Skills 1 Special Needs Education / Prevocational Level / Prevocational Skills 2 Special Needs Education / Prevocational Level / Prevocational Skills 3 Accessible Digital Textbooks Interactive Simulations for Sciences and Mathematics Interactive Simulations for Sciences and Mathematics / Physics Interactive Simulations for Sciences and Mathematics / Chemistry Interactive Simulations for Sciences and Mathematics / Mathematics Information, Education and Communication(IEC) Materials Information, Education and Communication(IEC) Materials / Child Online Safety Information, Education and Communication(IEC) Materials / Child Road Safety Information, Education and Communication(IEC) Materials / Child Road Safety / Integration Matrices Information, Education and Communication(IEC) Materials / Child Road Safety / Integration Matrices / Early Years Education Information, Education and Communication(IEC) Materials / Child Road Safety / Integration Matrices / Upper Primary Information, Education and Communication(IEC) Materials / Child Road Safety / Integration Matrices / Junior School Information, Education and Communication(IEC) Materials / Child Road Safety / Integration Matrices / Senior School Information, Education and Communication(IEC) Materials / Child Road Safety / Information, Education and Communication(IEC) Materials on Child Road Safety Information, Education and Communication(IEC) Materials / Child Road Safety / Information, Education and Communication(IEC) Materials on Child Road Safety / Early Years Education Information, Education and Communication(IEC) Materials / Child Road Safety / Information, Education and Communication(IEC) Materials on Child Road Safety / Upper Primary Information, Education and Communication(IEC) Materials / Child Road Safety / Information, Education and Communication(IEC) Materials on Child Road Safety / Junior School Information, Education and Communication(IEC) Materials / Child Road Safety / Information, Education and Communication(IEC) Materials on Child Road Safety / Senior School Information, Education and Communication(IEC) Materials / Child Road Safety / Teacher's Handbook Information, Education and Communication(IEC) Materials / Financial Literacy Learners’ Toolkit Teacher Resources Teacher Resources / Educational Resources Materials Development Teacher Resources / Educational Resources Materials Development / CRE Teacher Resources / Educational Resources Materials Development / English Teacher Resources / Educational Resources Materials Development / Environment Teacher Resources / Educational Resources Materials Development / Foundations Teacher Resources / Educational Resources Materials Development / H.R.E Teacher Resources / Educational Resources Materials Development / Hygiene and Nutrition Teacher Resources / Educational Resources Materials Development / I.R.E Teacher Resources / Educational Resources Materials Development / Kiswahili Teacher Resources / Educational Resources Materials Development / Language Activities Teacher Resources / Educational Resources Materials Development / Literacy Skills Teacher Resources / Educational Resources Materials Development / Mathematics Teacher Resources / Educational Resources Materials Development / Movements and Arts Teacher Resources / Pre-Primary Teacher Radio Programmes Teacher Resources / CBC Courses Teacher Resources / Special Needs Educations Teacher Resources / Interactive Digital Content for Teacher Education Teacher Resources / Interactive Digital Content for Teacher Education / English Teacher Resources / Interactive Digital Content for Teacher Education / Music Teacher Resources / Interactive Digital Content for Teacher Education / Christian Religious Education Teacher Resources / Interactive Digital Content for Teacher Education / Art and Craft Teacher Resources / Interactive Digital Content for Teacher Education / Indigenous Languages Teacher Resources / Interactive Digital Content for Teacher Education / Home science Teacher Resources / Interactive Digital Content for Teacher Education / Science and Technology Teacher Resources / Interactive Digital Content for Teacher Education / Islamic Religious Education Teacher Resources / Interactive Digital Content for Teacher Education / Mandarin Teacher Resources / Interactive Digital Content for Teacher Education / Agriculture Teacher Resources / Interactive Digital Content for Teacher Education / Mathematics Teacher Resources / Interactive Digital Content for Teacher Education / French Teacher Resources / Interactive Digital Content for Teacher Education / Hindu Religious Education Teacher Resources / Interactive Digital Content for Teacher Education / Social Studies Teacher Resources / Interactive Digital Content for Teacher Education / Kiswahili Teacher Resources / Interactive Digital Content for Teacher Education / Physical Education Teacher Resources / Interactive Digital Content for Teacher Education / Arabic Parental Resources Financial Literacy Financial Literacy / Financial Literacy for Junior School Financial Literacy / Financial Literacy for Junior School / Taxation Financial Literacy / Financial Literacy for Senior School Financial Literacy / Financial Literacy for Senior School / Taxation Search lessons Search Expand allEduchannel Tv LessonsRadio Lessons Interactive Digital Content Home Calendar Pre-primary Pre-Primary 1 Pre-Primary 2 Primary Grade 1 Grade 2 Grade 3 Grade 4 Grade 5 Grade 6 Secondary Grade 7 Grade 8 Form 1 Form 2 Form 3 Form 4 OER's SNE The Kenya Education Cloud (KEC) is a digital platform designed to enhance teaching and learning in Kenya by providing a wide range of digital educational resources. Serving as a centralized hub for e-learning, it promotes access to interactive content, supports modern pedagogical methods, and fosters collaboration among educators and learners. External Links Ministry of Education Kenya National Examinations Council Teachers Service Commission Kenya Kenya Institute of Special Education (KISE) ICT Authority TVET Authority Elimika Additional Resources Accessible Digital Textbook (ADT) Curriculum Reports Parental Resources Child Online Protection Guidelines Our Contacts Kenya Institute of Curriculum DevelopmentDesai Rd, Off Muranga Rd,Nairobi, Kenya. Telephone Contacts+254 729327331 +254 729327334 Email Addressinfo@kicd.ac.ke Kenya Education Cloud © 2024. All rights reserved. Privacy Policy Terms & Conditions (Login) Data retention summary","['mathematics', 'english', 'kiswahili', 'biology', 'chemistry', 'physics', 'geography', 'history', 'business', 'computer', 'agriculture', 'home_science', 'art', 'music', 'physical_education', 'religious_education']",form_1,cbc,[],2025-09-08T00:49:19.580967,unknown,junior_secondary,,grade_8,
https://lms.kec.ac.ke/course/search.php,Digital Content Portal,"Kenya Education Cloud is your ultimate digital learning hub, providing access to curated e-learning resources, educational tools, and innovative content for students, teachers, and institutions.","Digital Content Portal Home Lessons Search Search lessons Search Digital Content | Kenya Education Cloud | Unlimited Learning Experiences Skip to main content (Login) Digital Content Portal Home Lessons Search Search lessons Search Home Calendar Pre-primary Pre-Primary 1 Pre-Primary 2 Primary Grade 1 Grade 2 Grade 3 Grade 4 Grade 5 Grade 6 Secondary Grade 7 Grade 8 Form 1 Form 2 Form 3 Form 4 OER's SNE The Kenya Education Cloud (KEC) is a digital platform designed to enhance teaching and learning in Kenya by providing a wide range of digital educational resources. Serving as a centralized hub for e-learning, it promotes access to interactive content, supports modern pedagogical methods, and fosters collaboration among educators and learners. External Links Ministry of Education Kenya National Examinations Council Teachers Service Commission Kenya Kenya Institute of Special Education (KISE) ICT Authority TVET Authority Elimika Additional Resources Accessible Digital Textbook (ADT) Curriculum Reports Parental Resources Child Online Protection Guidelines Our Contacts Kenya Institute of Curriculum DevelopmentDesai Rd, Off Muranga Rd,Nairobi, Kenya. Telephone Contacts+254 729327331 +254 729327334 Email Addressinfo@kicd.ac.ke Kenya Education Cloud © 2024. All rights reserved. Privacy Policy Terms & Conditions (Login) Data retention summary","['computer', 'art']",form_1,unknown,[],2025-09-08T00:49:19.955429,unknown,,,,
https://kec.ac.ke/login/index.php,Kenya Education Cloud | Unlimited learning experiences,"Kenya Education Cloud is your ultimate digital learning hub, providing access to curated e-learning resources, educational tools, and innovative content for students, teachers, and institutions.","Kenya Education Cloud Username Password Remember username Login Forgotten your username or password? Cookies must be enabled in your browser Some courses may allow guest access Log in as a guest Kenya Education Cloud Username Password Remember username Login Forgotten your username or password? Cookies must be enabled in your browser Some courses may allow guest access Log in as a guest Username Password Remember username Login Forgotten your username or password? Cookies must be enabled in your browser Some courses may allow guest access Log in as a guest Username Password Remember username Login Forgotten your username or password? Cookies must be enabled in your browser Some courses may allow guest access Log in as a guest Kenya Education Cloud | Unlimited learning experiences Skip to main content Digital Content Elimika Courses OER Portal You are not logged in. Kenya Education Cloud Username Password Remember username Login Forgotten your username or password? Cookies must be enabled in your browser Some courses may allow guest access Log in as a guest The Kenya Education Cloud (KEC) is a digital platform designed to enhance teaching and learning in Kenya by providing a wide range of digital educational resources. Serving as a centralized hub for e-learning, it promotes access to interactive content, supports modern pedagogical methods, and fosters collaboration among educators and learners. External Links Ministry of Education Kenya National Examinations Council Teachers Service Commission Kenya Kenya Institute of Special Education (KISE) ICT Authority TVET Authority Elimika Additional Resources Accessible Digital Textbook (ADT) Curriculum Reports OrangeBook - List of Approved materials Child Online Protection Guidelines Parental Resources Our Contacts Kenya Institute of Curriculum DevelopmentDesai Rd, Off Muranga Rd,Nairobi, Kenya. Telephone Contacts+254 729327331 +254 729327334 Email Addressinfo@kicd.ac.ke Kenya Education Cloud © 2024. All rights reserved. Help and Support Privacy Policy Terms & Conditions","['computer', 'art']",unknown,unknown,[],2025-09-08T00:49:20.216969,unknown,,,,
https://kec.ac.ke/course/index.php,Kenya Education Cloud | Unlimited learning experiences,"Kenya Education Cloud is your ultimate digital learning hub, providing access to curated e-learning resources, educational tools, and innovative content for students, teachers, and institutions.","Home Courses Navigation HomeCourses HomeCourses Search courses Go Search courses Go Kenya Education Cloud | Unlimited learning experiences Skip to main content Digital Content Elimika Courses OER Portal You are not logged in. (Login) Home Courses Skip Navigation Navigation HomeCourses Search courses Go The Kenya Education Cloud (KEC) is a digital platform designed to enhance teaching and learning in Kenya by providing a wide range of digital educational resources. Serving as a centralized hub for e-learning, it promotes access to interactive content, supports modern pedagogical methods, and fosters collaboration among educators and learners. External Links Ministry of Education Kenya National Examinations Council Teachers Service Commission Kenya Kenya Institute of Special Education (KISE) ICT Authority TVET Authority Elimika Additional Resources Accessible Digital Textbook (ADT) Curriculum Reports OrangeBook - List of Approved materials Child Online Protection Guidelines Parental Resources Our Contacts Kenya Institute of Curriculum DevelopmentDesai Rd, Off Muranga Rd,Nairobi, Kenya. Telephone Contacts+254 729327331 +254 729327334 Email Addressinfo@kicd.ac.ke Kenya Education Cloud © 2024. All rights reserved. Help and Support Privacy Policy Terms & Conditions","['computer', 'art']",unknown,unknown,[],2025-09-08T00:49:21.324313,unknown,,,,
https://elimika.kec.ac.ke/login/signup.php,Elimika Platform | Kenya Education Cloud | Unlimited Learning Experinces,"Elimika is an online teacher training platform , offering Competency Based Curriculum (CBC)-aligned courses developed by the Kenya Institute of Curriculum Development (KICD). Learn anytime, anywhere and enhance your skills in ICT integration, assessment, pedagogy, and professional teaching under Kenya’s Competency Based Curriculum.","Elimika Verifiëring van ouderdom en ligging Wat is jou ouderdom? In watter land bly jy? Kies 'n land Afghanistan Åland Eilande Albanië Algerië Amerikaanse Maagde-eilande Amerikaanse Samoa Andorra Angola Anguilla Antarktika Antigua en Barbuda Argentinië Armenië Aruba Australië Azerbeidjan Bahama-eilande Bahrein Bangladesj Barbados Belarus België Belize Benin Bermuda Bhoetan Bolivia (Plurinasionale Staat van) Bonaire, Sint Eustatius en Saba Bosnië-Herzegowina Botswana Bouveteiland Brasilië Britse Indiese Oseaangebied Britse Maagde-eilande Broenei Darussalam Bulgarye Burkina Faso Burundi Chili China Ciprus Colombia Comore-eilande Cookeilande Costa Rica Curaçao Demokratiese Volksrepubliek Korea Denemarke Djiboeti Dominica Dominikaanse Republiek Duitsland Ecuador Egipte Eiland Man Ekwatoriaal-Guinee El Salvador Eritrea Estland Eswatini Ethiopië Falklandeilande Faroër-eilande Federale stede van Rusland Fidji Filippyne Finland Frankryk Frans-Guyana Frans-Polinesië Franse Suidelike en Antarktiese Gebiede Gaboen Gambië Georgië Ghana Gibraltar Grenada Griekeland Groenland Guadeloupe Guam Guatemala Guernsey Guinee Guinee-Bissau Guyana Haïti Heard- en McDonaldeilande Honduras Hongarye Hongkong Ierland Indië Indonesië Irak Islamitiese Republiek Iran Israel Italië Ivoorkus Jamaika Japan Jemen Jersey Jordanië Kaaimanseilande Kaap Verde Kambodja Kameroen Kanada Kasakstan Katar Kenia Kerseiland Kirgisië Kiribati Klein afgeleë eilande van die Verenigde State van Amerika Koeweit Kokoseilande Kongo Kongo (Demokratiese Republiek van die) Kroasië Kuba Laos Lebanon Lesotho Letland Liberië Libië Liechtenstein Litaue Luxemburg Macau Madagaskar Malawi Maledive Maleisië Mali Malta Marokko Marshalleilande Martinique Mauritanië Mauritius Mayotte Meksiko Mianmar Mikronesië Moldowa Monaco Mongolië Montenegro Montserrat Mosambiek Namibië Nauru Nederland Nepal Nicaragua Nieu-Kaledonië Nieu-Seeland Niger Nigerië Niue Noord-Masedonië Noordelike Mariana-eilande Noorweë Norfolkeiland Oekraïne Oesbekistan Oman Oos-Timor Oostenryk Pakistan Palau Panama Papoea-Nieu-Guinee Paraguay Peru Pitcairneilande Pole Portugal Puerto Rico Republiek Korea Réunion Roemenië Rwanda Salomonseilande Samoa San Marino São Tomé en Príncipe Saoedi-Arabië Senegal Sentraal-Afrikaanse Republiek Serwië Seychelle Sierra Leone Singapoer Sint Batholomeus Sint Helena, Ascension en Tristan da Cunha Sint Maarten (Nederlandse deel) Sint Martin Sint Pierre en Miquelon Sirië Slowakye Slowenië Soedan Somalië Spanje Sri Lanka St. Kitts en Nevis St. Lucia St. Vincent en die Grenadine Staat Palestina Suid-Afrika Suid-Georgië en die Suidelike Sandwicheilande Suid-Sudan Suriname Svalbard en Jan Mayen Swede Switserland Tadjikistan Taiwan Tanzanië Thailand Togo Tokelau Tonga Trinidad en Tobago Tsjad Tsjeggië Tunisië Turkmenistan Turks- en Caicoseilande Turkye Tuvalu Uganda Uruguay Vanuatu Vatikaanstad Venezuela Verenigde Arabiese Emirate Verenigde Koninkryk Verenigde State van Amerika Viëtnam Wallis en Futuna Wes-Sahara Ysland Zambië Zimbabwe Daar is verlangde velde in hierdie vorm gemerk . Hoekom word dit benodig? Hierdie inligting word vereis om te bepaal of jy ouer is as die toegelate digitale ouderdom. Dit is die ouderdom waarna 'n individu toestemming mag gee tot bepalings en voorwaardes asook om hul data wettig te stoor en te verwerk. Elimika Verifiëring van ouderdom en ligging Wat is jou ouderdom? In watter land bly jy? Kies 'n land Afghanistan Åland Eilande Albanië Algerië Amerikaanse Maagde-eilande Amerikaanse Samoa Andorra Angola Anguilla Antarktika Antigua en Barbuda Argentinië Armenië Aruba Australië Azerbeidjan Bahama-eilande Bahrein Bangladesj Barbados Belarus België Belize Benin Bermuda Bhoetan Bolivia (Plurinasionale Staat van) Bonaire, Sint Eustatius en Saba Bosnië-Herzegowina Botswana Bouveteiland Brasilië Britse Indiese Oseaangebied Britse Maagde-eilande Broenei Darussalam Bulgarye Burkina Faso Burundi Chili China Ciprus Colombia Comore-eilande Cookeilande Costa Rica Curaçao Demokratiese Volksrepubliek Korea Denemarke Djiboeti Dominica Dominikaanse Republiek Duitsland Ecuador Egipte Eiland Man Ekwatoriaal-Guinee El Salvador Eritrea Estland Eswatini Ethiopië Falklandeilande Faroër-eilande Federale stede van Rusland Fidji Filippyne Finland Frankryk Frans-Guyana Frans-Polinesië Franse Suidelike en Antarktiese Gebiede Gaboen Gambië Georgië Ghana Gibraltar Grenada Griekeland Groenland Guadeloupe Guam Guatemala Guernsey Guinee Guinee-Bissau Guyana Haïti Heard- en McDonaldeilande Honduras Hongarye Hongkong Ierland Indië Indonesië Irak Islamitiese Republiek Iran Israel Italië Ivoorkus Jamaika Japan Jemen Jersey Jordanië Kaaimanseilande Kaap Verde Kambodja Kameroen Kanada Kasakstan Katar Kenia Kerseiland Kirgisië Kiribati Klein afgeleë eilande van die Verenigde State van Amerika Koeweit Kokoseilande Kongo Kongo (Demokratiese Republiek van die) Kroasië Kuba Laos Lebanon Lesotho Letland Liberië Libië Liechtenstein Litaue Luxemburg Macau Madagaskar Malawi Maledive Maleisië Mali Malta Marokko Marshalleilande Martinique Mauritanië Mauritius Mayotte Meksiko Mianmar Mikronesië Moldowa Monaco Mongolië Montenegro Montserrat Mosambiek Namibië Nauru Nederland Nepal Nicaragua Nieu-Kaledonië Nieu-Seeland Niger Nigerië Niue Noord-Masedonië Noordelike Mariana-eilande Noorweë Norfolkeiland Oekraïne Oesbekistan Oman Oos-Timor Oostenryk Pakistan Palau Panama Papoea-Nieu-Guinee Paraguay Peru Pitcairneilande Pole Portugal Puerto Rico Republiek Korea Réunion Roemenië Rwanda Salomonseilande Samoa San Marino São Tomé en Príncipe Saoedi-Arabië Senegal Sentraal-Afrikaanse Republiek Serwië Seychelle Sierra Leone Singapoer Sint Batholomeus Sint Helena, Ascension en Tristan da Cunha Sint Maarten (Nederlandse deel) Sint Martin Sint Pierre en Miquelon Sirië Slowakye Slowenië Soedan Somalië Spanje Sri Lanka St. Kitts en Nevis St. Lucia St. Vincent en die Grenadine Staat Palestina Suid-Afrika Suid-Georgië en die Suidelike Sandwicheilande Suid-Sudan Suriname Svalbard en Jan Mayen Swede Switserland Tadjikistan Taiwan Tanzanië Thailand Togo Tokelau Tonga Trinidad en Tobago Tsjad Tsjeggië Tunisië Turkmenistan Turks- en Caicoseilande Turkye Tuvalu Uganda Uruguay Vanuatu Vatikaanstad Venezuela Verenigde Arabiese Emirate Verenigde Koninkryk Verenigde State van Amerika Viëtnam Wallis en Futuna Wes-Sahara Ysland Zambië Zimbabwe Daar is verlangde velde in hierdie vorm gemerk . Hoekom word dit benodig? Hierdie inligting word vereis om te bepaal of jy ouer is as die toegelate digitale ouderdom. Dit is die ouderdom waarna 'n individu toestemming mag gee tot bepalings en voorwaardes asook om hul data wettig te stoor en te verwerk. Elimika Platform | Kenya Education Cloud | Unlimited Learning Experinces Slaan oor na hoof inhoud Elimika Verifiëring van ouderdom en ligging Wat is jou ouderdom? In watter land bly jy? Kies 'n land Afghanistan Åland Eilande Albanië Algerië Amerikaanse Maagde-eilande Amerikaanse Samoa Andorra Angola Anguilla Antarktika Antigua en Barbuda Argentinië Armenië Aruba Australië Azerbeidjan Bahama-eilande Bahrein Bangladesj Barbados Belarus België Belize Benin Bermuda Bhoetan Bolivia (Plurinasionale Staat van) Bonaire, Sint Eustatius en Saba Bosnië-Herzegowina Botswana Bouveteiland Brasilië Britse Indiese Oseaangebied Britse Maagde-eilande Broenei Darussalam Bulgarye Burkina Faso Burundi Chili China Ciprus Colombia Comore-eilande Cookeilande Costa Rica Curaçao Demokratiese Volksrepubliek Korea Denemarke Djiboeti Dominica Dominikaanse Republiek Duitsland Ecuador Egipte Eiland Man Ekwatoriaal-Guinee El Salvador Eritrea Estland Eswatini Ethiopië Falklandeilande Faroër-eilande Federale stede van Rusland Fidji Filippyne Finland Frankryk Frans-Guyana Frans-Polinesië Franse Suidelike en Antarktiese Gebiede Gaboen Gambië Georgië Ghana Gibraltar Grenada Griekeland Groenland Guadeloupe Guam Guatemala Guernsey Guinee Guinee-Bissau Guyana Haïti Heard- en McDonaldeilande Honduras Hongarye Hongkong Ierland Indië Indonesië Irak Islamitiese Republiek Iran Israel Italië Ivoorkus Jamaika Japan Jemen Jersey Jordanië Kaaimanseilande Kaap Verde Kambodja Kameroen Kanada Kasakstan Katar Kenia Kerseiland Kirgisië Kiribati Klein afgeleë eilande van die Verenigde State van Amerika Koeweit Kokoseilande Kongo Kongo (Demokratiese Republiek van die) Kroasië Kuba Laos Lebanon Lesotho Letland Liberië Libië Liechtenstein Litaue Luxemburg Macau Madagaskar Malawi Maledive Maleisië Mali Malta Marokko Marshalleilande Martinique Mauritanië Mauritius Mayotte Meksiko Mianmar Mikronesië Moldowa Monaco Mongolië Montenegro Montserrat Mosambiek Namibië Nauru Nederland Nepal Nicaragua Nieu-Kaledonië Nieu-Seeland Niger Nigerië Niue Noord-Masedonië Noordelike Mariana-eilande Noorweë Norfolkeiland Oekraïne Oesbekistan Oman Oos-Timor Oostenryk Pakistan Palau Panama Papoea-Nieu-Guinee Paraguay Peru Pitcairneilande Pole Portugal Puerto Rico Republiek Korea Réunion Roemenië Rwanda Salomonseilande Samoa San Marino São Tomé en Príncipe Saoedi-Arabië Senegal Sentraal-Afrikaanse Republiek Serwië Seychelle Sierra Leone Singapoer Sint Batholomeus Sint Helena, Ascension en Tristan da Cunha Sint Maarten (Nederlandse deel) Sint Martin Sint Pierre en Miquelon Sirië Slowakye Slowenië Soedan Somalië Spanje Sri Lanka St. Kitts en Nevis St. Lucia St. Vincent en die Grenadine Staat Palestina Suid-Afrika Suid-Georgië en die Suidelike Sandwicheilande Suid-Sudan Suriname Svalbard en Jan Mayen Swede Switserland Tadjikistan Taiwan Tanzanië Thailand Togo Tokelau Tonga Trinidad en Tobago Tsjad Tsjeggië Tunisië Turkmenistan Turks- en Caicoseilande Turkye Tuvalu Uganda Uruguay Vanuatu Vatikaanstad Venezuela Verenigde Arabiese Emirate Verenigde Koninkryk Verenigde State van Amerika Viëtnam Wallis en Futuna Wes-Sahara Ysland Zambië Zimbabwe Daar is verlangde velde in hierdie vorm gemerk . Hoekom word dit benodig? Hierdie inligting word vereis om te bepaal of jy ouer is as die toegelate digitale ouderdom. Dit is die ouderdom waarna 'n individu toestemming mag gee tot bepalings en voorwaardes asook om hul data wettig te stoor en te verwerk. Jy is nie in geteken nie. (Teken in) Tuisblad","['computer', 'art', 'religious_education']",unknown,unknown,[],2025-09-08T00:49:21.918822,unknown,,,,
https://lms.kec.ac.ke/course/index.php?categoryid=92,Grade 4,"Kenya Education Cloud is your ultimate digital learning hub, providing access to curated e-learning resources, educational tools, and innovative content for students, teachers, and institutions.","Grade 4 Home Lessons Primary Education Grade 4 Lesson categories: Pre-Primary Pre-Primary / Radio Lessons Pre-Primary / Educhannel Video Lessons Pre-Primary / Educhannel Video Lessons / Language Activities Pre-Primary / Educhannel Video Lessons / Mathematics Pre-Primary / Educhannel Video Lessons / Our School Pre-Primary / Educhannel Video Lessons / Picture Making Pre-Primary / Educhannel Video Lessons / Social Environment Pre-Primary / Educhannel Video Lessons / Pre-Primary 1 Pre-Primary / Educhannel Video Lessons / Pre-Primary 2 Pre-Primary / Interactive digital Content Pre-Primary / Ebooks Primary Education Primary Education / Grade 1 Primary Education / Grade 1 / Educhannel TV Lessons Primary Education / Grade 1 / Educhannel TV Lessons / English Primary Education / Grade 1 / Educhannel TV Lessons / Mathematics Primary Education / Grade 1 / Educhannel TV Lessons / Kiswahili Primary Education / Grade 1 / Educhannel TV Lessons / Kenya Sign Language(KSL) Primary Education / Grade 1 / Educhannel TV Lessons / Hygiene and nutrition Primary Education / Grade 1 / Educhannel TV Lessons / Environmental Activities Primary Education / Grade 1 / Interactive Digital Content Primary Education / Grade 1 / Radio Lessons Primary Education / Grade 1 / Radio Lessons / Mathematics Primary Education / Grade 1 / Radio Lessons / Mathematics / Grade 1 Term 2 Primary Education / Grade 1 / Radio Lessons / Mathematics / Grade 1 Term 3 Primary Education / Grade 1 / Radio Lessons / Kiswahili Primary Education / Grade 1 / Radio Lessons / Kiswahili / Grade 1 Term 2 Primary Education / Grade 1 / Radio Lessons / Kiswahili / Grade 1 Term 3 Primary Education / Grade 1 / Radio Lessons / English Primary Education / Grade 1 / Radio Lessons / English / Grade 1 Term 2 Primary Education / Grade 1 / Radio Lessons / English / Grade 1 Term 3 Primary Education / Grade 1 / Ebooks Primary Education / Grade 1 / Ebooks / Tusome readers Primary Education / Grade 1 / Ebooks / Indigenous Languages Primary Education / Grade 2 Primary Education / Grade 2 / Interactive Digital Content Primary Education / Grade 2 / Educhannel Tv Lessons Primary Education / Grade 2 / Educhannel Tv Lessons / Mathematics Primary Education / Grade 2 / Educhannel Tv Lessons / English Primary Education / Grade 2 / Radio Lessons Primary Education / Grade 2 / Radio Lessons / Mathematics Primary Education / Grade 2 / Radio Lessons / Mathematics / Grade 2 Term 2 Primary Education / Grade 2 / Radio Lessons / English Primary Education / Grade 2 / Radio Lessons / English / Grade 2 Term 2 Primary Education / Grade 2 / Radio Lessons / English / Grade 2 Term 3 Primary Education / Grade 2 / Radio Lessons / Kiswahili Primary Education / Grade 2 / Radio Lessons / Kiswahili / Grade 2 Term 3 Primary Education / Grade 2 / Hygiene and Nutrition Primary Education / Grade 2 / Hygiene and Nutrition / Grade 2 Term 2 Primary Education / Grade 2 / E-books Primary Education / Grade 2 / E-books / Tusome Readers Primary Education / Grade 3 Primary Education / Grade 3 / Radio Lessons Primary Education / Grade 3 / Radio Lessons / Mathematics Primary Education / Grade 3 / Radio Lessons / Mathematics / Grade 3 Term 2 Primary Education / Grade 3 / Radio Lessons / Mathematics / Grade 3 Term 3 Primary Education / Grade 3 / Radio Lessons / English Primary Education / Grade 3 / Radio Lessons / English / Grade 3 Term 2 Primary Education / Grade 3 / Radio Lessons / English / Grade 3 Term 3 Primary Education / Grade 3 / Radio Lessons / Environmental Activities Primary Education / Grade 3 / Radio Lessons / Environmental Activities / Grade 3 Term 2 Primary Education / Grade 3 / Radio Lessons / Kiswahili Primary Education / Grade 3 / Radio Lessons / Kiswahili / Grade 3 Term 3 Primary Education / Grade 3 / Educhannel TV Lessons Primary Education / Grade 3 / Educhannel TV Lessons / Mathematics Primary Education / Grade 3 / Educhannel TV Lessons / English Primary Education / Grade 3 / Educhannel TV Lessons / Kiswahili Primary Education / Grade 3 / Educhannel TV Lessons / Hygiene and Nutrition Primary Education / Grade 3 / Educhannel TV Lessons / Environmental Activities Primary Education / Grade 3 / Interactive Digital Content Primary Education / Grade 3 / EBooks Primary Education / Grade 3 / Tusome English Video Lessons Primary Education / Grade 3 / Tusome English Video Lessons / Tusome English Grade 3 Lessons Primary Education / Grade 4 Primary Education / Grade 4 / Educhannel Tv Lessons Primary Education / Grade 4 / Educhannel Tv Lessons / Home Science Primary Education / Grade 4 / Educhannel Tv Lessons / Agriculture Primary Education / Grade 4 / Educhannel Tv Lessons / Music Primary Education / Grade 4 / Educhannel Tv Lessons / Physical Education Primary Education / Grade 4 / Educhannel Tv Lessons / Art and Craft Primary Education / Grade 4 / Educhannel Tv Lessons / Kenya Sign Language Primary Education / Grade 4 / Educhannel Tv Lessons / Mathematics Primary Education / Grade 4 / Educhannel Tv Lessons / Science and Technology Primary Education / Grade 4 / Educhannel Tv Lessons / Social Studies Primary Education / Grade 4 / Educhannel Tv Lessons / English Primary Education / Grade 4 / Educhannel Tv Lessons / Kiswahili Primary Education / Grade 4 / Educhannel Tv Lessons / Environmental Activity Primary Education / Grade 4 / Radio lessons Primary Education / Grade 4 / Radio lessons / Social Studies Primary Education / Grade 4 / Radio lessons / Social Studies / Grade 4 Term 2 Primary Education / Grade 4 / Radio lessons / Social Studies / Grade 4 Term 3 Primary Education / Grade 4 / Radio lessons / CRE Primary Education / Grade 4 / Radio lessons / CRE / Grade 4 Term 2 Primary Education / Grade 4 / Radio lessons / English Primary Education / Grade 4 / Radio lessons / English / Grade 4 Term 2 Primary Education / Grade 4 / Radio lessons / English / Grade 4 Term 3 Primary Education / Grade 4 / Radio lessons / Hygiene and Nutrition Primary Education / Grade 4 / Radio lessons / Hygiene and Nutrition / Grade 4 Term 1 Primary Education / Grade 4 / Radio lessons / IRE Primary Education / Grade 4 / Radio lessons / IRE / Grade 4 Term 2 Primary Education / Grade 4 / Radio lessons / Science and Technology Primary Education / Grade 4 / Radio lessons / Science and Technology / Grade 4 Term 3 Primary Education / Grade 4 / Radio lessons / Agriculture Primary Education / Grade 4 / Radio lessons / Agriculture / Grade 4 Term 3 Primary Education / Grade 4 / Radio lessons / Mathematics Primary Education / Grade 4 / Radio lessons / Mathematics / Grade 4 Term 3 Primary Education / Grade 4 / SNE Primary Education / Grade 4 / Interactive Digital Content Primary Education / Grade 5 Primary Education / Grade 5 / Educhannel Tv Lessons Primary Education / Grade 5 / Educhannel Tv Lessons / English Primary Education / Grade 5 / Educhannel Tv Lessons / Kiswahili Primary Education / Grade 5 / Educhannel Tv Lessons / Mathematics Primary Education / Grade 5 / Radio Lessons Primary Education / Grade 5 / Radio Lessons / English Primary Education / Grade 5 / Radio Lessons / Science and Technology Primary Education / Grade 5 / Radio Lessons / Agriculture Primary Education / Grade 5 / Radio Lessons / Social studies Primary Education / Grade 5 / Radio Lessons / Christian Religious Education Primary Education / Grade 5 / Radio Lessons / Mathematics Primary Education / Grade 5 / Interactive Digital Content Primary Education / Grade 6 Primary Education / Grade 6 / Radio Lessons Primary Education / Grade 6 / Radio Lessons / CRE Primary Education / Grade 6 / Radio Lessons / Social Studies Primary Education / Grade 6 / Radio Lessons / Science Primary Education / Grade 6 / Radio Lessons / Kiswahili Primary Education / Grade 6 / Radio Lessons / English Primary Education / Grade 6 / Radio Lessons / Mathematics Primary Education / Grade 6 / Educhannel TV Lessons Primary Education / Grade 6 / Educhannel TV Lessons / Kiswahili Primary Education / Grade 6 / Educhannel TV Lessons / Agriculture Primary Education / Grade 6 / Educhannel TV Lessons / Art and Craft Primary Education / Grade 6 / Educhannel TV Lessons / English Primary Education / Grade 6 / Educhannel TV Lessons / Home Science Primary Education / Grade 6 / Educhannel TV Lessons / Music Primary Education / Grade 6 / Educhannel TV Lessons / Science and technology Primary Education / Grade 6 / Educhannel TV Lessons / Physical health education Primary Education / Grade 6 / Interactive Digital Content Junior School Junior School / Grade 8 Junior School / Grade 8 / Educhannel Tv Lessons Junior School / Grade 8 / Radio Lessons Junior School / Grade 8 / Interactive Digital Content Junior School / Grade 7 Junior School / Grade 7 / Educhannel TV lessons Junior School / Grade 7 / Radio Lessons Junior School / Grade 7 / Radio Lessons / Mathematics Junior School / Grade 7 / Radio Lessons / Kiswahili Junior School / Grade 7 / Radio Lessons / English Junior School / Grade 7 / Radio Lessons / Christian Religious Education Junior School / Grade 7 / Radio Lessons / Integrated Science Junior School / Grade 7 / Radio Lessons / Social Studies Junior School / Grade 7 / Radio Lessons / Pre-Technical Studies Junior School / Grade 7 / Interactive Digital Content Secondary Education Secondary Education / Form 1 Secondary Education / Form 1 / Interactive Digital Content Secondary Education / Form 1 / Educhannel Tv Lessons Secondary Education / Form 1 / Educhannel Tv Lessons / Mathematics Secondary Education / Form 1 / Educhannel Tv Lessons / English Secondary Education / Form 1 / Educhannel Tv Lessons / Physics Secondary Education / Form 1 / Educhannel Tv Lessons / Biology Secondary Education / Form 1 / Educhannel Tv Lessons / Chemistry Secondary Education / Form 1 / Educhannel Tv Lessons / Kiswahili Secondary Education / Form 1 / Educhannel Tv Lessons / History and Government Secondary Education / Form 1 / Educhannel Tv Lessons / Business Studies Secondary Education / Form 1 / Radio Lessons Secondary Education / Form 1 / Ebooks Secondary Education / Form 2 Secondary Education / Form 2 / Interactive Digital Content Secondary Education / Form 2 / Educhannel Tv Lessons Secondary Education / Form 2 / Educhannel Tv Lessons / Physics Secondary Education / Form 2 / Radio Lessons Secondary Education / Form 2 / Radio Lessons / Biology Secondary Education / Form 3 Secondary Education / Form 3 / Interactive Digital Content Secondary Education / Form 3 / Educhannel Tv Lessons Secondary Education / Form 3 / Educhannel Tv Lessons / Mathematics Secondary Education / Form 3 / Educhannel Tv Lessons / English Secondary Education / Form 3 / Educhannel Tv Lessons / Kiswahili Secondary Education / Form 3 / Educhannel Tv Lessons / Biology Secondary Education / Form 3 / Educhannel Tv Lessons / Chemistry Secondary Education / Form 3 / Educhannel Tv Lessons / Physics Secondary Education / Form 3 / Educhannel Tv Lessons / Business Studies Secondary Education / Form 3 / Educhannel Tv Lessons / History and Government Secondary Education / Form 3 / Radio Lessons Secondary Education / Form 4 Secondary Education / Form 4 / Interactive Digital Content Secondary Education / Form 4 / Educhannel Tv Lessons Secondary Education / Form 4 / Educhannel Tv Lessons / Form 4 Mathematics Secondary Education / Form 4 / Educhannel Tv Lessons / Form 4 English Secondary Education / Form 4 / Educhannel Tv Lessons / Form 4 Physics Secondary Education / Form 4 / Educhannel Tv Lessons / Form 4 Biology Secondary Education / Form 4 / Educhannel Tv Lessons / Form 4 Kiswahili Secondary Education / Form 4 / Educhannel Tv Lessons / Form 4 Chemistry Secondary Education / Form 4 / Educhannel Tv Lessons / Form 4 History and Government Secondary Education / Form 4 / Educhannel Tv Lessons / Form 4 Business Studies Secondary Education / Form 4 / Radio Lessons Secondary Education / Form 4 / Radio Lessons / Mathematics Secondary Education / Form 4 / Radio Lessons / Mathematics / Form 4 Term 1 Secondary Education / Form 4 / Radio Lessons / Mathematics / Form 4 Term 2 Secondary Education / Form 4 / Radio Lessons / Mathematics / Form 4 Term 3 General Knowledge General Knowledge / VOA Connect General Knowledge / Ask the expert General Knowledge / Citizenship and Democracy General Knowledge / Digital Story General Knowledge / Impacted Educhannel Lessons Educhannel Lessons / English Educhannel Lessons / English / Transport and travel Educhannel Lessons / English / Pronunciation skills Educhannel Lessons / English / Listening and speaking Educhannel Lessons / English / Family Educhannel Lessons / English / Environment Educhannel Lessons / English / Drug and Substance Educhannel Lessons / Agriculture Educhannel Lessons / Biology Educhannel Lessons / Biology / Living Things Educhannel Lessons / Biology / Secretion and homeostasis Educhannel Lessons / Biology / Support and movement Educhannel Lessons / Business Studies Educhannel Lessons / Chemistry Educhannel Lessons / Earth Movement and Volcanicity Educhannel Lessons / Environmental Activities Educhannel Lessons / Geograpghy Educhannel Lessons / History Educhannel Lessons / History / Kenyan History Educhannel Lessons / Homescience Educhannel Lessons / Homescience / Basic care clothing Educhannel Lessons / Kiswahili Educhannel Lessons / Kiswahili / Primary Educhannel Lessons / Kiswahili / Primary / Darasa 4-5 Educhannel Lessons / Kiswahili / Secondary Educhannel Lessons / Kiswahili / Secondary / Isimu Jamii Educhannel Lessons / Kiswahili / Secondary / Sarufi Educhannel Lessons / Mathematics Educhannel Lessons / Mathematics / Secondary Educhannel Lessons / Mathematics / Secondary / Commercial Arithmetics Educhannel Lessons / Mathematics / Primary Educhannel Lessons / Mathematics / Primary / Class 5-8 Educhannel Lessons / Mathematics / Primary / Class 5-8 / Practical uses of Money Educhannel Lessons / Mathematics / Primary / Class 5-8 / Measurement Educhannel Lessons / Organic Chemistry Educhannel Lessons / Performing Music Educhannel Lessons / Homescience Educhannel Lessons / Homescience / Basic care of clothing Educhannel Lessons / Art and Craft Educhannel Lessons / Physics Educhannel Lessons / Physics / Thermodynamics Educhannel Lessons / Physics / Mechanics Educhannel Lessons / Physics / Electricity and Magnetism Educhannel Lessons / The Doyen Exposition Educhannel Lessons / Science Educhannel Lessons / Science / Making work easier Educhannel Lessons / Science / Living Things Educhannel Lessons / Science / Energy conservation Educhannel Lessons / Physical and Health Education Educhannel Lessons / Physical and Health Education / Grade 1-4 Open Education Resourses(OERs) Open Education Resourses(OERs) / Movement and Creative Activities Open Education Resourses(OERs) / 	Religious Education Activities Open Education Resourses(OERs) / Mathematical Activities Open Education Resourses(OERs) / Environmental Activities Open Education Resourses(OERs) / Kiswahili Language Open Education Resourses(OERs) / LTK | Concordia University Open Education Resourses(OERs) / Hygiene and Nutrition Open Education Resourses(OERs) / ENGLISH LANGUAGE ACTIVITIES Open Education Resourses(OERs) / Casio Materials Open Education Resourses(OERs) / Health Education Open Education Resourses(OERs) / Carbon Literacy Special Needs Education Special Needs Education / Grade 1 Special Needs Education / Grade 1 / Adapted Interactive Digital Content for Hearing Impaired(HI) Special Needs Education / Grade 1 / Adapted Interactive Digital Content for Hearing Impaired(HI) / English Activities Special Needs Education / Grade 1 / Adapted Interactive Digital Content for Hearing Impaired(HI) / Environmental Activities Special Needs Education / Grade 1 / Adapted Interactive Digital Content for Hearing Impaired(HI) / Creative Activities Special Needs Education / Grade 1 / Adapted Interactive Digital Content for Visual Impaired(VI) Special Needs Education / Grade 2 Special Needs Education / Grade 2 / Adapted Interactive Digital Content for Hearing Impaired(HI) Special Needs Education / Grade 2 / Adapted Interactive Digital Content for Hearing Impaired(HI) / Mathematics Grade 2 Special Needs Education / Grade 2 / Adapted Interactive Digital Content for Hearing Impaired(HI) / Environmental Activities Grade 2 Special Needs Education / Grade 2 / Adapted Interactive Digital Content for Hearing Impaired(HI) / Hygiene and Nutrition Grade 2 Special Needs Education / Grade 2 / Adapted Interactive Digital Content for Hearing Impaired(HI) / Christian Religious Education Grade 2 (HI) Special Needs Education / Grade 2 / Adapted Interactive Digital Content for Hearing Impaired(HI) / Literacy Activities Grade2 (HI) Special Needs Education / Grade 2 / Adapted Interactive Digital Content for Hearing Impaired(HI) / English Activities Grad2 H.I Special Needs Education / Grade 2 / Adapted Interactive Digital Content for Hearing Impaired(HI) / Creative Activities Grade2 -H.I Special Needs Education / Grade 2 / Adapted Interactive Digital Content for Visual Impaired(VI) Special Needs Education / Grade 2 / Adapted Interactive Digital Content for Visual Impaired(VI) / Mathematics Special Needs Education / Grade 2 / Adapted Interactive Digital Content for Visual Impaired(VI) / Kiswahili Special Needs Education / Grade 2 / Adapted Interactive Digital Content for Visual Impaired(VI) / English Special Needs Education / Grade 2 / Adapted Interactive Digital Content for Visual Impaired(VI) / Creative Activities Special Needs Education / Grade 2 / Adapted Interactive Digital Content for Visual Impaired(VI) / CRE Special Needs Education / Grade 3 Special Needs Education / Grade 3 / Adapted Interactive Digital Content for Learners with Hearing Impairment (HI) Special Needs Education / Grade 3 / Adapted Interactive Digital Content for Learners with Hearing Impairment (HI) / Visual Arts Special Needs Education / Grade 3 / Adapted Interactive Digital Content for Learners with Hearing Impairment (HI) / English Special Needs Education / Grade 3 / Adapted Interactive Digital Content for Learners with Hearing Impairment (HI) / Hygiene and Nutrition Special Needs Education / Grade 3 / Adapted Interactive Digital Content for Learners with Hearing Impairment (HI) / Music Special Needs Education / Grade 3 / Adapted Interactive Digital Content for Learners with Hearing Impairment (HI) / Mathematics Special Needs Education / Grade 3 / Adapted Interactive Digital Content for Learners with Hearing Impairment (HI) / Environmental Special Needs Education / Grade 3 / Adapted Interactive Digital Content for Learners with Hearing Impairment (HI) / CRE Special Needs Education / Grade 3 / Adapted Interactive Digital Content for Learners with Visual Impairment (VI) Special Needs Education / Grade 3 / Adapted Interactive Digital Content for Learners with Visual Impairment (VI) / Music Special Needs Education / Grade 3 / Adapted Interactive Digital Content for Learners with Visual Impairment (VI) / Mathematics Special Needs Education / Grade 3 / Adapted Interactive Digital Content for Learners with Visual Impairment (VI) / Visual Arts Special Needs Education / Grade 3 / Adapted Interactive Digital Content for Learners with Visual Impairment (VI) / Kiswahili Special Needs Education / Grade 3 / Adapted Interactive Digital Content for Learners with Visual Impairment (VI) / Hygiene and Nutrition Special Needs Education / Grade 3 / Adapted Interactive Digital Content for Learners with Visual Impairment (VI) / Environmental Special Needs Education / Grade 3 / Adapted Interactive Digital Content for Learners with Visual Impairment (VI) / English Special Needs Education / Grade 3 / Adapted Interactive Digital Content for Learners with Visual Impairment (VI) / CRE Special Needs Education / Grade 4 Special Needs Education / Grade 4 / Adapted Interactive Digital Content for Learners with Hearing Impairment (HI) Special Needs Education / Grade 4 / Adapted Interactive Digital Content for Learners with Hearing Impairment (HI) / Mathematics Special Needs Education / Grade 4 / Adapted Interactive Digital Content for Learners with Hearing Impairment (HI) / English Special Needs Education / Grade 4 / Adapted Interactive Digital Content for Learners with Hearing Impairment (HI) / Science and Technology Special Needs Education / Grade 4 / Adapted Interactive Digital Content for Learners with Hearing Impairment (HI) / Agriculture Special Needs Education / Grade 4 / Adapted Interactive Digital Content for Learners with Hearing Impairment (HI) / Social Studies Special Needs Education / Grade 4 / Adapted Interactive Digital Content for Learners with Hearing Impairment (HI) / Home Science Special Needs Education / Grade 4 / Adapted Interactive Digital Content for Learners with Hearing Impairment (HI) / Art and Craft Special Needs Education / Grade 4 / Adapted Interactive Digital Content for Learners with Hearing Impairment (HI) / Music Special Needs Education / Grade 4 / Adapted Interactive Digital Content for Learners with Hearing Impairment (HI) / Christian Religious Education (CRE) Special Needs Education / Grade 4 / Adapted Interactive Digital Content for Learners with Visual Impairment (VI) Special Needs Education / Grade 4 / Adapted Interactive Digital Content for Learners with Visual Impairment (VI) / Mathematics Special Needs Education / Grade 4 / Adapted Interactive Digital Content for Learners with Visual Impairment (VI) / English Special Needs Education / Grade 4 / Adapted Interactive Digital Content for Learners with Visual Impairment (VI) / Kiswahili Special Needs Education / Grade 4 / Adapted Interactive Digital Content for Learners with Visual Impairment (VI) / Science and Technology Special Needs Education / Grade 4 / Adapted Interactive Digital Content for Learners with Visual Impairment (VI) / Agriculture Special Needs Education / Grade 4 / Adapted Interactive Digital Content for Learners with Visual Impairment (VI) / Social Studies Special Needs Education / Grade 4 / Adapted Interactive Digital Content for Learners with Visual Impairment (VI) / Home Science Special Needs Education / Grade 4 / Adapted Interactive Digital Content for Learners with Visual Impairment (VI) / Art and Craft Special Needs Education / Grade 4 / Adapted Interactive Digital Content for Learners with Visual Impairment (VI) / Christian Religious Education (CRE) Special Needs Education / Grade 4 / Adapted Interactive Digital Content for Learners with Visual Impairment (VI) / Music Special Needs Education / Grade 5 Special Needs Education / Grade 5 / Adapted Interactive Digital Content for Learners with Hearing Impairment (HI) Special Needs Education / Grade 5 / Adapted Interactive Digital Content for Learners with Hearing Impairment (HI) / English Special Needs Education / Grade 5 / Adapted Interactive Digital Content for Learners with Hearing Impairment (HI) / Christian Religious Education Special Needs Education / Grade 5 / Adapted Interactive Digital Content for Learners with Hearing Impairment (HI) / Social Studies Special Needs Education / Grade 5 / Adapted Interactive Digital Content for Learners with Hearing Impairment (HI) / Agriculture and Nutrition Special Needs Education / Grade 5 / Adapted Interactive Digital Content for Learners with Hearing Impairment (HI) / Creative Arts Special Needs Education / Grade 5 / Adapted Interactive Digital Content for Learners with Hearing Impairment (HI) / Mathematics Special Needs Education / Grade 5 / Adapted Interactive Digital Content for Learners with Hearing Impairment (HI) / Science and Technology Special Needs Education / Grade 5 / Adapted Interactive Digital Content for Learners with Hearing Impairment (HI) / Islamic Religious Education Special Needs Education / Grade 5 / Adapted Interactive Digital Content for Learners with Visual Impairment (VI) Special Needs Education / Grade 5 / Adapted Interactive Digital Content for Learners with Visual Impairment (VI) / Creative Arts Special Needs Education / Grade 5 / Adapted Interactive Digital Content for Learners with Visual Impairment (VI) / Social Studies Special Needs Education / Grade 5 / Adapted Interactive Digital Content for Learners with Visual Impairment (VI) / Kiswahili Special Needs Education / Grade 5 / Adapted Interactive Digital Content for Learners with Visual Impairment (VI) / Christian Religious Education Special Needs Education / Grade 5 / Adapted Interactive Digital Content for Learners with Visual Impairment (VI) / Science and Technology Special Needs Education / Grade 5 / Adapted Interactive Digital Content for Learners with Visual Impairment (VI) / Agriculture and Nutrition Special Needs Education / Grade 5 / Adapted Interactive Digital Content for Learners with Visual Impairment (VI) / Islamic Religious Education Special Needs Education / Grade 5 / Adapted Interactive Digital Content for Learners with Visual Impairment (VI) / Mathematics Special Needs Education / Grade 5 / Adapted Interactive Digital Content for Learners with Visual Impairment (VI) / English Special Needs Education / Grade 6 Special Needs Education / Grade 6 / Adapted Interactive Digital Content for Learners with Hearing Impairment (HI) Special Needs Education / Grade 6 / Adapted Interactive Digital Content for Learners with Hearing Impairment (HI) / Science and Technology Special Needs Education / Grade 6 / Adapted Interactive Digital Content for Learners with Hearing Impairment (HI) / Christian Religious Education Special Needs Education / Grade 6 / Adapted Interactive Digital Content for Learners with Hearing Impairment (HI) / Creative Arts Special Needs Education / Grade 6 / Adapted Interactive Digital Content for Learners with Hearing Impairment (HI) / Islamic Religious Education Special Needs Education / Grade 6 / Adapted Interactive Digital Content for Learners with Hearing Impairment (HI) / English Special Needs Education / Grade 6 / Adapted Interactive Digital Content for Learners with Hearing Impairment (HI) / Social Studies Special Needs Education / Grade 6 / Adapted Interactive Digital Content for Learners with Hearing Impairment (HI) / Agriculture Special Needs Education / Grade 6 / Adapted Interactive Digital Content for Learners with Hearing Impairment (HI) / Mathematics Special Needs Education / Grade 6 / Adapted Interactive Digital Content for Learners with Visual Impairment (VI) Special Needs Education / Grade 6 / Adapted Interactive Digital Content for Learners with Visual Impairment (VI) / Christian Religious Education Special Needs Education / Grade 6 / Adapted Interactive Digital Content for Learners with Visual Impairment (VI) / Kiswahili Special Needs Education / Grade 6 / Adapted Interactive Digital Content for Learners with Visual Impairment (VI) / English Special Needs Education / Grade 6 / Adapted Interactive Digital Content for Learners with Visual Impairment (VI) / Creative Arts Special Needs Education / Grade 6 / Adapted Interactive Digital Content for Learners with Visual Impairment (VI) / Mathematics Special Needs Education / Grade 6 / Adapted Interactive Digital Content for Learners with Visual Impairment (VI) / Science and Technology Special Needs Education / Grade 6 / Adapted Interactive Digital Content for Learners with Visual Impairment (VI) / Islamic Religious Education Special Needs Education / Grade 6 / Adapted Interactive Digital Content for Learners with Visual Impairment (VI) / Social Studies Special Needs Education / Grade 6 / Adapted Interactive Digital Content for Learners with Visual Impairment (VI) / Agriculture and Nutrition Special Needs Education / Ebooks Special Needs Education / Videos Special Needs Education / Foundational and Stage-Based Special Needs Education / Prevocational Level Special Needs Education / Prevocational Level / Music Special Needs Education / Prevocational Level / Hindu Religious Education Special Needs Education / Prevocational Level / Christian Religious Education Special Needs Education / Prevocational Level / Physical Education Special Needs Education / Prevocational Level / Islamic Religious Education Special Needs Education / Prevocational Level / Social Studies Special Needs Education / Prevocational Level / Prevocational Skills 1 Special Needs Education / Prevocational Level / Prevocational Skills 2 Special Needs Education / Prevocational Level / Prevocational Skills 3 Accessible Digital Textbooks Interactive Simulations for Sciences and Mathematics Interactive Simulations for Sciences and Mathematics / Physics Interactive Simulations for Sciences and Mathematics / Chemistry Interactive Simulations for Sciences and Mathematics / Mathematics Information, Education and Communication(IEC) Materials Information, Education and Communication(IEC) Materials / Child Online Safety Information, Education and Communication(IEC) Materials / Child Road Safety Information, Education and Communication(IEC) Materials / Child Road Safety / Integration Matrices Information, Education and Communication(IEC) Materials / Child Road Safety / Integration Matrices / Early Years Education Information, Education and Communication(IEC) Materials / Child Road Safety / Integration Matrices / Upper Primary Information, Education and Communication(IEC) Materials / Child Road Safety / Integration Matrices / Junior School Information, Education and Communication(IEC) Materials / Child Road Safety / Integration Matrices / Senior School Information, Education and Communication(IEC) Materials / Child Road Safety / Information, Education and Communication(IEC) Materials on Child Road Safety Information, Education and Communication(IEC) Materials / Child Road Safety / Information, Education and Communication(IEC) Materials on Child Road Safety / Early Years Education Information, Education and Communication(IEC) Materials / Child Road Safety / Information, Education and Communication(IEC) Materials on Child Road Safety / Upper Primary Information, Education and Communication(IEC) Materials / Child Road Safety / Information, Education and Communication(IEC) Materials on Child Road Safety / Junior School Information, Education and Communication(IEC) Materials / Child Road Safety / Information, Education and Communication(IEC) Materials on Child Road Safety / Senior School Information, Education and Communication(IEC) Materials / Child Road Safety / Teacher's Handbook Information, Education and Communication(IEC) Materials / Financial Literacy Learners’ Toolkit Teacher Resources Teacher Resources / Educational Resources Materials Development Teacher Resources / Educational Resources Materials Development / CRE Teacher Resources / Educational Resources Materials Development / English Teacher Resources / Educational Resources Materials Development / Environment Teacher Resources / Educational Resources Materials Development / Foundations Teacher Resources / Educational Resources Materials Development / H.R.E Teacher Resources / Educational Resources Materials Development / Hygiene and Nutrition Teacher Resources / Educational Resources Materials Development / I.R.E Teacher Resources / Educational Resources Materials Development / Kiswahili Teacher Resources / Educational Resources Materials Development / Language Activities Teacher Resources / Educational Resources Materials Development / Literacy Skills Teacher Resources / Educational Resources Materials Development / Mathematics Teacher Resources / Educational Resources Materials Development / Movements and Arts Teacher Resources / Pre-Primary Teacher Radio Programmes Teacher Resources / CBC Courses Teacher Resources / Special Needs Educations Teacher Resources / Interactive Digital Content for Teacher Education Teacher Resources / Interactive Digital Content for Teacher Education / English Teacher Resources / Interactive Digital Content for Teacher Education / Music Teacher Resources / Interactive Digital Content for Teacher Education / Christian Religious Education Teacher Resources / Interactive Digital Content for Teacher Education / Art and Craft Teacher Resources / Interactive Digital Content for Teacher Education / Indigenous Languages Teacher Resources / Interactive Digital Content for Teacher Education / Home science Teacher Resources / Interactive Digital Content for Teacher Education / Science and Technology Teacher Resources / Interactive Digital Content for Teacher Education / Islamic Religious Education Teacher Resources / Interactive Digital Content for Teacher Education / Mandarin Teacher Resources / Interactive Digital Content for Teacher Education / Agriculture Teacher Resources / Interactive Digital Content for Teacher Education / Mathematics Teacher Resources / Interactive Digital Content for Teacher Education / French Teacher Resources / Interactive Digital Content for Teacher Education / Hindu Religious Education Teacher Resources / Interactive Digital Content for Teacher Education / Social Studies Teacher Resources / Interactive Digital Content for Teacher Education / Kiswahili Teacher Resources / Interactive Digital Content for Teacher Education / Physical Education Teacher Resources / Interactive Digital Content for Teacher Education / Arabic Parental Resources Financial Literacy Financial Literacy / Financial Literacy for Junior School Financial Literacy / Financial Literacy for Junior School / Taxation Financial Literacy / Financial Literacy for Senior School Financial Literacy / Financial Literacy for Senior School / Taxation Search lessons Search Expand allEduchannel Tv LessonsRadio lessonsSNEInteractive Digital Content Educhannel Tv LessonsRadio lessonsSNEInteractive Digital Content Digital Content | Kenya Education Cloud | Unlimited Learning Experiences Skip to main content (Login) Grade 4 Home Lessons Primary Education Grade 4 Lesson categories: Pre-Primary Pre-Primary / Radio Lessons Pre-Primary / Educhannel Video Lessons Pre-Primary / Educhannel Video Lessons / Language Activities Pre-Primary / Educhannel Video Lessons / Mathematics Pre-Primary / Educhannel Video Lessons / Our School Pre-Primary / Educhannel Video Lessons / Picture Making Pre-Primary / Educhannel Video Lessons / Social Environment Pre-Primary / Educhannel Video Lessons / Pre-Primary 1 Pre-Primary / Educhannel Video Lessons / Pre-Primary 2 Pre-Primary / Interactive digital Content Pre-Primary / Ebooks Primary Education Primary Education / Grade 1 Primary Education / Grade 1 / Educhannel TV Lessons Primary Education / Grade 1 / Educhannel TV Lessons / English Primary Education / Grade 1 / Educhannel TV Lessons / Mathematics Primary Education / Grade 1 / Educhannel TV Lessons / Kiswahili Primary Education / Grade 1 / Educhannel TV Lessons / Kenya Sign Language(KSL) Primary Education / Grade 1 / Educhannel TV Lessons / Hygiene and nutrition Primary Education / Grade 1 / Educhannel TV Lessons / Environmental Activities Primary Education / Grade 1 / Interactive Digital Content Primary Education / Grade 1 / Radio Lessons Primary Education / Grade 1 / Radio Lessons / Mathematics Primary Education / Grade 1 / Radio Lessons / Mathematics / Grade 1 Term 2 Primary Education / Grade 1 / Radio Lessons / Mathematics / Grade 1 Term 3 Primary Education / Grade 1 / Radio Lessons / Kiswahili Primary Education / Grade 1 / Radio Lessons / Kiswahili / Grade 1 Term 2 Primary Education / Grade 1 / Radio Lessons / Kiswahili / Grade 1 Term 3 Primary Education / Grade 1 / Radio Lessons / English Primary Education / Grade 1 / Radio Lessons / English / Grade 1 Term 2 Primary Education / Grade 1 / Radio Lessons / English / Grade 1 Term 3 Primary Education / Grade 1 / Ebooks Primary Education / Grade 1 / Ebooks / Tusome readers Primary Education / Grade 1 / Ebooks / Indigenous Languages Primary Education / Grade 2 Primary Education / Grade 2 / Interactive Digital Content Primary Education / Grade 2 / Educhannel Tv Lessons Primary Education / Grade 2 / Educhannel Tv Lessons / Mathematics Primary Education / Grade 2 / Educhannel Tv Lessons / English Primary Education / Grade 2 / Radio Lessons Primary Education / Grade 2 / Radio Lessons / Mathematics Primary Education / Grade 2 / Radio Lessons / Mathematics / Grade 2 Term 2 Primary Education / Grade 2 / Radio Lessons / English Primary Education / Grade 2 / Radio Lessons / English / Grade 2 Term 2 Primary Education / Grade 2 / Radio Lessons / English / Grade 2 Term 3 Primary Education / Grade 2 / Radio Lessons / Kiswahili Primary Education / Grade 2 / Radio Lessons / Kiswahili / Grade 2 Term 3 Primary Education / Grade 2 / Hygiene and Nutrition Primary Education / Grade 2 / Hygiene and Nutrition / Grade 2 Term 2 Primary Education / Grade 2 / E-books Primary Education / Grade 2 / E-books / Tusome Readers Primary Education / Grade 3 Primary Education / Grade 3 / Radio Lessons Primary Education / Grade 3 / Radio Lessons / Mathematics Primary Education / Grade 3 / Radio Lessons / Mathematics / Grade 3 Term 2 Primary Education / Grade 3 / Radio Lessons / Mathematics / Grade 3 Term 3 Primary Education / Grade 3 / Radio Lessons / English Primary Education / Grade 3 / Radio Lessons / English / Grade 3 Term 2 Primary Education / Grade 3 / Radio Lessons / English / Grade 3 Term 3 Primary Education / Grade 3 / Radio Lessons / Environmental Activities Primary Education / Grade 3 / Radio Lessons / Environmental Activities / Grade 3 Term 2 Primary Education / Grade 3 / Radio Lessons / Kiswahili Primary Education / Grade 3 / Radio Lessons / Kiswahili / Grade 3 Term 3 Primary Education / Grade 3 / Educhannel TV Lessons Primary Education / Grade 3 / Educhannel TV Lessons / Mathematics Primary Education / Grade 3 / Educhannel TV Lessons / English Primary Education / Grade 3 / Educhannel TV Lessons / Kiswahili Primary Education / Grade 3 / Educhannel TV Lessons / Hygiene and Nutrition Primary Education / Grade 3 / Educhannel TV Lessons / Environmental Activities Primary Education / Grade 3 / Interactive Digital Content Primary Education / Grade 3 / EBooks Primary Education / Grade 3 / Tusome English Video Lessons Primary Education / Grade 3 / Tusome English Video Lessons / Tusome English Grade 3 Lessons Primary Education / Grade 4 Primary Education / Grade 4 / Educhannel Tv Lessons Primary Education / Grade 4 / Educhannel Tv Lessons / Home Science Primary Education / Grade 4 / Educhannel Tv Lessons / Agriculture Primary Education / Grade 4 / Educhannel Tv Lessons / Music Primary Education / Grade 4 / Educhannel Tv Lessons / Physical Education Primary Education / Grade 4 / Educhannel Tv Lessons / Art and Craft Primary Education / Grade 4 / Educhannel Tv Lessons / Kenya Sign Language Primary Education / Grade 4 / Educhannel Tv Lessons / Mathematics Primary Education / Grade 4 / Educhannel Tv Lessons / Science and Technology Primary Education / Grade 4 / Educhannel Tv Lessons / Social Studies Primary Education / Grade 4 / Educhannel Tv Lessons / English Primary Education / Grade 4 / Educhannel Tv Lessons / Kiswahili Primary Education / Grade 4 / Educhannel Tv Lessons / Environmental Activity Primary Education / Grade 4 / Radio lessons Primary Education / Grade 4 / Radio lessons / Social Studies Primary Education / Grade 4 / Radio lessons / Social Studies / Grade 4 Term 2 Primary Education / Grade 4 / Radio lessons / Social Studies / Grade 4 Term 3 Primary Education / Grade 4 / Radio lessons / CRE Primary Education / Grade 4 / Radio lessons / CRE / Grade 4 Term 2 Primary Education / Grade 4 / Radio lessons / English Primary Education / Grade 4 / Radio lessons / English / Grade 4 Term 2 Primary Education / Grade 4 / Radio lessons / English / Grade 4 Term 3 Primary Education / Grade 4 / Radio lessons / Hygiene and Nutrition Primary Education / Grade 4 / Radio lessons / Hygiene and Nutrition / Grade 4 Term 1 Primary Education / Grade 4 / Radio lessons / IRE Primary Education / Grade 4 / Radio lessons / IRE / Grade 4 Term 2 Primary Education / Grade 4 / Radio lessons / Science and Technology Primary Education / Grade 4 / Radio lessons / Science and Technology / Grade 4 Term 3 Primary Education / Grade 4 / Radio lessons / Agriculture Primary Education / Grade 4 / Radio lessons / Agriculture / Grade 4 Term 3 Primary Education / Grade 4 / Radio lessons / Mathematics Primary Education / Grade 4 / Radio lessons / Mathematics / Grade 4 Term 3 Primary Education / Grade 4 / SNE Primary Education / Grade 4 / Interactive Digital Content Primary Education / Grade 5 Primary Education / Grade 5 / Educhannel Tv Lessons Primary Education / Grade 5 / Educhannel Tv Lessons / English Primary Education / Grade 5 / Educhannel Tv Lessons / Kiswahili Primary Education / Grade 5 / Educhannel Tv Lessons / Mathematics Primary Education / Grade 5 / Radio Lessons Primary Education / Grade 5 / Radio Lessons / English Primary Education / Grade 5 / Radio Lessons / Science and Technology Primary Education / Grade 5 / Radio Lessons / Agriculture Primary Education / Grade 5 / Radio Lessons / Social studies Primary Education / Grade 5 / Radio Lessons / Christian Religious Education Primary Education / Grade 5 / Radio Lessons / Mathematics Primary Education / Grade 5 / Interactive Digital Content Primary Education / Grade 6 Primary Education / Grade 6 / Radio Lessons Primary Education / Grade 6 / Radio Lessons / CRE Primary Education / Grade 6 / Radio Lessons / Social Studies Primary Education / Grade 6 / Radio Lessons / Science Primary Education / Grade 6 / Radio Lessons / Kiswahili Primary Education / Grade 6 / Radio Lessons / English Primary Education / Grade 6 / Radio Lessons / Mathematics Primary Education / Grade 6 / Educhannel TV Lessons Primary Education / Grade 6 / Educhannel TV Lessons / Kiswahili Primary Education / Grade 6 / Educhannel TV Lessons / Agriculture Primary Education / Grade 6 / Educhannel TV Lessons / Art and Craft Primary Education / Grade 6 / Educhannel TV Lessons / English Primary Education / Grade 6 / Educhannel TV Lessons / Home Science Primary Education / Grade 6 / Educhannel TV Lessons / Music Primary Education / Grade 6 / Educhannel TV Lessons / Science and technology Primary Education / Grade 6 / Educhannel TV Lessons / Physical health education Primary Education / Grade 6 / Interactive Digital Content Junior School Junior School / Grade 8 Junior School / Grade 8 / Educhannel Tv Lessons Junior School / Grade 8 / Radio Lessons Junior School / Grade 8 / Interactive Digital Content Junior School / Grade 7 Junior School / Grade 7 / Educhannel TV lessons Junior School / Grade 7 / Radio Lessons Junior School / Grade 7 / Radio Lessons / Mathematics Junior School / Grade 7 / Radio Lessons / Kiswahili Junior School / Grade 7 / Radio Lessons / English Junior School / Grade 7 / Radio Lessons / Christian Religious Education Junior School / Grade 7 / Radio Lessons / Integrated Science Junior School / Grade 7 / Radio Lessons / Social Studies Junior School / Grade 7 / Radio Lessons / Pre-Technical Studies Junior School / Grade 7 / Interactive Digital Content Secondary Education Secondary Education / Form 1 Secondary Education / Form 1 / Interactive Digital Content Secondary Education / Form 1 / Educhannel Tv Lessons Secondary Education / Form 1 / Educhannel Tv Lessons / Mathematics Secondary Education / Form 1 / Educhannel Tv Lessons / English Secondary Education / Form 1 / Educhannel Tv Lessons / Physics Secondary Education / Form 1 / Educhannel Tv Lessons / Biology Secondary Education / Form 1 / Educhannel Tv Lessons / Chemistry Secondary Education / Form 1 / Educhannel Tv Lessons / Kiswahili Secondary Education / Form 1 / Educhannel Tv Lessons / History and Government Secondary Education / Form 1 / Educhannel Tv Lessons / Business Studies Secondary Education / Form 1 / Radio Lessons Secondary Education / Form 1 / Ebooks Secondary Education / Form 2 Secondary Education / Form 2 / Interactive Digital Content Secondary Education / Form 2 / Educhannel Tv Lessons Secondary Education / Form 2 / Educhannel Tv Lessons / Physics Secondary Education / Form 2 / Radio Lessons Secondary Education / Form 2 / Radio Lessons / Biology Secondary Education / Form 3 Secondary Education / Form 3 / Interactive Digital Content Secondary Education / Form 3 / Educhannel Tv Lessons Secondary Education / Form 3 / Educhannel Tv Lessons / Mathematics Secondary Education / Form 3 / Educhannel Tv Lessons / English Secondary Education / Form 3 / Educhannel Tv Lessons / Kiswahili Secondary Education / Form 3 / Educhannel Tv Lessons / Biology Secondary Education / Form 3 / Educhannel Tv Lessons / Chemistry Secondary Education / Form 3 / Educhannel Tv Lessons / Physics Secondary Education / Form 3 / Educhannel Tv Lessons / Business Studies Secondary Education / Form 3 / Educhannel Tv Lessons / History and Government Secondary Education / Form 3 / Radio Lessons Secondary Education / Form 4 Secondary Education / Form 4 / Interactive Digital Content Secondary Education / Form 4 / Educhannel Tv Lessons Secondary Education / Form 4 / Educhannel Tv Lessons / Form 4 Mathematics Secondary Education / Form 4 / Educhannel Tv Lessons / Form 4 English Secondary Education / Form 4 / Educhannel Tv Lessons / Form 4 Physics Secondary Education / Form 4 / Educhannel Tv Lessons / Form 4 Biology Secondary Education / Form 4 / Educhannel Tv Lessons / Form 4 Kiswahili Secondary Education / Form 4 / Educhannel Tv Lessons / Form 4 Chemistry Secondary Education / Form 4 / Educhannel Tv Lessons / Form 4 History and Government Secondary Education / Form 4 / Educhannel Tv Lessons / Form 4 Business Studies Secondary Education / Form 4 / Radio Lessons Secondary Education / Form 4 / Radio Lessons / Mathematics Secondary Education / Form 4 / Radio Lessons / Mathematics / Form 4 Term 1 Secondary Education / Form 4 / Radio Lessons / Mathematics / Form 4 Term 2 Secondary Education / Form 4 / Radio Lessons / Mathematics / Form 4 Term 3 General Knowledge General Knowledge / VOA Connect General Knowledge / Ask the expert General Knowledge / Citizenship and Democracy General Knowledge / Digital Story General Knowledge / Impacted Educhannel Lessons Educhannel Lessons / English Educhannel Lessons / English / Transport and travel Educhannel Lessons / English / Pronunciation skills Educhannel Lessons / English / Listening and speaking Educhannel Lessons / English / Family Educhannel Lessons / English / Environment Educhannel Lessons / English / Drug and Substance Educhannel Lessons / Agriculture Educhannel Lessons / Biology Educhannel Lessons / Biology / Living Things Educhannel Lessons / Biology / Secretion and homeostasis Educhannel Lessons / Biology / Support and movement Educhannel Lessons / Business Studies Educhannel Lessons / Chemistry Educhannel Lessons / Earth Movement and Volcanicity Educhannel Lessons / Environmental Activities Educhannel Lessons / Geograpghy Educhannel Lessons / History Educhannel Lessons / History / Kenyan History Educhannel Lessons / Homescience Educhannel Lessons / Homescience / Basic care clothing Educhannel Lessons / Kiswahili Educhannel Lessons / Kiswahili / Primary Educhannel Lessons / Kiswahili / Primary / Darasa 4-5 Educhannel Lessons / Kiswahili / Secondary Educhannel Lessons / Kiswahili / Secondary / Isimu Jamii Educhannel Lessons / Kiswahili / Secondary / Sarufi Educhannel Lessons / Mathematics Educhannel Lessons / Mathematics / Secondary Educhannel Lessons / Mathematics / Secondary / Commercial Arithmetics Educhannel Lessons / Mathematics / Primary Educhannel Lessons / Mathematics / Primary / Class 5-8 Educhannel Lessons / Mathematics / Primary / Class 5-8 / Practical uses of Money Educhannel Lessons / Mathematics / Primary / Class 5-8 / Measurement Educhannel Lessons / Organic Chemistry Educhannel Lessons / Performing Music Educhannel Lessons / Homescience Educhannel Lessons / Homescience / Basic care of clothing Educhannel Lessons / Art and Craft Educhannel Lessons / Physics Educhannel Lessons / Physics / Thermodynamics Educhannel Lessons / Physics / Mechanics Educhannel Lessons / Physics / Electricity and Magnetism Educhannel Lessons / The Doyen Exposition Educhannel Lessons / Science Educhannel Lessons / Science / Making work easier Educhannel Lessons / Science / Living Things Educhannel Lessons / Science / Energy conservation Educhannel Lessons / Physical and Health Education Educhannel Lessons / Physical and Health Education / Grade 1-4 Open Education Resourses(OERs) Open Education Resourses(OERs) / Movement and Creative Activities Open Education Resourses(OERs) / 	Religious Education Activities Open Education Resourses(OERs) / Mathematical Activities Open Education Resourses(OERs) / Environmental Activities Open Education Resourses(OERs) / Kiswahili Language Open Education Resourses(OERs) / LTK | Concordia University Open Education Resourses(OERs) / Hygiene and Nutrition Open Education Resourses(OERs) / ENGLISH LANGUAGE ACTIVITIES Open Education Resourses(OERs) / Casio Materials Open Education Resourses(OERs) / Health Education Open Education Resourses(OERs) / Carbon Literacy Special Needs Education Special Needs Education / Grade 1 Special Needs Education / Grade 1 / Adapted Interactive Digital Content for Hearing Impaired(HI) Special Needs Education / Grade 1 / Adapted Interactive Digital Content for Hearing Impaired(HI) / English Activities Special Needs Education / Grade 1 / Adapted Interactive Digital Content for Hearing Impaired(HI) / Environmental Activities Special Needs Education / Grade 1 / Adapted Interactive Digital Content for Hearing Impaired(HI) / Creative Activities Special Needs Education / Grade 1 / Adapted Interactive Digital Content for Visual Impaired(VI) Special Needs Education / Grade 2 Special Needs Education / Grade 2 / Adapted Interactive Digital Content for Hearing Impaired(HI) Special Needs Education / Grade 2 / Adapted Interactive Digital Content for Hearing Impaired(HI) / Mathematics Grade 2 Special Needs Education / Grade 2 / Adapted Interactive Digital Content for Hearing Impaired(HI) / Environmental Activities Grade 2 Special Needs Education / Grade 2 / Adapted Interactive Digital Content for Hearing Impaired(HI) / Hygiene and Nutrition Grade 2 Special Needs Education / Grade 2 / Adapted Interactive Digital Content for Hearing Impaired(HI) / Christian Religious Education Grade 2 (HI) Special Needs Education / Grade 2 / Adapted Interactive Digital Content for Hearing Impaired(HI) / Literacy Activities Grade2 (HI) Special Needs Education / Grade 2 / Adapted Interactive Digital Content for Hearing Impaired(HI) / English Activities Grad2 H.I Special Needs Education / Grade 2 / Adapted Interactive Digital Content for Hearing Impaired(HI) / Creative Activities Grade2 -H.I Special Needs Education / Grade 2 / Adapted Interactive Digital Content for Visual Impaired(VI) Special Needs Education / Grade 2 / Adapted Interactive Digital Content for Visual Impaired(VI) / Mathematics Special Needs Education / Grade 2 / Adapted Interactive Digital Content for Visual Impaired(VI) / Kiswahili Special Needs Education / Grade 2 / Adapted Interactive Digital Content for Visual Impaired(VI) / English Special Needs Education / Grade 2 / Adapted Interactive Digital Content for Visual Impaired(VI) / Creative Activities Special Needs Education / Grade 2 / Adapted Interactive Digital Content for Visual Impaired(VI) / CRE Special Needs Education / Grade 3 Special Needs Education / Grade 3 / Adapted Interactive Digital Content for Learners with Hearing Impairment (HI) Special Needs Education / Grade 3 / Adapted Interactive Digital Content for Learners with Hearing Impairment (HI) / Visual Arts Special Needs Education / Grade 3 / Adapted Interactive Digital Content for Learners with Hearing Impairment (HI) / English Special Needs Education / Grade 3 / Adapted Interactive Digital Content for Learners with Hearing Impairment (HI) / Hygiene and Nutrition Special Needs Education / Grade 3 / Adapted Interactive Digital Content for Learners with Hearing Impairment (HI) / Music Special Needs Education / Grade 3 / Adapted Interactive Digital Content for Learners with Hearing Impairment (HI) / Mathematics Special Needs Education / Grade 3 / Adapted Interactive Digital Content for Learners with Hearing Impairment (HI) / Environmental Special Needs Education / Grade 3 / Adapted Interactive Digital Content for Learners with Hearing Impairment (HI) / CRE Special Needs Education / Grade 3 / Adapted Interactive Digital Content for Learners with Visual Impairment (VI) Special Needs Education / Grade 3 / Adapted Interactive Digital Content for Learners with Visual Impairment (VI) / Music Special Needs Education / Grade 3 / Adapted Interactive Digital Content for Learners with Visual Impairment (VI) / Mathematics Special Needs Education / Grade 3 / Adapted Interactive Digital Content for Learners with Visual Impairment (VI) / Visual Arts Special Needs Education / Grade 3 / Adapted Interactive Digital Content for Learners with Visual Impairment (VI) / Kiswahili Special Needs Education / Grade 3 / Adapted Interactive Digital Content for Learners with Visual Impairment (VI) / Hygiene and Nutrition Special Needs Education / Grade 3 / Adapted Interactive Digital Content for Learners with Visual Impairment (VI) / Environmental Special Needs Education / Grade 3 / Adapted Interactive Digital Content for Learners with Visual Impairment (VI) / English Special Needs Education / Grade 3 / Adapted Interactive Digital Content for Learners with Visual Impairment (VI) / CRE Special Needs Education / Grade 4 Special Needs Education / Grade 4 / Adapted Interactive Digital Content for Learners with Hearing Impairment (HI) Special Needs Education / Grade 4 / Adapted Interactive Digital Content for Learners with Hearing Impairment (HI) / Mathematics Special Needs Education / Grade 4 / Adapted Interactive Digital Content for Learners with Hearing Impairment (HI) / English Special Needs Education / Grade 4 / Adapted Interactive Digital Content for Learners with Hearing Impairment (HI) / Science and Technology Special Needs Education / Grade 4 / Adapted Interactive Digital Content for Learners with Hearing Impairment (HI) / Agriculture Special Needs Education / Grade 4 / Adapted Interactive Digital Content for Learners with Hearing Impairment (HI) / Social Studies Special Needs Education / Grade 4 / Adapted Interactive Digital Content for Learners with Hearing Impairment (HI) / Home Science Special Needs Education / Grade 4 / Adapted Interactive Digital Content for Learners with Hearing Impairment (HI) / Art and Craft Special Needs Education / Grade 4 / Adapted Interactive Digital Content for Learners with Hearing Impairment (HI) / Music Special Needs Education / Grade 4 / Adapted Interactive Digital Content for Learners with Hearing Impairment (HI) / Christian Religious Education (CRE) Special Needs Education / Grade 4 / Adapted Interactive Digital Content for Learners with Visual Impairment (VI) Special Needs Education / Grade 4 / Adapted Interactive Digital Content for Learners with Visual Impairment (VI) / Mathematics Special Needs Education / Grade 4 / Adapted Interactive Digital Content for Learners with Visual Impairment (VI) / English Special Needs Education / Grade 4 / Adapted Interactive Digital Content for Learners with Visual Impairment (VI) / Kiswahili Special Needs Education / Grade 4 / Adapted Interactive Digital Content for Learners with Visual Impairment (VI) / Science and Technology Special Needs Education / Grade 4 / Adapted Interactive Digital Content for Learners with Visual Impairment (VI) / Agriculture Special Needs Education / Grade 4 / Adapted Interactive Digital Content for Learners with Visual Impairment (VI) / Social Studies Special Needs Education / Grade 4 / Adapted Interactive Digital Content for Learners with Visual Impairment (VI) / Home Science Special Needs Education / Grade 4 / Adapted Interactive Digital Content for Learners with Visual Impairment (VI) / Art and Craft Special Needs Education / Grade 4 / Adapted Interactive Digital Content for Learners with Visual Impairment (VI) / Christian Religious Education (CRE) Special Needs Education / Grade 4 / Adapted Interactive Digital Content for Learners with Visual Impairment (VI) / Music Special Needs Education / Grade 5 Special Needs Education / Grade 5 / Adapted Interactive Digital Content for Learners with Hearing Impairment (HI) Special Needs Education / Grade 5 / Adapted Interactive Digital Content for Learners with Hearing Impairment (HI) / English Special Needs Education / Grade 5 / Adapted Interactive Digital Content for Learners with Hearing Impairment (HI) / Christian Religious Education Special Needs Education / Grade 5 / Adapted Interactive Digital Content for Learners with Hearing Impairment (HI) / Social Studies Special Needs Education / Grade 5 / Adapted Interactive Digital Content for Learners with Hearing Impairment (HI) / Agriculture and Nutrition Special Needs Education / Grade 5 / Adapted Interactive Digital Content for Learners with Hearing Impairment (HI) / Creative Arts Special Needs Education / Grade 5 / Adapted Interactive Digital Content for Learners with Hearing Impairment (HI) / Mathematics Special Needs Education / Grade 5 / Adapted Interactive Digital Content for Learners with Hearing Impairment (HI) / Science and Technology Special Needs Education / Grade 5 / Adapted Interactive Digital Content for Learners with Hearing Impairment (HI) / Islamic Religious Education Special Needs Education / Grade 5 / Adapted Interactive Digital Content for Learners with Visual Impairment (VI) Special Needs Education / Grade 5 / Adapted Interactive Digital Content for Learners with Visual Impairment (VI) / Creative Arts Special Needs Education / Grade 5 / Adapted Interactive Digital Content for Learners with Visual Impairment (VI) / Social Studies Special Needs Education / Grade 5 / Adapted Interactive Digital Content for Learners with Visual Impairment (VI) / Kiswahili Special Needs Education / Grade 5 / Adapted Interactive Digital Content for Learners with Visual Impairment (VI) / Christian Religious Education Special Needs Education / Grade 5 / Adapted Interactive Digital Content for Learners with Visual Impairment (VI) / Science and Technology Special Needs Education / Grade 5 / Adapted Interactive Digital Content for Learners with Visual Impairment (VI) / Agriculture and Nutrition Special Needs Education / Grade 5 / Adapted Interactive Digital Content for Learners with Visual Impairment (VI) / Islamic Religious Education Special Needs Education / Grade 5 / Adapted Interactive Digital Content for Learners with Visual Impairment (VI) / Mathematics Special Needs Education / Grade 5 / Adapted Interactive Digital Content for Learners with Visual Impairment (VI) / English Special Needs Education / Grade 6 Special Needs Education / Grade 6 / Adapted Interactive Digital Content for Learners with Hearing Impairment (HI) Special Needs Education / Grade 6 / Adapted Interactive Digital Content for Learners with Hearing Impairment (HI) / Science and Technology Special Needs Education / Grade 6 / Adapted Interactive Digital Content for Learners with Hearing Impairment (HI) / Christian Religious Education Special Needs Education / Grade 6 / Adapted Interactive Digital Content for Learners with Hearing Impairment (HI) / Creative Arts Special Needs Education / Grade 6 / Adapted Interactive Digital Content for Learners with Hearing Impairment (HI) / Islamic Religious Education Special Needs Education / Grade 6 / Adapted Interactive Digital Content for Learners with Hearing Impairment (HI) / English Special Needs Education / Grade 6 / Adapted Interactive Digital Content for Learners with Hearing Impairment (HI) / Social Studies Special Needs Education / Grade 6 / Adapted Interactive Digital Content for Learners with Hearing Impairment (HI) / Agriculture Special Needs Education / Grade 6 / Adapted Interactive Digital Content for Learners with Hearing Impairment (HI) / Mathematics Special Needs Education / Grade 6 / Adapted Interactive Digital Content for Learners with Visual Impairment (VI) Special Needs Education / Grade 6 / Adapted Interactive Digital Content for Learners with Visual Impairment (VI) / Christian Religious Education Special Needs Education / Grade 6 / Adapted Interactive Digital Content for Learners with Visual Impairment (VI) / Kiswahili Special Needs Education / Grade 6 / Adapted Interactive Digital Content for Learners with Visual Impairment (VI) / English Special Needs Education / Grade 6 / Adapted Interactive Digital Content for Learners with Visual Impairment (VI) / Creative Arts Special Needs Education / Grade 6 / Adapted Interactive Digital Content for Learners with Visual Impairment (VI) / Mathematics Special Needs Education / Grade 6 / Adapted Interactive Digital Content for Learners with Visual Impairment (VI) / Science and Technology Special Needs Education / Grade 6 / Adapted Interactive Digital Content for Learners with Visual Impairment (VI) / Islamic Religious Education Special Needs Education / Grade 6 / Adapted Interactive Digital Content for Learners with Visual Impairment (VI) / Social Studies Special Needs Education / Grade 6 / Adapted Interactive Digital Content for Learners with Visual Impairment (VI) / Agriculture and Nutrition Special Needs Education / Ebooks Special Needs Education / Videos Special Needs Education / Foundational and Stage-Based Special Needs Education / Prevocational Level Special Needs Education / Prevocational Level / Music Special Needs Education / Prevocational Level / Hindu Religious Education Special Needs Education / Prevocational Level / Christian Religious Education Special Needs Education / Prevocational Level / Physical Education Special Needs Education / Prevocational Level / Islamic Religious Education Special Needs Education / Prevocational Level / Social Studies Special Needs Education / Prevocational Level / Prevocational Skills 1 Special Needs Education / Prevocational Level / Prevocational Skills 2 Special Needs Education / Prevocational Level / Prevocational Skills 3 Accessible Digital Textbooks Interactive Simulations for Sciences and Mathematics Interactive Simulations for Sciences and Mathematics / Physics Interactive Simulations for Sciences and Mathematics / Chemistry Interactive Simulations for Sciences and Mathematics / Mathematics Information, Education and Communication(IEC) Materials Information, Education and Communication(IEC) Materials / Child Online Safety Information, Education and Communication(IEC) Materials / Child Road Safety Information, Education and Communication(IEC) Materials / Child Road Safety / Integration Matrices Information, Education and Communication(IEC) Materials / Child Road Safety / Integration Matrices / Early Years Education Information, Education and Communication(IEC) Materials / Child Road Safety / Integration Matrices / Upper Primary Information, Education and Communication(IEC) Materials / Child Road Safety / Integration Matrices / Junior School Information, Education and Communication(IEC) Materials / Child Road Safety / Integration Matrices / Senior School Information, Education and Communication(IEC) Materials / Child Road Safety / Information, Education and Communication(IEC) Materials on Child Road Safety Information, Education and Communication(IEC) Materials / Child Road Safety / Information, Education and Communication(IEC) Materials on Child Road Safety / Early Years Education Information, Education and Communication(IEC) Materials / Child Road Safety / Information, Education and Communication(IEC) Materials on Child Road Safety / Upper Primary Information, Education and Communication(IEC) Materials / Child Road Safety / Information, Education and Communication(IEC) Materials on Child Road Safety / Junior School Information, Education and Communication(IEC) Materials / Child Road Safety / Information, Education and Communication(IEC) Materials on Child Road Safety / Senior School Information, Education and Communication(IEC) Materials / Child Road Safety / Teacher's Handbook Information, Education and Communication(IEC) Materials / Financial Literacy Learners’ Toolkit Teacher Resources Teacher Resources / Educational Resources Materials Development Teacher Resources / Educational Resources Materials Development / CRE Teacher Resources / Educational Resources Materials Development / English Teacher Resources / Educational Resources Materials Development / Environment Teacher Resources / Educational Resources Materials Development / Foundations Teacher Resources / Educational Resources Materials Development / H.R.E Teacher Resources / Educational Resources Materials Development / Hygiene and Nutrition Teacher Resources / Educational Resources Materials Development / I.R.E Teacher Resources / Educational Resources Materials Development / Kiswahili Teacher Resources / Educational Resources Materials Development / Language Activities Teacher Resources / Educational Resources Materials Development / Literacy Skills Teacher Resources / Educational Resources Materials Development / Mathematics Teacher Resources / Educational Resources Materials Development / Movements and Arts Teacher Resources / Pre-Primary Teacher Radio Programmes Teacher Resources / CBC Courses Teacher Resources / Special Needs Educations Teacher Resources / Interactive Digital Content for Teacher Education Teacher Resources / Interactive Digital Content for Teacher Education / English Teacher Resources / Interactive Digital Content for Teacher Education / Music Teacher Resources / Interactive Digital Content for Teacher Education / Christian Religious Education Teacher Resources / Interactive Digital Content for Teacher Education / Art and Craft Teacher Resources / Interactive Digital Content for Teacher Education / Indigenous Languages Teacher Resources / Interactive Digital Content for Teacher Education / Home science Teacher Resources / Interactive Digital Content for Teacher Education / Science and Technology Teacher Resources / Interactive Digital Content for Teacher Education / Islamic Religious Education Teacher Resources / Interactive Digital Content for Teacher Education / Mandarin Teacher Resources / Interactive Digital Content for Teacher Education / Agriculture Teacher Resources / Interactive Digital Content for Teacher Education / Mathematics Teacher Resources / Interactive Digital Content for Teacher Education / French Teacher Resources / Interactive Digital Content for Teacher Education / Hindu Religious Education Teacher Resources / Interactive Digital Content for Teacher Education / Social Studies Teacher Resources / Interactive Digital Content for Teacher Education / Kiswahili Teacher Resources / Interactive Digital Content for Teacher Education / Physical Education Teacher Resources / Interactive Digital Content for Teacher Education / Arabic Parental Resources Financial Literacy Financial Literacy / Financial Literacy for Junior School Financial Literacy / Financial Literacy for Junior School / Taxation Financial Literacy / Financial Literacy for Senior School Financial Literacy / Financial Literacy for Senior School / Taxation Search lessons Search Expand allEduchannel Tv LessonsRadio lessonsSNEInteractive Digital Content Home Calendar Pre-primary Pre-Primary 1 Pre-Primary 2 Primary Grade 1 Grade 2 Grade 3 Grade 4 Grade 5 Grade 6 Secondary Grade 7 Grade 8 Form 1 Form 2 Form 3 Form 4 OER's SNE The Kenya Education Cloud (KEC) is a digital platform designed to enhance teaching and learning in Kenya by providing a wide range of digital educational resources. Serving as a centralized hub for e-learning, it promotes access to interactive content, supports modern pedagogical methods, and fosters collaboration among educators and learners. External Links Ministry of Education Kenya National Examinations Council Teachers Service Commission Kenya Kenya Institute of Special Education (KISE) ICT Authority TVET Authority Elimika Additional Resources Accessible Digital Textbook (ADT) Curriculum Reports Parental Resources Child Online Protection Guidelines Our Contacts Kenya Institute of Curriculum DevelopmentDesai Rd, Off Muranga Rd,Nairobi, Kenya. Telephone Contacts+254 729327331 +254 729327334 Email Addressinfo@kicd.ac.ke Kenya Education Cloud © 2024. All rights reserved. Privacy Policy Terms & Conditions (Login) Data retention summary","['mathematics', 'english', 'kiswahili', 'biology', 'chemistry', 'physics', 'geography', 'history', 'business', 'computer', 'agriculture', 'home_science', 'art', 'music', 'physical_education', 'religious_education']",form_1,cbc,[],2025-09-08T00:49:22.212242,unknown,primary,,grade_4,
https://lms.kec.ac.ke/#,Digital Content | Kenya Education Cloud | Unlimited Learning Experiences,Powered by Kenya Education Cloud,"Digital Content | Kenya Education Cloud | Unlimited Learning Experiences Skip to main content (Login) KENYA EDUCATIONCLOUD Unlimited learning experiences Start here Explore our digital content Our mission is to provide curated, grade-wise, high-quality, engaging, and accessible digital content to all learners, anywhere.We believe that digital content has the potential to transform education and to make learning more accessible and engaging for everyone. Access digital content for the following categories Explore resources created by KICD, publishers and content creators to inspire creativity, and encourage hands-on learning. Our resources supports learning in the classroom and at home, and includes Interactive digital content, Radio audio lesson, Educhannel TV lessons, and more. Interactive Digital Content Access digital content that is aligned to competency-based curriculum (CBC). Educhanel TV Lessons Access KICD's educhannel broadcasted live lessons on-demand, students can watch multiple times Radio Lessons Interactive radio and audio instruction resources,that foster continuous interaction between learners and the radio characters E-Books Get access to electronic books from KICD Pre-Primary Education Access digital content for the first level of education under the Competency Based Curriculum (CBC) where learners are engaged in their early years of education. Pre-primary 1 Pre-primary 2 Primary Education Access digital content for Primary school education, that provide engaging materials such as interactive lessons, videos, games, and quizzes, that cover essential learning areas and designed to support both in-classroom and at-home learning. Grade 1 Grade 2 Grade 3 Grade 4 Grade 5 Grade 6 Secondary Education Access digital content for Grade 7, Form1, Form 2, Form 3, and Form 4 Grade 7 Form 1 Form 2 Form 3 Form 4 Special Needs Education Adapted Interactive Digital Content for Learners with Hearing Impairment (HI) and Visual Impairment (VI) is designed to ensure inclusive, accessible, and engaging educational experiences for all learners, regardless of their sensory abilities. By utilizing a range of assistive technologies and content modifications, this adapted digital content makes learning more effective and meaningful for students with hearing and visual impairments. Learners with Hearing impairments Learners with Visual impairment Foundational and Stage-based Open Education Resourses(OERs) Open Educational Resources (OER) are freely accessible, openly licensed educational materials that educators, students, and self-learners can use, modify, and redistribute without financial or legal restrictions. These resources provide a flexible and cost-effective way to enhance teaching and learning while promoting the sharing and continuous improvement of educational content. OER Catalogue ABRACADABRA Grade 1,2 and 3 READs E-Books Health Literacy Virtual Labs Simulations Cutting-edge, interactive simulations designed to enhance science, engineering, and technology education. These labs provide a safe and scalable environment where students can perform experiments, explore complex concepts, and reinforce their theoretical understanding through practical applications.. Chemistry Physics Biology Mathematics Information, Education and Communication(IEC) Materials Information, Education, and Communication (IEC) materials are resources designed to inform and educate learners and teachers about specific topics, usually related to health, safety, community development, and other social issues. These materials aim to change knowledge, attitudes, and practices by making information accessible and understandable to the learners and teachers. Child Online Safety Child Road Safety Additional Resources Accessible Digital Textbooks Teacher Resources Parental Resources General Knowledge Educhannel TV Lessons Search lessons Search Home Calendar Pre-primary Pre-Primary 1 Pre-Primary 2 Primary Grade 1 Grade 2 Grade 3 Grade 4 Grade 5 Grade 6 Secondary Grade 7 Grade 8 Form 1 Form 2 Form 3 Form 4 OER's SNE The Kenya Education Cloud (KEC) is a digital platform designed to enhance teaching and learning in Kenya by providing a wide range of digital educational resources. Serving as a centralized hub for e-learning, it promotes access to interactive content, supports modern pedagogical methods, and fosters collaboration among educators and learners. External Links Ministry of Education Kenya National Examinations Council Teachers Service Commission Kenya Kenya Institute of Special Education (KISE) ICT Authority TVET Authority Elimika Additional Resources Accessible Digital Textbook (ADT) Curriculum Reports Parental Resources Child Online Protection Guidelines Our Contacts Kenya Institute of Curriculum DevelopmentDesai Rd, Off Muranga Rd,Nairobi, Kenya. Telephone Contacts+254 729327331 +254 729327334 Email Addressinfo@kicd.ac.ke Kenya Education Cloud © 2024. All rights reserved. Privacy Policy Terms & Conditions (Login) Data retention summary","['mathematics', 'biology', 'chemistry', 'physics', 'geography', 'computer', 'art', 'physical_education', 'religious_education']",form_1,cbc,[],2025-09-08T00:49:23.309376,unknown,,,,
https://lms.kec.ac.ke/course/index.php?categoryid=90,Grade 3,"Kenya Education Cloud is your ultimate digital learning hub, providing access to curated e-learning resources, educational tools, and innovative content for students, teachers, and institutions.","Grade 3 Home Lessons Primary Education Grade 3 Lesson categories: Pre-Primary Pre-Primary / Radio Lessons Pre-Primary / Educhannel Video Lessons Pre-Primary / Educhannel Video Lessons / Language Activities Pre-Primary / Educhannel Video Lessons / Mathematics Pre-Primary / Educhannel Video Lessons / Our School Pre-Primary / Educhannel Video Lessons / Picture Making Pre-Primary / Educhannel Video Lessons / Social Environment Pre-Primary / Educhannel Video Lessons / Pre-Primary 1 Pre-Primary / Educhannel Video Lessons / Pre-Primary 2 Pre-Primary / Interactive digital Content Pre-Primary / Ebooks Primary Education Primary Education / Grade 1 Primary Education / Grade 1 / Educhannel TV Lessons Primary Education / Grade 1 / Educhannel TV Lessons / English Primary Education / Grade 1 / Educhannel TV Lessons / Mathematics Primary Education / Grade 1 / Educhannel TV Lessons / Kiswahili Primary Education / Grade 1 / Educhannel TV Lessons / Kenya Sign Language(KSL) Primary Education / Grade 1 / Educhannel TV Lessons / Hygiene and nutrition Primary Education / Grade 1 / Educhannel TV Lessons / Environmental Activities Primary Education / Grade 1 / Interactive Digital Content Primary Education / Grade 1 / Radio Lessons Primary Education / Grade 1 / Radio Lessons / Mathematics Primary Education / Grade 1 / Radio Lessons / Mathematics / Grade 1 Term 2 Primary Education / Grade 1 / Radio Lessons / Mathematics / Grade 1 Term 3 Primary Education / Grade 1 / Radio Lessons / Kiswahili Primary Education / Grade 1 / Radio Lessons / Kiswahili / Grade 1 Term 2 Primary Education / Grade 1 / Radio Lessons / Kiswahili / Grade 1 Term 3 Primary Education / Grade 1 / Radio Lessons / English Primary Education / Grade 1 / Radio Lessons / English / Grade 1 Term 2 Primary Education / Grade 1 / Radio Lessons / English / Grade 1 Term 3 Primary Education / Grade 1 / Ebooks Primary Education / Grade 1 / Ebooks / Tusome readers Primary Education / Grade 1 / Ebooks / Indigenous Languages Primary Education / Grade 2 Primary Education / Grade 2 / Interactive Digital Content Primary Education / Grade 2 / Educhannel Tv Lessons Primary Education / Grade 2 / Educhannel Tv Lessons / Mathematics Primary Education / Grade 2 / Educhannel Tv Lessons / English Primary Education / Grade 2 / Radio Lessons Primary Education / Grade 2 / Radio Lessons / Mathematics Primary Education / Grade 2 / Radio Lessons / Mathematics / Grade 2 Term 2 Primary Education / Grade 2 / Radio Lessons / English Primary Education / Grade 2 / Radio Lessons / English / Grade 2 Term 2 Primary Education / Grade 2 / Radio Lessons / English / Grade 2 Term 3 Primary Education / Grade 2 / Radio Lessons / Kiswahili Primary Education / Grade 2 / Radio Lessons / Kiswahili / Grade 2 Term 3 Primary Education / Grade 2 / Hygiene and Nutrition Primary Education / Grade 2 / Hygiene and Nutrition / Grade 2 Term 2 Primary Education / Grade 2 / E-books Primary Education / Grade 2 / E-books / Tusome Readers Primary Education / Grade 3 Primary Education / Grade 3 / Radio Lessons Primary Education / Grade 3 / Radio Lessons / Mathematics Primary Education / Grade 3 / Radio Lessons / Mathematics / Grade 3 Term 2 Primary Education / Grade 3 / Radio Lessons / Mathematics / Grade 3 Term 3 Primary Education / Grade 3 / Radio Lessons / English Primary Education / Grade 3 / Radio Lessons / English / Grade 3 Term 2 Primary Education / Grade 3 / Radio Lessons / English / Grade 3 Term 3 Primary Education / Grade 3 / Radio Lessons / Environmental Activities Primary Education / Grade 3 / Radio Lessons / Environmental Activities / Grade 3 Term 2 Primary Education / Grade 3 / Radio Lessons / Kiswahili Primary Education / Grade 3 / Radio Lessons / Kiswahili / Grade 3 Term 3 Primary Education / Grade 3 / Educhannel TV Lessons Primary Education / Grade 3 / Educhannel TV Lessons / Mathematics Primary Education / Grade 3 / Educhannel TV Lessons / English Primary Education / Grade 3 / Educhannel TV Lessons / Kiswahili Primary Education / Grade 3 / Educhannel TV Lessons / Hygiene and Nutrition Primary Education / Grade 3 / Educhannel TV Lessons / Environmental Activities Primary Education / Grade 3 / Interactive Digital Content Primary Education / Grade 3 / EBooks Primary Education / Grade 3 / Tusome English Video Lessons Primary Education / Grade 3 / Tusome English Video Lessons / Tusome English Grade 3 Lessons Primary Education / Grade 4 Primary Education / Grade 4 / Educhannel Tv Lessons Primary Education / Grade 4 / Educhannel Tv Lessons / Home Science Primary Education / Grade 4 / Educhannel Tv Lessons / Agriculture Primary Education / Grade 4 / Educhannel Tv Lessons / Music Primary Education / Grade 4 / Educhannel Tv Lessons / Physical Education Primary Education / Grade 4 / Educhannel Tv Lessons / Art and Craft Primary Education / Grade 4 / Educhannel Tv Lessons / Kenya Sign Language Primary Education / Grade 4 / Educhannel Tv Lessons / Mathematics Primary Education / Grade 4 / Educhannel Tv Lessons / Science and Technology Primary Education / Grade 4 / Educhannel Tv Lessons / Social Studies Primary Education / Grade 4 / Educhannel Tv Lessons / English Primary Education / Grade 4 / Educhannel Tv Lessons / Kiswahili Primary Education / Grade 4 / Educhannel Tv Lessons / Environmental Activity Primary Education / Grade 4 / Radio lessons Primary Education / Grade 4 / Radio lessons / Social Studies Primary Education / Grade 4 / Radio lessons / Social Studies / Grade 4 Term 2 Primary Education / Grade 4 / Radio lessons / Social Studies / Grade 4 Term 3 Primary Education / Grade 4 / Radio lessons / CRE Primary Education / Grade 4 / Radio lessons / CRE / Grade 4 Term 2 Primary Education / Grade 4 / Radio lessons / English Primary Education / Grade 4 / Radio lessons / English / Grade 4 Term 2 Primary Education / Grade 4 / Radio lessons / English / Grade 4 Term 3 Primary Education / Grade 4 / Radio lessons / Hygiene and Nutrition Primary Education / Grade 4 / Radio lessons / Hygiene and Nutrition / Grade 4 Term 1 Primary Education / Grade 4 / Radio lessons / IRE Primary Education / Grade 4 / Radio lessons / IRE / Grade 4 Term 2 Primary Education / Grade 4 / Radio lessons / Science and Technology Primary Education / Grade 4 / Radio lessons / Science and Technology / Grade 4 Term 3 Primary Education / Grade 4 / Radio lessons / Agriculture Primary Education / Grade 4 / Radio lessons / Agriculture / Grade 4 Term 3 Primary Education / Grade 4 / Radio lessons / Mathematics Primary Education / Grade 4 / Radio lessons / Mathematics / Grade 4 Term 3 Primary Education / Grade 4 / SNE Primary Education / Grade 4 / Interactive Digital Content Primary Education / Grade 5 Primary Education / Grade 5 / Educhannel Tv Lessons Primary Education / Grade 5 / Educhannel Tv Lessons / English Primary Education / Grade 5 / Educhannel Tv Lessons / Kiswahili Primary Education / Grade 5 / Educhannel Tv Lessons / Mathematics Primary Education / Grade 5 / Radio Lessons Primary Education / Grade 5 / Radio Lessons / English Primary Education / Grade 5 / Radio Lessons / Science and Technology Primary Education / Grade 5 / Radio Lessons / Agriculture Primary Education / Grade 5 / Radio Lessons / Social studies Primary Education / Grade 5 / Radio Lessons / Christian Religious Education Primary Education / Grade 5 / Radio Lessons / Mathematics Primary Education / Grade 5 / Interactive Digital Content Primary Education / Grade 6 Primary Education / Grade 6 / Radio Lessons Primary Education / Grade 6 / Radio Lessons / CRE Primary Education / Grade 6 / Radio Lessons / Social Studies Primary Education / Grade 6 / Radio Lessons / Science Primary Education / Grade 6 / Radio Lessons / Kiswahili Primary Education / Grade 6 / Radio Lessons / English Primary Education / Grade 6 / Radio Lessons / Mathematics Primary Education / Grade 6 / Educhannel TV Lessons Primary Education / Grade 6 / Educhannel TV Lessons / Kiswahili Primary Education / Grade 6 / Educhannel TV Lessons / Agriculture Primary Education / Grade 6 / Educhannel TV Lessons / Art and Craft Primary Education / Grade 6 / Educhannel TV Lessons / English Primary Education / Grade 6 / Educhannel TV Lessons / Home Science Primary Education / Grade 6 / Educhannel TV Lessons / Music Primary Education / Grade 6 / Educhannel TV Lessons / Science and technology Primary Education / Grade 6 / Educhannel TV Lessons / Physical health education Primary Education / Grade 6 / Interactive Digital Content Junior School Junior School / Grade 8 Junior School / Grade 8 / Educhannel Tv Lessons Junior School / Grade 8 / Radio Lessons Junior School / Grade 8 / Interactive Digital Content Junior School / Grade 7 Junior School / Grade 7 / Educhannel TV lessons Junior School / Grade 7 / Radio Lessons Junior School / Grade 7 / Radio Lessons / Mathematics Junior School / Grade 7 / Radio Lessons / Kiswahili Junior School / Grade 7 / Radio Lessons / English Junior School / Grade 7 / Radio Lessons / Christian Religious Education Junior School / Grade 7 / Radio Lessons / Integrated Science Junior School / Grade 7 / Radio Lessons / Social Studies Junior School / Grade 7 / Radio Lessons / Pre-Technical Studies Junior School / Grade 7 / Interactive Digital Content Secondary Education Secondary Education / Form 1 Secondary Education / Form 1 / Interactive Digital Content Secondary Education / Form 1 / Educhannel Tv Lessons Secondary Education / Form 1 / Educhannel Tv Lessons / Mathematics Secondary Education / Form 1 / Educhannel Tv Lessons / English Secondary Education / Form 1 / Educhannel Tv Lessons / Physics Secondary Education / Form 1 / Educhannel Tv Lessons / Biology Secondary Education / Form 1 / Educhannel Tv Lessons / Chemistry Secondary Education / Form 1 / Educhannel Tv Lessons / Kiswahili Secondary Education / Form 1 / Educhannel Tv Lessons / History and Government Secondary Education / Form 1 / Educhannel Tv Lessons / Business Studies Secondary Education / Form 1 / Radio Lessons Secondary Education / Form 1 / Ebooks Secondary Education / Form 2 Secondary Education / Form 2 / Interactive Digital Content Secondary Education / Form 2 / Educhannel Tv Lessons Secondary Education / Form 2 / Educhannel Tv Lessons / Physics Secondary Education / Form 2 / Radio Lessons Secondary Education / Form 2 / Radio Lessons / Biology Secondary Education / Form 3 Secondary Education / Form 3 / Interactive Digital Content Secondary Education / Form 3 / Educhannel Tv Lessons Secondary Education / Form 3 / Educhannel Tv Lessons / Mathematics Secondary Education / Form 3 / Educhannel Tv Lessons / English Secondary Education / Form 3 / Educhannel Tv Lessons / Kiswahili Secondary Education / Form 3 / Educhannel Tv Lessons / Biology Secondary Education / Form 3 / Educhannel Tv Lessons / Chemistry Secondary Education / Form 3 / Educhannel Tv Lessons / Physics Secondary Education / Form 3 / Educhannel Tv Lessons / Business Studies Secondary Education / Form 3 / Educhannel Tv Lessons / History and Government Secondary Education / Form 3 / Radio Lessons Secondary Education / Form 4 Secondary Education / Form 4 / Interactive Digital Content Secondary Education / Form 4 / Educhannel Tv Lessons Secondary Education / Form 4 / Educhannel Tv Lessons / Form 4 Mathematics Secondary Education / Form 4 / Educhannel Tv Lessons / Form 4 English Secondary Education / Form 4 / Educhannel Tv Lessons / Form 4 Physics Secondary Education / Form 4 / Educhannel Tv Lessons / Form 4 Biology Secondary Education / Form 4 / Educhannel Tv Lessons / Form 4 Kiswahili Secondary Education / Form 4 / Educhannel Tv Lessons / Form 4 Chemistry Secondary Education / Form 4 / Educhannel Tv Lessons / Form 4 History and Government Secondary Education / Form 4 / Educhannel Tv Lessons / Form 4 Business Studies Secondary Education / Form 4 / Radio Lessons Secondary Education / Form 4 / Radio Lessons / Mathematics Secondary Education / Form 4 / Radio Lessons / Mathematics / Form 4 Term 1 Secondary Education / Form 4 / Radio Lessons / Mathematics / Form 4 Term 2 Secondary Education / Form 4 / Radio Lessons / Mathematics / Form 4 Term 3 General Knowledge General Knowledge / VOA Connect General Knowledge / Ask the expert General Knowledge / Citizenship and Democracy General Knowledge / Digital Story General Knowledge / Impacted Educhannel Lessons Educhannel Lessons / English Educhannel Lessons / English / Transport and travel Educhannel Lessons / English / Pronunciation skills Educhannel Lessons / English / Listening and speaking Educhannel Lessons / English / Family Educhannel Lessons / English / Environment Educhannel Lessons / English / Drug and Substance Educhannel Lessons / Agriculture Educhannel Lessons / Biology Educhannel Lessons / Biology / Living Things Educhannel Lessons / Biology / Secretion and homeostasis Educhannel Lessons / Biology / Support and movement Educhannel Lessons / Business Studies Educhannel Lessons / Chemistry Educhannel Lessons / Earth Movement and Volcanicity Educhannel Lessons / Environmental Activities Educhannel Lessons / Geograpghy Educhannel Lessons / History Educhannel Lessons / History / Kenyan History Educhannel Lessons / Homescience Educhannel Lessons / Homescience / Basic care clothing Educhannel Lessons / Kiswahili Educhannel Lessons / Kiswahili / Primary Educhannel Lessons / Kiswahili / Primary / Darasa 4-5 Educhannel Lessons / Kiswahili / Secondary Educhannel Lessons / Kiswahili / Secondary / Isimu Jamii Educhannel Lessons / Kiswahili / Secondary / Sarufi Educhannel Lessons / Mathematics Educhannel Lessons / Mathematics / Secondary Educhannel Lessons / Mathematics / Secondary / Commercial Arithmetics Educhannel Lessons / Mathematics / Primary Educhannel Lessons / Mathematics / Primary / Class 5-8 Educhannel Lessons / Mathematics / Primary / Class 5-8 / Practical uses of Money Educhannel Lessons / Mathematics / Primary / Class 5-8 / Measurement Educhannel Lessons / Organic Chemistry Educhannel Lessons / Performing Music Educhannel Lessons / Homescience Educhannel Lessons / Homescience / Basic care of clothing Educhannel Lessons / Art and Craft Educhannel Lessons / Physics Educhannel Lessons / Physics / Thermodynamics Educhannel Lessons / Physics / Mechanics Educhannel Lessons / Physics / Electricity and Magnetism Educhannel Lessons / The Doyen Exposition Educhannel Lessons / Science Educhannel Lessons / Science / Making work easier Educhannel Lessons / Science / Living Things Educhannel Lessons / Science / Energy conservation Educhannel Lessons / Physical and Health Education Educhannel Lessons / Physical and Health Education / Grade 1-4 Open Education Resourses(OERs) Open Education Resourses(OERs) / Movement and Creative Activities Open Education Resourses(OERs) / 	Religious Education Activities Open Education Resourses(OERs) / Mathematical Activities Open Education Resourses(OERs) / Environmental Activities Open Education Resourses(OERs) / Kiswahili Language Open Education Resourses(OERs) / LTK | Concordia University Open Education Resourses(OERs) / Hygiene and Nutrition Open Education Resourses(OERs) / ENGLISH LANGUAGE ACTIVITIES Open Education Resourses(OERs) / Casio Materials Open Education Resourses(OERs) / Health Education Open Education Resourses(OERs) / Carbon Literacy Special Needs Education Special Needs Education / Grade 1 Special Needs Education / Grade 1 / Adapted Interactive Digital Content for Hearing Impaired(HI) Special Needs Education / Grade 1 / Adapted Interactive Digital Content for Hearing Impaired(HI) / English Activities Special Needs Education / Grade 1 / Adapted Interactive Digital Content for Hearing Impaired(HI) / Environmental Activities Special Needs Education / Grade 1 / Adapted Interactive Digital Content for Hearing Impaired(HI) / Creative Activities Special Needs Education / Grade 1 / Adapted Interactive Digital Content for Visual Impaired(VI) Special Needs Education / Grade 2 Special Needs Education / Grade 2 / Adapted Interactive Digital Content for Hearing Impaired(HI) Special Needs Education / Grade 2 / Adapted Interactive Digital Content for Hearing Impaired(HI) / Mathematics Grade 2 Special Needs Education / Grade 2 / Adapted Interactive Digital Content for Hearing Impaired(HI) / Environmental Activities Grade 2 Special Needs Education / Grade 2 / Adapted Interactive Digital Content for Hearing Impaired(HI) / Hygiene and Nutrition Grade 2 Special Needs Education / Grade 2 / Adapted Interactive Digital Content for Hearing Impaired(HI) / Christian Religious Education Grade 2 (HI) Special Needs Education / Grade 2 / Adapted Interactive Digital Content for Hearing Impaired(HI) / Literacy Activities Grade2 (HI) Special Needs Education / Grade 2 / Adapted Interactive Digital Content for Hearing Impaired(HI) / English Activities Grad2 H.I Special Needs Education / Grade 2 / Adapted Interactive Digital Content for Hearing Impaired(HI) / Creative Activities Grade2 -H.I Special Needs Education / Grade 2 / Adapted Interactive Digital Content for Visual Impaired(VI) Special Needs Education / Grade 2 / Adapted Interactive Digital Content for Visual Impaired(VI) / Mathematics Special Needs Education / Grade 2 / Adapted Interactive Digital Content for Visual Impaired(VI) / Kiswahili Special Needs Education / Grade 2 / Adapted Interactive Digital Content for Visual Impaired(VI) / English Special Needs Education / Grade 2 / Adapted Interactive Digital Content for Visual Impaired(VI) / Creative Activities Special Needs Education / Grade 2 / Adapted Interactive Digital Content for Visual Impaired(VI) / CRE Special Needs Education / Grade 3 Special Needs Education / Grade 3 / Adapted Interactive Digital Content for Learners with Hearing Impairment (HI) Special Needs Education / Grade 3 / Adapted Interactive Digital Content for Learners with Hearing Impairment (HI) / Visual Arts Special Needs Education / Grade 3 / Adapted Interactive Digital Content for Learners with Hearing Impairment (HI) / English Special Needs Education / Grade 3 / Adapted Interactive Digital Content for Learners with Hearing Impairment (HI) / Hygiene and Nutrition Special Needs Education / Grade 3 / Adapted Interactive Digital Content for Learners with Hearing Impairment (HI) / Music Special Needs Education / Grade 3 / Adapted Interactive Digital Content for Learners with Hearing Impairment (HI) / Mathematics Special Needs Education / Grade 3 / Adapted Interactive Digital Content for Learners with Hearing Impairment (HI) / Environmental Special Needs Education / Grade 3 / Adapted Interactive Digital Content for Learners with Hearing Impairment (HI) / CRE Special Needs Education / Grade 3 / Adapted Interactive Digital Content for Learners with Visual Impairment (VI) Special Needs Education / Grade 3 / Adapted Interactive Digital Content for Learners with Visual Impairment (VI) / Music Special Needs Education / Grade 3 / Adapted Interactive Digital Content for Learners with Visual Impairment (VI) / Mathematics Special Needs Education / Grade 3 / Adapted Interactive Digital Content for Learners with Visual Impairment (VI) / Visual Arts Special Needs Education / Grade 3 / Adapted Interactive Digital Content for Learners with Visual Impairment (VI) / Kiswahili Special Needs Education / Grade 3 / Adapted Interactive Digital Content for Learners with Visual Impairment (VI) / Hygiene and Nutrition Special Needs Education / Grade 3 / Adapted Interactive Digital Content for Learners with Visual Impairment (VI) / Environmental Special Needs Education / Grade 3 / Adapted Interactive Digital Content for Learners with Visual Impairment (VI) / English Special Needs Education / Grade 3 / Adapted Interactive Digital Content for Learners with Visual Impairment (VI) / CRE Special Needs Education / Grade 4 Special Needs Education / Grade 4 / Adapted Interactive Digital Content for Learners with Hearing Impairment (HI) Special Needs Education / Grade 4 / Adapted Interactive Digital Content for Learners with Hearing Impairment (HI) / Mathematics Special Needs Education / Grade 4 / Adapted Interactive Digital Content for Learners with Hearing Impairment (HI) / English Special Needs Education / Grade 4 / Adapted Interactive Digital Content for Learners with Hearing Impairment (HI) / Science and Technology Special Needs Education / Grade 4 / Adapted Interactive Digital Content for Learners with Hearing Impairment (HI) / Agriculture Special Needs Education / Grade 4 / Adapted Interactive Digital Content for Learners with Hearing Impairment (HI) / Social Studies Special Needs Education / Grade 4 / Adapted Interactive Digital Content for Learners with Hearing Impairment (HI) / Home Science Special Needs Education / Grade 4 / Adapted Interactive Digital Content for Learners with Hearing Impairment (HI) / Art and Craft Special Needs Education / Grade 4 / Adapted Interactive Digital Content for Learners with Hearing Impairment (HI) / Music Special Needs Education / Grade 4 / Adapted Interactive Digital Content for Learners with Hearing Impairment (HI) / Christian Religious Education (CRE) Special Needs Education / Grade 4 / Adapted Interactive Digital Content for Learners with Visual Impairment (VI) Special Needs Education / Grade 4 / Adapted Interactive Digital Content for Learners with Visual Impairment (VI) / Mathematics Special Needs Education / Grade 4 / Adapted Interactive Digital Content for Learners with Visual Impairment (VI) / English Special Needs Education / Grade 4 / Adapted Interactive Digital Content for Learners with Visual Impairment (VI) / Kiswahili Special Needs Education / Grade 4 / Adapted Interactive Digital Content for Learners with Visual Impairment (VI) / Science and Technology Special Needs Education / Grade 4 / Adapted Interactive Digital Content for Learners with Visual Impairment (VI) / Agriculture Special Needs Education / Grade 4 / Adapted Interactive Digital Content for Learners with Visual Impairment (VI) / Social Studies Special Needs Education / Grade 4 / Adapted Interactive Digital Content for Learners with Visual Impairment (VI) / Home Science Special Needs Education / Grade 4 / Adapted Interactive Digital Content for Learners with Visual Impairment (VI) / Art and Craft Special Needs Education / Grade 4 / Adapted Interactive Digital Content for Learners with Visual Impairment (VI) / Christian Religious Education (CRE) Special Needs Education / Grade 4 / Adapted Interactive Digital Content for Learners with Visual Impairment (VI) / Music Special Needs Education / Grade 5 Special Needs Education / Grade 5 / Adapted Interactive Digital Content for Learners with Hearing Impairment (HI) Special Needs Education / Grade 5 / Adapted Interactive Digital Content for Learners with Hearing Impairment (HI) / English Special Needs Education / Grade 5 / Adapted Interactive Digital Content for Learners with Hearing Impairment (HI) / Christian Religious Education Special Needs Education / Grade 5 / Adapted Interactive Digital Content for Learners with Hearing Impairment (HI) / Social Studies Special Needs Education / Grade 5 / Adapted Interactive Digital Content for Learners with Hearing Impairment (HI) / Agriculture and Nutrition Special Needs Education / Grade 5 / Adapted Interactive Digital Content for Learners with Hearing Impairment (HI) / Creative Arts Special Needs Education / Grade 5 / Adapted Interactive Digital Content for Learners with Hearing Impairment (HI) / Mathematics Special Needs Education / Grade 5 / Adapted Interactive Digital Content for Learners with Hearing Impairment (HI) / Science and Technology Special Needs Education / Grade 5 / Adapted Interactive Digital Content for Learners with Hearing Impairment (HI) / Islamic Religious Education Special Needs Education / Grade 5 / Adapted Interactive Digital Content for Learners with Visual Impairment (VI) Special Needs Education / Grade 5 / Adapted Interactive Digital Content for Learners with Visual Impairment (VI) / Creative Arts Special Needs Education / Grade 5 / Adapted Interactive Digital Content for Learners with Visual Impairment (VI) / Social Studies Special Needs Education / Grade 5 / Adapted Interactive Digital Content for Learners with Visual Impairment (VI) / Kiswahili Special Needs Education / Grade 5 / Adapted Interactive Digital Content for Learners with Visual Impairment (VI) / Christian Religious Education Special Needs Education / Grade 5 / Adapted Interactive Digital Content for Learners with Visual Impairment (VI) / Science and Technology Special Needs Education / Grade 5 / Adapted Interactive Digital Content for Learners with Visual Impairment (VI) / Agriculture and Nutrition Special Needs Education / Grade 5 / Adapted Interactive Digital Content for Learners with Visual Impairment (VI) / Islamic Religious Education Special Needs Education / Grade 5 / Adapted Interactive Digital Content for Learners with Visual Impairment (VI) / Mathematics Special Needs Education / Grade 5 / Adapted Interactive Digital Content for Learners with Visual Impairment (VI) / English Special Needs Education / Grade 6 Special Needs Education / Grade 6 / Adapted Interactive Digital Content for Learners with Hearing Impairment (HI) Special Needs Education / Grade 6 / Adapted Interactive Digital Content for Learners with Hearing Impairment (HI) / Science and Technology Special Needs Education / Grade 6 / Adapted Interactive Digital Content for Learners with Hearing Impairment (HI) / Christian Religious Education Special Needs Education / Grade 6 / Adapted Interactive Digital Content for Learners with Hearing Impairment (HI) / Creative Arts Special Needs Education / Grade 6 / Adapted Interactive Digital Content for Learners with Hearing Impairment (HI) / Islamic Religious Education Special Needs Education / Grade 6 / Adapted Interactive Digital Content for Learners with Hearing Impairment (HI) / English Special Needs Education / Grade 6 / Adapted Interactive Digital Content for Learners with Hearing Impairment (HI) / Social Studies Special Needs Education / Grade 6 / Adapted Interactive Digital Content for Learners with Hearing Impairment (HI) / Agriculture Special Needs Education / Grade 6 / Adapted Interactive Digital Content for Learners with Hearing Impairment (HI) / Mathematics Special Needs Education / Grade 6 / Adapted Interactive Digital Content for Learners with Visual Impairment (VI) Special Needs Education / Grade 6 / Adapted Interactive Digital Content for Learners with Visual Impairment (VI) / Christian Religious Education Special Needs Education / Grade 6 / Adapted Interactive Digital Content for Learners with Visual Impairment (VI) / Kiswahili Special Needs Education / Grade 6 / Adapted Interactive Digital Content for Learners with Visual Impairment (VI) / English Special Needs Education / Grade 6 / Adapted Interactive Digital Content for Learners with Visual Impairment (VI) / Creative Arts Special Needs Education / Grade 6 / Adapted Interactive Digital Content for Learners with Visual Impairment (VI) / Mathematics Special Needs Education / Grade 6 / Adapted Interactive Digital Content for Learners with Visual Impairment (VI) / Science and Technology Special Needs Education / Grade 6 / Adapted Interactive Digital Content for Learners with Visual Impairment (VI) / Islamic Religious Education Special Needs Education / Grade 6 / Adapted Interactive Digital Content for Learners with Visual Impairment (VI) / Social Studies Special Needs Education / Grade 6 / Adapted Interactive Digital Content for Learners with Visual Impairment (VI) / Agriculture and Nutrition Special Needs Education / Ebooks Special Needs Education / Videos Special Needs Education / Foundational and Stage-Based Special Needs Education / Prevocational Level Special Needs Education / Prevocational Level / Music Special Needs Education / Prevocational Level / Hindu Religious Education Special Needs Education / Prevocational Level / Christian Religious Education Special Needs Education / Prevocational Level / Physical Education Special Needs Education / Prevocational Level / Islamic Religious Education Special Needs Education / Prevocational Level / Social Studies Special Needs Education / Prevocational Level / Prevocational Skills 1 Special Needs Education / Prevocational Level / Prevocational Skills 2 Special Needs Education / Prevocational Level / Prevocational Skills 3 Accessible Digital Textbooks Interactive Simulations for Sciences and Mathematics Interactive Simulations for Sciences and Mathematics / Physics Interactive Simulations for Sciences and Mathematics / Chemistry Interactive Simulations for Sciences and Mathematics / Mathematics Information, Education and Communication(IEC) Materials Information, Education and Communication(IEC) Materials / Child Online Safety Information, Education and Communication(IEC) Materials / Child Road Safety Information, Education and Communication(IEC) Materials / Child Road Safety / Integration Matrices Information, Education and Communication(IEC) Materials / Child Road Safety / Integration Matrices / Early Years Education Information, Education and Communication(IEC) Materials / Child Road Safety / Integration Matrices / Upper Primary Information, Education and Communication(IEC) Materials / Child Road Safety / Integration Matrices / Junior School Information, Education and Communication(IEC) Materials / Child Road Safety / Integration Matrices / Senior School Information, Education and Communication(IEC) Materials / Child Road Safety / Information, Education and Communication(IEC) Materials on Child Road Safety Information, Education and Communication(IEC) Materials / Child Road Safety / Information, Education and Communication(IEC) Materials on Child Road Safety / Early Years Education Information, Education and Communication(IEC) Materials / Child Road Safety / Information, Education and Communication(IEC) Materials on Child Road Safety / Upper Primary Information, Education and Communication(IEC) Materials / Child Road Safety / Information, Education and Communication(IEC) Materials on Child Road Safety / Junior School Information, Education and Communication(IEC) Materials / Child Road Safety / Information, Education and Communication(IEC) Materials on Child Road Safety / Senior School Information, Education and Communication(IEC) Materials / Child Road Safety / Teacher's Handbook Information, Education and Communication(IEC) Materials / Financial Literacy Learners’ Toolkit Teacher Resources Teacher Resources / Educational Resources Materials Development Teacher Resources / Educational Resources Materials Development / CRE Teacher Resources / Educational Resources Materials Development / English Teacher Resources / Educational Resources Materials Development / Environment Teacher Resources / Educational Resources Materials Development / Foundations Teacher Resources / Educational Resources Materials Development / H.R.E Teacher Resources / Educational Resources Materials Development / Hygiene and Nutrition Teacher Resources / Educational Resources Materials Development / I.R.E Teacher Resources / Educational Resources Materials Development / Kiswahili Teacher Resources / Educational Resources Materials Development / Language Activities Teacher Resources / Educational Resources Materials Development / Literacy Skills Teacher Resources / Educational Resources Materials Development / Mathematics Teacher Resources / Educational Resources Materials Development / Movements and Arts Teacher Resources / Pre-Primary Teacher Radio Programmes Teacher Resources / CBC Courses Teacher Resources / Special Needs Educations Teacher Resources / Interactive Digital Content for Teacher Education Teacher Resources / Interactive Digital Content for Teacher Education / English Teacher Resources / Interactive Digital Content for Teacher Education / Music Teacher Resources / Interactive Digital Content for Teacher Education / Christian Religious Education Teacher Resources / Interactive Digital Content for Teacher Education / Art and Craft Teacher Resources / Interactive Digital Content for Teacher Education / Indigenous Languages Teacher Resources / Interactive Digital Content for Teacher Education / Home science Teacher Resources / Interactive Digital Content for Teacher Education / Science and Technology Teacher Resources / Interactive Digital Content for Teacher Education / Islamic Religious Education Teacher Resources / Interactive Digital Content for Teacher Education / Mandarin Teacher Resources / Interactive Digital Content for Teacher Education / Agriculture Teacher Resources / Interactive Digital Content for Teacher Education / Mathematics Teacher Resources / Interactive Digital Content for Teacher Education / French Teacher Resources / Interactive Digital Content for Teacher Education / Hindu Religious Education Teacher Resources / Interactive Digital Content for Teacher Education / Social Studies Teacher Resources / Interactive Digital Content for Teacher Education / Kiswahili Teacher Resources / Interactive Digital Content for Teacher Education / Physical Education Teacher Resources / Interactive Digital Content for Teacher Education / Arabic Parental Resources Financial Literacy Financial Literacy / Financial Literacy for Junior School Financial Literacy / Financial Literacy for Junior School / Taxation Financial Literacy / Financial Literacy for Senior School Financial Literacy / Financial Literacy for Senior School / Taxation Search lessons Search Expand allRadio Lessons Educhannel TV Lessons Interactive Digital Content EBooksTusome English Video Lessons Radio Lessons Educhannel TV Lessons Interactive Digital Content EBooksTusome English Video Lessons Digital Content | Kenya Education Cloud | Unlimited Learning Experiences Skip to main content (Login) Grade 3 Home Lessons Primary Education Grade 3 Lesson categories: Pre-Primary Pre-Primary / Radio Lessons Pre-Primary / Educhannel Video Lessons Pre-Primary / Educhannel Video Lessons / Language Activities Pre-Primary / Educhannel Video Lessons / Mathematics Pre-Primary / Educhannel Video Lessons / Our School Pre-Primary / Educhannel Video Lessons / Picture Making Pre-Primary / Educhannel Video Lessons / Social Environment Pre-Primary / Educhannel Video Lessons / Pre-Primary 1 Pre-Primary / Educhannel Video Lessons / Pre-Primary 2 Pre-Primary / Interactive digital Content Pre-Primary / Ebooks Primary Education Primary Education / Grade 1 Primary Education / Grade 1 / Educhannel TV Lessons Primary Education / Grade 1 / Educhannel TV Lessons / English Primary Education / Grade 1 / Educhannel TV Lessons / Mathematics Primary Education / Grade 1 / Educhannel TV Lessons / Kiswahili Primary Education / Grade 1 / Educhannel TV Lessons / Kenya Sign Language(KSL) Primary Education / Grade 1 / Educhannel TV Lessons / Hygiene and nutrition Primary Education / Grade 1 / Educhannel TV Lessons / Environmental Activities Primary Education / Grade 1 / Interactive Digital Content Primary Education / Grade 1 / Radio Lessons Primary Education / Grade 1 / Radio Lessons / Mathematics Primary Education / Grade 1 / Radio Lessons / Mathematics / Grade 1 Term 2 Primary Education / Grade 1 / Radio Lessons / Mathematics / Grade 1 Term 3 Primary Education / Grade 1 / Radio Lessons / Kiswahili Primary Education / Grade 1 / Radio Lessons / Kiswahili / Grade 1 Term 2 Primary Education / Grade 1 / Radio Lessons / Kiswahili / Grade 1 Term 3 Primary Education / Grade 1 / Radio Lessons / English Primary Education / Grade 1 / Radio Lessons / English / Grade 1 Term 2 Primary Education / Grade 1 / Radio Lessons / English / Grade 1 Term 3 Primary Education / Grade 1 / Ebooks Primary Education / Grade 1 / Ebooks / Tusome readers Primary Education / Grade 1 / Ebooks / Indigenous Languages Primary Education / Grade 2 Primary Education / Grade 2 / Interactive Digital Content Primary Education / Grade 2 / Educhannel Tv Lessons Primary Education / Grade 2 / Educhannel Tv Lessons / Mathematics Primary Education / Grade 2 / Educhannel Tv Lessons / English Primary Education / Grade 2 / Radio Lessons Primary Education / Grade 2 / Radio Lessons / Mathematics Primary Education / Grade 2 / Radio Lessons / Mathematics / Grade 2 Term 2 Primary Education / Grade 2 / Radio Lessons / English Primary Education / Grade 2 / Radio Lessons / English / Grade 2 Term 2 Primary Education / Grade 2 / Radio Lessons / English / Grade 2 Term 3 Primary Education / Grade 2 / Radio Lessons / Kiswahili Primary Education / Grade 2 / Radio Lessons / Kiswahili / Grade 2 Term 3 Primary Education / Grade 2 / Hygiene and Nutrition Primary Education / Grade 2 / Hygiene and Nutrition / Grade 2 Term 2 Primary Education / Grade 2 / E-books Primary Education / Grade 2 / E-books / Tusome Readers Primary Education / Grade 3 Primary Education / Grade 3 / Radio Lessons Primary Education / Grade 3 / Radio Lessons / Mathematics Primary Education / Grade 3 / Radio Lessons / Mathematics / Grade 3 Term 2 Primary Education / Grade 3 / Radio Lessons / Mathematics / Grade 3 Term 3 Primary Education / Grade 3 / Radio Lessons / English Primary Education / Grade 3 / Radio Lessons / English / Grade 3 Term 2 Primary Education / Grade 3 / Radio Lessons / English / Grade 3 Term 3 Primary Education / Grade 3 / Radio Lessons / Environmental Activities Primary Education / Grade 3 / Radio Lessons / Environmental Activities / Grade 3 Term 2 Primary Education / Grade 3 / Radio Lessons / Kiswahili Primary Education / Grade 3 / Radio Lessons / Kiswahili / Grade 3 Term 3 Primary Education / Grade 3 / Educhannel TV Lessons Primary Education / Grade 3 / Educhannel TV Lessons / Mathematics Primary Education / Grade 3 / Educhannel TV Lessons / English Primary Education / Grade 3 / Educhannel TV Lessons / Kiswahili Primary Education / Grade 3 / Educhannel TV Lessons / Hygiene and Nutrition Primary Education / Grade 3 / Educhannel TV Lessons / Environmental Activities Primary Education / Grade 3 / Interactive Digital Content Primary Education / Grade 3 / EBooks Primary Education / Grade 3 / Tusome English Video Lessons Primary Education / Grade 3 / Tusome English Video Lessons / Tusome English Grade 3 Lessons Primary Education / Grade 4 Primary Education / Grade 4 / Educhannel Tv Lessons Primary Education / Grade 4 / Educhannel Tv Lessons / Home Science Primary Education / Grade 4 / Educhannel Tv Lessons / Agriculture Primary Education / Grade 4 / Educhannel Tv Lessons / Music Primary Education / Grade 4 / Educhannel Tv Lessons / Physical Education Primary Education / Grade 4 / Educhannel Tv Lessons / Art and Craft Primary Education / Grade 4 / Educhannel Tv Lessons / Kenya Sign Language Primary Education / Grade 4 / Educhannel Tv Lessons / Mathematics Primary Education / Grade 4 / Educhannel Tv Lessons / Science and Technology Primary Education / Grade 4 / Educhannel Tv Lessons / Social Studies Primary Education / Grade 4 / Educhannel Tv Lessons / English Primary Education / Grade 4 / Educhannel Tv Lessons / Kiswahili Primary Education / Grade 4 / Educhannel Tv Lessons / Environmental Activity Primary Education / Grade 4 / Radio lessons Primary Education / Grade 4 / Radio lessons / Social Studies Primary Education / Grade 4 / Radio lessons / Social Studies / Grade 4 Term 2 Primary Education / Grade 4 / Radio lessons / Social Studies / Grade 4 Term 3 Primary Education / Grade 4 / Radio lessons / CRE Primary Education / Grade 4 / Radio lessons / CRE / Grade 4 Term 2 Primary Education / Grade 4 / Radio lessons / English Primary Education / Grade 4 / Radio lessons / English / Grade 4 Term 2 Primary Education / Grade 4 / Radio lessons / English / Grade 4 Term 3 Primary Education / Grade 4 / Radio lessons / Hygiene and Nutrition Primary Education / Grade 4 / Radio lessons / Hygiene and Nutrition / Grade 4 Term 1 Primary Education / Grade 4 / Radio lessons / IRE Primary Education / Grade 4 / Radio lessons / IRE / Grade 4 Term 2 Primary Education / Grade 4 / Radio lessons / Science and Technology Primary Education / Grade 4 / Radio lessons / Science and Technology / Grade 4 Term 3 Primary Education / Grade 4 / Radio lessons / Agriculture Primary Education / Grade 4 / Radio lessons / Agriculture / Grade 4 Term 3 Primary Education / Grade 4 / Radio lessons / Mathematics Primary Education / Grade 4 / Radio lessons / Mathematics / Grade 4 Term 3 Primary Education / Grade 4 / SNE Primary Education / Grade 4 / Interactive Digital Content Primary Education / Grade 5 Primary Education / Grade 5 / Educhannel Tv Lessons Primary Education / Grade 5 / Educhannel Tv Lessons / English Primary Education / Grade 5 / Educhannel Tv Lessons / Kiswahili Primary Education / Grade 5 / Educhannel Tv Lessons / Mathematics Primary Education / Grade 5 / Radio Lessons Primary Education / Grade 5 / Radio Lessons / English Primary Education / Grade 5 / Radio Lessons / Science and Technology Primary Education / Grade 5 / Radio Lessons / Agriculture Primary Education / Grade 5 / Radio Lessons / Social studies Primary Education / Grade 5 / Radio Lessons / Christian Religious Education Primary Education / Grade 5 / Radio Lessons / Mathematics Primary Education / Grade 5 / Interactive Digital Content Primary Education / Grade 6 Primary Education / Grade 6 / Radio Lessons Primary Education / Grade 6 / Radio Lessons / CRE Primary Education / Grade 6 / Radio Lessons / Social Studies Primary Education / Grade 6 / Radio Lessons / Science Primary Education / Grade 6 / Radio Lessons / Kiswahili Primary Education / Grade 6 / Radio Lessons / English Primary Education / Grade 6 / Radio Lessons / Mathematics Primary Education / Grade 6 / Educhannel TV Lessons Primary Education / Grade 6 / Educhannel TV Lessons / Kiswahili Primary Education / Grade 6 / Educhannel TV Lessons / Agriculture Primary Education / Grade 6 / Educhannel TV Lessons / Art and Craft Primary Education / Grade 6 / Educhannel TV Lessons / English Primary Education / Grade 6 / Educhannel TV Lessons / Home Science Primary Education / Grade 6 / Educhannel TV Lessons / Music Primary Education / Grade 6 / Educhannel TV Lessons / Science and technology Primary Education / Grade 6 / Educhannel TV Lessons / Physical health education Primary Education / Grade 6 / Interactive Digital Content Junior School Junior School / Grade 8 Junior School / Grade 8 / Educhannel Tv Lessons Junior School / Grade 8 / Radio Lessons Junior School / Grade 8 / Interactive Digital Content Junior School / Grade 7 Junior School / Grade 7 / Educhannel TV lessons Junior School / Grade 7 / Radio Lessons Junior School / Grade 7 / Radio Lessons / Mathematics Junior School / Grade 7 / Radio Lessons / Kiswahili Junior School / Grade 7 / Radio Lessons / English Junior School / Grade 7 / Radio Lessons / Christian Religious Education Junior School / Grade 7 / Radio Lessons / Integrated Science Junior School / Grade 7 / Radio Lessons / Social Studies Junior School / Grade 7 / Radio Lessons / Pre-Technical Studies Junior School / Grade 7 / Interactive Digital Content Secondary Education Secondary Education / Form 1 Secondary Education / Form 1 / Interactive Digital Content Secondary Education / Form 1 / Educhannel Tv Lessons Secondary Education / Form 1 / Educhannel Tv Lessons / Mathematics Secondary Education / Form 1 / Educhannel Tv Lessons / English Secondary Education / Form 1 / Educhannel Tv Lessons / Physics Secondary Education / Form 1 / Educhannel Tv Lessons / Biology Secondary Education / Form 1 / Educhannel Tv Lessons / Chemistry Secondary Education / Form 1 / Educhannel Tv Lessons / Kiswahili Secondary Education / Form 1 / Educhannel Tv Lessons / History and Government Secondary Education / Form 1 / Educhannel Tv Lessons / Business Studies Secondary Education / Form 1 / Radio Lessons Secondary Education / Form 1 / Ebooks Secondary Education / Form 2 Secondary Education / Form 2 / Interactive Digital Content Secondary Education / Form 2 / Educhannel Tv Lessons Secondary Education / Form 2 / Educhannel Tv Lessons / Physics Secondary Education / Form 2 / Radio Lessons Secondary Education / Form 2 / Radio Lessons / Biology Secondary Education / Form 3 Secondary Education / Form 3 / Interactive Digital Content Secondary Education / Form 3 / Educhannel Tv Lessons Secondary Education / Form 3 / Educhannel Tv Lessons / Mathematics Secondary Education / Form 3 / Educhannel Tv Lessons / English Secondary Education / Form 3 / Educhannel Tv Lessons / Kiswahili Secondary Education / Form 3 / Educhannel Tv Lessons / Biology Secondary Education / Form 3 / Educhannel Tv Lessons / Chemistry Secondary Education / Form 3 / Educhannel Tv Lessons / Physics Secondary Education / Form 3 / Educhannel Tv Lessons / Business Studies Secondary Education / Form 3 / Educhannel Tv Lessons / History and Government Secondary Education / Form 3 / Radio Lessons Secondary Education / Form 4 Secondary Education / Form 4 / Interactive Digital Content Secondary Education / Form 4 / Educhannel Tv Lessons Secondary Education / Form 4 / Educhannel Tv Lessons / Form 4 Mathematics Secondary Education / Form 4 / Educhannel Tv Lessons / Form 4 English Secondary Education / Form 4 / Educhannel Tv Lessons / Form 4 Physics Secondary Education / Form 4 / Educhannel Tv Lessons / Form 4 Biology Secondary Education / Form 4 / Educhannel Tv Lessons / Form 4 Kiswahili Secondary Education / Form 4 / Educhannel Tv Lessons / Form 4 Chemistry Secondary Education / Form 4 / Educhannel Tv Lessons / Form 4 History and Government Secondary Education / Form 4 / Educhannel Tv Lessons / Form 4 Business Studies Secondary Education / Form 4 / Radio Lessons Secondary Education / Form 4 / Radio Lessons / Mathematics Secondary Education / Form 4 / Radio Lessons / Mathematics / Form 4 Term 1 Secondary Education / Form 4 / Radio Lessons / Mathematics / Form 4 Term 2 Secondary Education / Form 4 / Radio Lessons / Mathematics / Form 4 Term 3 General Knowledge General Knowledge / VOA Connect General Knowledge / Ask the expert General Knowledge / Citizenship and Democracy General Knowledge / Digital Story General Knowledge / Impacted Educhannel Lessons Educhannel Lessons / English Educhannel Lessons / English / Transport and travel Educhannel Lessons / English / Pronunciation skills Educhannel Lessons / English / Listening and speaking Educhannel Lessons / English / Family Educhannel Lessons / English / Environment Educhannel Lessons / English / Drug and Substance Educhannel Lessons / Agriculture Educhannel Lessons / Biology Educhannel Lessons / Biology / Living Things Educhannel Lessons / Biology / Secretion and homeostasis Educhannel Lessons / Biology / Support and movement Educhannel Lessons / Business Studies Educhannel Lessons / Chemistry Educhannel Lessons / Earth Movement and Volcanicity Educhannel Lessons / Environmental Activities Educhannel Lessons / Geograpghy Educhannel Lessons / History Educhannel Lessons / History / Kenyan History Educhannel Lessons / Homescience Educhannel Lessons / Homescience / Basic care clothing Educhannel Lessons / Kiswahili Educhannel Lessons / Kiswahili / Primary Educhannel Lessons / Kiswahili / Primary / Darasa 4-5 Educhannel Lessons / Kiswahili / Secondary Educhannel Lessons / Kiswahili / Secondary / Isimu Jamii Educhannel Lessons / Kiswahili / Secondary / Sarufi Educhannel Lessons / Mathematics Educhannel Lessons / Mathematics / Secondary Educhannel Lessons / Mathematics / Secondary / Commercial Arithmetics Educhannel Lessons / Mathematics / Primary Educhannel Lessons / Mathematics / Primary / Class 5-8 Educhannel Lessons / Mathematics / Primary / Class 5-8 / Practical uses of Money Educhannel Lessons / Mathematics / Primary / Class 5-8 / Measurement Educhannel Lessons / Organic Chemistry Educhannel Lessons / Performing Music Educhannel Lessons / Homescience Educhannel Lessons / Homescience / Basic care of clothing Educhannel Lessons / Art and Craft Educhannel Lessons / Physics Educhannel Lessons / Physics / Thermodynamics Educhannel Lessons / Physics / Mechanics Educhannel Lessons / Physics / Electricity and Magnetism Educhannel Lessons / The Doyen Exposition Educhannel Lessons / Science Educhannel Lessons / Science / Making work easier Educhannel Lessons / Science / Living Things Educhannel Lessons / Science / Energy conservation Educhannel Lessons / Physical and Health Education Educhannel Lessons / Physical and Health Education / Grade 1-4 Open Education Resourses(OERs) Open Education Resourses(OERs) / Movement and Creative Activities Open Education Resourses(OERs) / 	Religious Education Activities Open Education Resourses(OERs) / Mathematical Activities Open Education Resourses(OERs) / Environmental Activities Open Education Resourses(OERs) / Kiswahili Language Open Education Resourses(OERs) / LTK | Concordia University Open Education Resourses(OERs) / Hygiene and Nutrition Open Education Resourses(OERs) / ENGLISH LANGUAGE ACTIVITIES Open Education Resourses(OERs) / Casio Materials Open Education Resourses(OERs) / Health Education Open Education Resourses(OERs) / Carbon Literacy Special Needs Education Special Needs Education / Grade 1 Special Needs Education / Grade 1 / Adapted Interactive Digital Content for Hearing Impaired(HI) Special Needs Education / Grade 1 / Adapted Interactive Digital Content for Hearing Impaired(HI) / English Activities Special Needs Education / Grade 1 / Adapted Interactive Digital Content for Hearing Impaired(HI) / Environmental Activities Special Needs Education / Grade 1 / Adapted Interactive Digital Content for Hearing Impaired(HI) / Creative Activities Special Needs Education / Grade 1 / Adapted Interactive Digital Content for Visual Impaired(VI) Special Needs Education / Grade 2 Special Needs Education / Grade 2 / Adapted Interactive Digital Content for Hearing Impaired(HI) Special Needs Education / Grade 2 / Adapted Interactive Digital Content for Hearing Impaired(HI) / Mathematics Grade 2 Special Needs Education / Grade 2 / Adapted Interactive Digital Content for Hearing Impaired(HI) / Environmental Activities Grade 2 Special Needs Education / Grade 2 / Adapted Interactive Digital Content for Hearing Impaired(HI) / Hygiene and Nutrition Grade 2 Special Needs Education / Grade 2 / Adapted Interactive Digital Content for Hearing Impaired(HI) / Christian Religious Education Grade 2 (HI) Special Needs Education / Grade 2 / Adapted Interactive Digital Content for Hearing Impaired(HI) / Literacy Activities Grade2 (HI) Special Needs Education / Grade 2 / Adapted Interactive Digital Content for Hearing Impaired(HI) / English Activities Grad2 H.I Special Needs Education / Grade 2 / Adapted Interactive Digital Content for Hearing Impaired(HI) / Creative Activities Grade2 -H.I Special Needs Education / Grade 2 / Adapted Interactive Digital Content for Visual Impaired(VI) Special Needs Education / Grade 2 / Adapted Interactive Digital Content for Visual Impaired(VI) / Mathematics Special Needs Education / Grade 2 / Adapted Interactive Digital Content for Visual Impaired(VI) / Kiswahili Special Needs Education / Grade 2 / Adapted Interactive Digital Content for Visual Impaired(VI) / English Special Needs Education / Grade 2 / Adapted Interactive Digital Content for Visual Impaired(VI) / Creative Activities Special Needs Education / Grade 2 / Adapted Interactive Digital Content for Visual Impaired(VI) / CRE Special Needs Education / Grade 3 Special Needs Education / Grade 3 / Adapted Interactive Digital Content for Learners with Hearing Impairment (HI) Special Needs Education / Grade 3 / Adapted Interactive Digital Content for Learners with Hearing Impairment (HI) / Visual Arts Special Needs Education / Grade 3 / Adapted Interactive Digital Content for Learners with Hearing Impairment (HI) / English Special Needs Education / Grade 3 / Adapted Interactive Digital Content for Learners with Hearing Impairment (HI) / Hygiene and Nutrition Special Needs Education / Grade 3 / Adapted Interactive Digital Content for Learners with Hearing Impairment (HI) / Music Special Needs Education / Grade 3 / Adapted Interactive Digital Content for Learners with Hearing Impairment (HI) / Mathematics Special Needs Education / Grade 3 / Adapted Interactive Digital Content for Learners with Hearing Impairment (HI) / Environmental Special Needs Education / Grade 3 / Adapted Interactive Digital Content for Learners with Hearing Impairment (HI) / CRE Special Needs Education / Grade 3 / Adapted Interactive Digital Content for Learners with Visual Impairment (VI) Special Needs Education / Grade 3 / Adapted Interactive Digital Content for Learners with Visual Impairment (VI) / Music Special Needs Education / Grade 3 / Adapted Interactive Digital Content for Learners with Visual Impairment (VI) / Mathematics Special Needs Education / Grade 3 / Adapted Interactive Digital Content for Learners with Visual Impairment (VI) / Visual Arts Special Needs Education / Grade 3 / Adapted Interactive Digital Content for Learners with Visual Impairment (VI) / Kiswahili Special Needs Education / Grade 3 / Adapted Interactive Digital Content for Learners with Visual Impairment (VI) / Hygiene and Nutrition Special Needs Education / Grade 3 / Adapted Interactive Digital Content for Learners with Visual Impairment (VI) / Environmental Special Needs Education / Grade 3 / Adapted Interactive Digital Content for Learners with Visual Impairment (VI) / English Special Needs Education / Grade 3 / Adapted Interactive Digital Content for Learners with Visual Impairment (VI) / CRE Special Needs Education / Grade 4 Special Needs Education / Grade 4 / Adapted Interactive Digital Content for Learners with Hearing Impairment (HI) Special Needs Education / Grade 4 / Adapted Interactive Digital Content for Learners with Hearing Impairment (HI) / Mathematics Special Needs Education / Grade 4 / Adapted Interactive Digital Content for Learners with Hearing Impairment (HI) / English Special Needs Education / Grade 4 / Adapted Interactive Digital Content for Learners with Hearing Impairment (HI) / Science and Technology Special Needs Education / Grade 4 / Adapted Interactive Digital Content for Learners with Hearing Impairment (HI) / Agriculture Special Needs Education / Grade 4 / Adapted Interactive Digital Content for Learners with Hearing Impairment (HI) / Social Studies Special Needs Education / Grade 4 / Adapted Interactive Digital Content for Learners with Hearing Impairment (HI) / Home Science Special Needs Education / Grade 4 / Adapted Interactive Digital Content for Learners with Hearing Impairment (HI) / Art and Craft Special Needs Education / Grade 4 / Adapted Interactive Digital Content for Learners with Hearing Impairment (HI) / Music Special Needs Education / Grade 4 / Adapted Interactive Digital Content for Learners with Hearing Impairment (HI) / Christian Religious Education (CRE) Special Needs Education / Grade 4 / Adapted Interactive Digital Content for Learners with Visual Impairment (VI) Special Needs Education / Grade 4 / Adapted Interactive Digital Content for Learners with Visual Impairment (VI) / Mathematics Special Needs Education / Grade 4 / Adapted Interactive Digital Content for Learners with Visual Impairment (VI) / English Special Needs Education / Grade 4 / Adapted Interactive Digital Content for Learners with Visual Impairment (VI) / Kiswahili Special Needs Education / Grade 4 / Adapted Interactive Digital Content for Learners with Visual Impairment (VI) / Science and Technology Special Needs Education / Grade 4 / Adapted Interactive Digital Content for Learners with Visual Impairment (VI) / Agriculture Special Needs Education / Grade 4 / Adapted Interactive Digital Content for Learners with Visual Impairment (VI) / Social Studies Special Needs Education / Grade 4 / Adapted Interactive Digital Content for Learners with Visual Impairment (VI) / Home Science Special Needs Education / Grade 4 / Adapted Interactive Digital Content for Learners with Visual Impairment (VI) / Art and Craft Special Needs Education / Grade 4 / Adapted Interactive Digital Content for Learners with Visual Impairment (VI) / Christian Religious Education (CRE) Special Needs Education / Grade 4 / Adapted Interactive Digital Content for Learners with Visual Impairment (VI) / Music Special Needs Education / Grade 5 Special Needs Education / Grade 5 / Adapted Interactive Digital Content for Learners with Hearing Impairment (HI) Special Needs Education / Grade 5 / Adapted Interactive Digital Content for Learners with Hearing Impairment (HI) / English Special Needs Education / Grade 5 / Adapted Interactive Digital Content for Learners with Hearing Impairment (HI) / Christian Religious Education Special Needs Education / Grade 5 / Adapted Interactive Digital Content for Learners with Hearing Impairment (HI) / Social Studies Special Needs Education / Grade 5 / Adapted Interactive Digital Content for Learners with Hearing Impairment (HI) / Agriculture and Nutrition Special Needs Education / Grade 5 / Adapted Interactive Digital Content for Learners with Hearing Impairment (HI) / Creative Arts Special Needs Education / Grade 5 / Adapted Interactive Digital Content for Learners with Hearing Impairment (HI) / Mathematics Special Needs Education / Grade 5 / Adapted Interactive Digital Content for Learners with Hearing Impairment (HI) / Science and Technology Special Needs Education / Grade 5 / Adapted Interactive Digital Content for Learners with Hearing Impairment (HI) / Islamic Religious Education Special Needs Education / Grade 5 / Adapted Interactive Digital Content for Learners with Visual Impairment (VI) Special Needs Education / Grade 5 / Adapted Interactive Digital Content for Learners with Visual Impairment (VI) / Creative Arts Special Needs Education / Grade 5 / Adapted Interactive Digital Content for Learners with Visual Impairment (VI) / Social Studies Special Needs Education / Grade 5 / Adapted Interactive Digital Content for Learners with Visual Impairment (VI) / Kiswahili Special Needs Education / Grade 5 / Adapted Interactive Digital Content for Learners with Visual Impairment (VI) / Christian Religious Education Special Needs Education / Grade 5 / Adapted Interactive Digital Content for Learners with Visual Impairment (VI) / Science and Technology Special Needs Education / Grade 5 / Adapted Interactive Digital Content for Learners with Visual Impairment (VI) / Agriculture and Nutrition Special Needs Education / Grade 5 / Adapted Interactive Digital Content for Learners with Visual Impairment (VI) / Islamic Religious Education Special Needs Education / Grade 5 / Adapted Interactive Digital Content for Learners with Visual Impairment (VI) / Mathematics Special Needs Education / Grade 5 / Adapted Interactive Digital Content for Learners with Visual Impairment (VI) / English Special Needs Education / Grade 6 Special Needs Education / Grade 6 / Adapted Interactive Digital Content for Learners with Hearing Impairment (HI) Special Needs Education / Grade 6 / Adapted Interactive Digital Content for Learners with Hearing Impairment (HI) / Science and Technology Special Needs Education / Grade 6 / Adapted Interactive Digital Content for Learners with Hearing Impairment (HI) / Christian Religious Education Special Needs Education / Grade 6 / Adapted Interactive Digital Content for Learners with Hearing Impairment (HI) / Creative Arts Special Needs Education / Grade 6 / Adapted Interactive Digital Content for Learners with Hearing Impairment (HI) / Islamic Religious Education Special Needs Education / Grade 6 / Adapted Interactive Digital Content for Learners with Hearing Impairment (HI) / English Special Needs Education / Grade 6 / Adapted Interactive Digital Content for Learners with Hearing Impairment (HI) / Social Studies Special Needs Education / Grade 6 / Adapted Interactive Digital Content for Learners with Hearing Impairment (HI) / Agriculture Special Needs Education / Grade 6 / Adapted Interactive Digital Content for Learners with Hearing Impairment (HI) / Mathematics Special Needs Education / Grade 6 / Adapted Interactive Digital Content for Learners with Visual Impairment (VI) Special Needs Education / Grade 6 / Adapted Interactive Digital Content for Learners with Visual Impairment (VI) / Christian Religious Education Special Needs Education / Grade 6 / Adapted Interactive Digital Content for Learners with Visual Impairment (VI) / Kiswahili Special Needs Education / Grade 6 / Adapted Interactive Digital Content for Learners with Visual Impairment (VI) / English Special Needs Education / Grade 6 / Adapted Interactive Digital Content for Learners with Visual Impairment (VI) / Creative Arts Special Needs Education / Grade 6 / Adapted Interactive Digital Content for Learners with Visual Impairment (VI) / Mathematics Special Needs Education / Grade 6 / Adapted Interactive Digital Content for Learners with Visual Impairment (VI) / Science and Technology Special Needs Education / Grade 6 / Adapted Interactive Digital Content for Learners with Visual Impairment (VI) / Islamic Religious Education Special Needs Education / Grade 6 / Adapted Interactive Digital Content for Learners with Visual Impairment (VI) / Social Studies Special Needs Education / Grade 6 / Adapted Interactive Digital Content for Learners with Visual Impairment (VI) / Agriculture and Nutrition Special Needs Education / Ebooks Special Needs Education / Videos Special Needs Education / Foundational and Stage-Based Special Needs Education / Prevocational Level Special Needs Education / Prevocational Level / Music Special Needs Education / Prevocational Level / Hindu Religious Education Special Needs Education / Prevocational Level / Christian Religious Education Special Needs Education / Prevocational Level / Physical Education Special Needs Education / Prevocational Level / Islamic Religious Education Special Needs Education / Prevocational Level / Social Studies Special Needs Education / Prevocational Level / Prevocational Skills 1 Special Needs Education / Prevocational Level / Prevocational Skills 2 Special Needs Education / Prevocational Level / Prevocational Skills 3 Accessible Digital Textbooks Interactive Simulations for Sciences and Mathematics Interactive Simulations for Sciences and Mathematics / Physics Interactive Simulations for Sciences and Mathematics / Chemistry Interactive Simulations for Sciences and Mathematics / Mathematics Information, Education and Communication(IEC) Materials Information, Education and Communication(IEC) Materials / Child Online Safety Information, Education and Communication(IEC) Materials / Child Road Safety Information, Education and Communication(IEC) Materials / Child Road Safety / Integration Matrices Information, Education and Communication(IEC) Materials / Child Road Safety / Integration Matrices / Early Years Education Information, Education and Communication(IEC) Materials / Child Road Safety / Integration Matrices / Upper Primary Information, Education and Communication(IEC) Materials / Child Road Safety / Integration Matrices / Junior School Information, Education and Communication(IEC) Materials / Child Road Safety / Integration Matrices / Senior School Information, Education and Communication(IEC) Materials / Child Road Safety / Information, Education and Communication(IEC) Materials on Child Road Safety Information, Education and Communication(IEC) Materials / Child Road Safety / Information, Education and Communication(IEC) Materials on Child Road Safety / Early Years Education Information, Education and Communication(IEC) Materials / Child Road Safety / Information, Education and Communication(IEC) Materials on Child Road Safety / Upper Primary Information, Education and Communication(IEC) Materials / Child Road Safety / Information, Education and Communication(IEC) Materials on Child Road Safety / Junior School Information, Education and Communication(IEC) Materials / Child Road Safety / Information, Education and Communication(IEC) Materials on Child Road Safety / Senior School Information, Education and Communication(IEC) Materials / Child Road Safety / Teacher's Handbook Information, Education and Communication(IEC) Materials / Financial Literacy Learners’ Toolkit Teacher Resources Teacher Resources / Educational Resources Materials Development Teacher Resources / Educational Resources Materials Development / CRE Teacher Resources / Educational Resources Materials Development / English Teacher Resources / Educational Resources Materials Development / Environment Teacher Resources / Educational Resources Materials Development / Foundations Teacher Resources / Educational Resources Materials Development / H.R.E Teacher Resources / Educational Resources Materials Development / Hygiene and Nutrition Teacher Resources / Educational Resources Materials Development / I.R.E Teacher Resources / Educational Resources Materials Development / Kiswahili Teacher Resources / Educational Resources Materials Development / Language Activities Teacher Resources / Educational Resources Materials Development / Literacy Skills Teacher Resources / Educational Resources Materials Development / Mathematics Teacher Resources / Educational Resources Materials Development / Movements and Arts Teacher Resources / Pre-Primary Teacher Radio Programmes Teacher Resources / CBC Courses Teacher Resources / Special Needs Educations Teacher Resources / Interactive Digital Content for Teacher Education Teacher Resources / Interactive Digital Content for Teacher Education / English Teacher Resources / Interactive Digital Content for Teacher Education / Music Teacher Resources / Interactive Digital Content for Teacher Education / Christian Religious Education Teacher Resources / Interactive Digital Content for Teacher Education / Art and Craft Teacher Resources / Interactive Digital Content for Teacher Education / Indigenous Languages Teacher Resources / Interactive Digital Content for Teacher Education / Home science Teacher Resources / Interactive Digital Content for Teacher Education / Science and Technology Teacher Resources / Interactive Digital Content for Teacher Education / Islamic Religious Education Teacher Resources / Interactive Digital Content for Teacher Education / Mandarin Teacher Resources / Interactive Digital Content for Teacher Education / Agriculture Teacher Resources / Interactive Digital Content for Teacher Education / Mathematics Teacher Resources / Interactive Digital Content for Teacher Education / French Teacher Resources / Interactive Digital Content for Teacher Education / Hindu Religious Education Teacher Resources / Interactive Digital Content for Teacher Education / Social Studies Teacher Resources / Interactive Digital Content for Teacher Education / Kiswahili Teacher Resources / Interactive Digital Content for Teacher Education / Physical Education Teacher Resources / Interactive Digital Content for Teacher Education / Arabic Parental Resources Financial Literacy Financial Literacy / Financial Literacy for Junior School Financial Literacy / Financial Literacy for Junior School / Taxation Financial Literacy / Financial Literacy for Senior School Financial Literacy / Financial Literacy for Senior School / Taxation Search lessons Search Expand allRadio Lessons Educhannel TV Lessons Interactive Digital Content EBooksTusome English Video Lessons Home Calendar Pre-primary Pre-Primary 1 Pre-Primary 2 Primary Grade 1 Grade 2 Grade 3 Grade 4 Grade 5 Grade 6 Secondary Grade 7 Grade 8 Form 1 Form 2 Form 3 Form 4 OER's SNE The Kenya Education Cloud (KEC) is a digital platform designed to enhance teaching and learning in Kenya by providing a wide range of digital educational resources. Serving as a centralized hub for e-learning, it promotes access to interactive content, supports modern pedagogical methods, and fosters collaboration among educators and learners. External Links Ministry of Education Kenya National Examinations Council Teachers Service Commission Kenya Kenya Institute of Special Education (KISE) ICT Authority TVET Authority Elimika Additional Resources Accessible Digital Textbook (ADT) Curriculum Reports Parental Resources Child Online Protection Guidelines Our Contacts Kenya Institute of Curriculum DevelopmentDesai Rd, Off Muranga Rd,Nairobi, Kenya. Telephone Contacts+254 729327331 +254 729327334 Email Addressinfo@kicd.ac.ke Kenya Education Cloud © 2024. All rights reserved. Privacy Policy Terms & Conditions (Login) Data retention summary","['mathematics', 'english', 'kiswahili', 'biology', 'chemistry', 'physics', 'geography', 'history', 'business', 'computer', 'agriculture', 'home_science', 'art', 'music', 'physical_education', 'religious_education']",form_1,cbc,[],2025-09-08T00:49:23.915859,unknown,primary,,grade_3,
https://orangebook.kec.ac.ke/#,Search | Verify,,"KICD Portal | FAQ info@kicd.ac.ke Orange Book - Any -Approved BooksApproved Digital contentPublisher Advanced search About This digital system has/contains a comprehensive list of course books, Digital material and other instructional materials which have been approved by the Ministry of Education(MoE). Schools are expected to select all their books from this Approved List and ensure that they examine all the recommended books before making their choices. External Links Ministry of Education Kenya National Examinations Council Teachers Service Commission Kenya Kenya Institute of Special Education (KISE) ICT Authority TVET Authority Elimika CBC Conference Our Contacts Kenya Institute of Curriculum Development Desai Rd, Off Muranga Rd, Nairobi, Kenya. Telephone Contacts +254 20 3749900-9 +254 20 3749900-3 +254 729 327 334 +254 787 883 311 Email Address info@kicd.ac.ke - Any -Approved BooksApproved Digital contentPublisher Advanced search - Any -Approved BooksApproved Digital contentPublisher Advanced search - Any -Approved BooksApproved Digital contentPublisher About This digital system has/contains a comprehensive list of course books, Digital material and other instructional materials which have been approved by the Ministry of Education(MoE). Schools are expected to select all their books from this Approved List and ensure that they examine all the recommended books before making their choices. External Links Ministry of Education Kenya National Examinations Council Teachers Service Commission Kenya Kenya Institute of Special Education (KISE) ICT Authority TVET Authority Elimika CBC Conference Our Contacts Kenya Institute of Curriculum Development Desai Rd, Off Muranga Rd, Nairobi, Kenya. Telephone Contacts +254 20 3749900-9 +254 20 3749900-3 +254 729 327 334 +254 787 883 311 Email Address info@kicd.ac.ke About This digital system has/contains a comprehensive list of course books, Digital material and other instructional materials which have been approved by the Ministry of Education(MoE). Schools are expected to select all their books from this Approved List and ensure that they examine all the recommended books before making their choices. External Links Ministry of Education Kenya National Examinations Council Teachers Service Commission Kenya Kenya Institute of Special Education (KISE) ICT Authority TVET Authority Elimika CBC Conference Our Contacts Kenya Institute of Curriculum Development Desai Rd, Off Muranga Rd, Nairobi, Kenya. Telephone Contacts +254 20 3749900-9 +254 20 3749900-3 +254 729 327 334 +254 787 883 311 Email Address info@kicd.ac.ke Search | Verify Skip to main content KICD Portal | FAQ info@kicd.ac.ke Orange Book - Any -Approved BooksApproved Digital contentPublisher Advanced search About This digital system has/contains a comprehensive list of course books, Digital material and other instructional materials which have been approved by the Ministry of Education(MoE). Schools are expected to select all their books from this Approved List and ensure that they examine all the recommended books before making their choices. External Links Ministry of Education Kenya National Examinations Council Teachers Service Commission Kenya Kenya Institute of Special Education (KISE) ICT Authority TVET Authority Elimika CBC Conference Our Contacts Kenya Institute of Curriculum Development Desai Rd, Off Muranga Rd, Nairobi, Kenya. Telephone Contacts +254 20 3749900-9 +254 20 3749900-3 +254 729 327 334 +254 787 883 311 Email Address info@kicd.ac.ke",['computer'],unknown,cbc,[],2025-09-08T00:49:24.438376,unknown,,,,
https://elimika.kec.ac.ke/search/index.php,Elimika Platform | Kenya Education Cloud | Unlimited Learning Experinces,"Elimika is an online teacher training platform , offering Competency Based Curriculum (CBC)-aligned courses developed by the Kenya Institute of Curriculum Development (KICD). Learn anytime, anywhere and enhance your skills in ICT integration, assessment, pedagogy, and professional teaching under Kenya’s Competency Based Curriculum.","Globale soektog Tuisblad Webwerf bladsye Soek Globale soektog Brei alles uit Soek Voer jou soeknavraag in Filter Titel Soekarea Boek - hoofstukke Boek - hulpbron informasie Boodskappe - gestuur Boodskappe - ontvang Databasis - aktiwiteitinligting Databasis - inskrywings Eksterne hulpmiddel - aktiwiteitsinligting Folder Forum - aktiwiteitinligting Forum - plasings Gebruikers HTML blok inhoud IMS-inhoudpakket - hulpbroninligting Inligting oor Choice-aktiwiteit Klets - aktiwiteitinligting Kursus doelgemaakte velde Kursusafdelings Kursusse Label Lêer Les - aktiwiteitinligting Opdrag - aktiwiteit informasie Opname - aktiwiteitsinligting Page Reengagement - aktiwiteitsinligting SCORM-pakket - aktiwiteitinligting Terugvoer - aktiwiteitinligting URL Vasvra - aktiwiteit informasie Werksessie - aktiwiteitinligting Wiki - aktiwiteitinligting Wiki - medewerkende blaaie Woordelys - aktiwiteitinligting Woordelys - inskrywings Kursusse Gewysig ná Gewysig ná Dag 1 2 3 4 5 6 7 8 9 10 11 12 13 14 15 16 17 18 19 20 21 22 23 24 25 26 27 28 29 30 31 Maand January February March April May June July August September October November December Jaar 1900 1901 1902 1903 1904 1905 1906 1907 1908 1909 1910 1911 1912 1913 1914 1915 1916 1917 1918 1919 1920 1921 1922 1923 1924 1925 1926 1927 1928 1929 1930 1931 1932 1933 1934 1935 1936 1937 1938 1939 1940 1941 1942 1943 1944 1945 1946 1947 1948 1949 1950 1951 1952 1953 1954 1955 1956 1957 1958 1959 1960 1961 1962 1963 1964 1965 1966 1967 1968 1969 1970 1971 1972 1973 1974 1975 1976 1977 1978 1979 1980 1981 1982 1983 1984 1985 1986 1987 1988 1989 1990 1991 1992 1993 1994 1995 1996 1997 1998 1999 2000 2001 2002 2003 2004 2005 2006 2007 2008 2009 2010 2011 2012 2013 2014 2015 2016 2017 2018 2019 2020 2021 2022 2023 2024 2025 2026 2027 2028 2029 2030 2031 2032 2033 2034 2035 2036 2037 2038 2039 2040 2041 2042 2043 2044 2045 2046 2047 2048 2049 2050 Uur 00 01 02 03 04 05 06 07 08 09 10 11 12 13 14 15 16 17 18 19 20 21 22 23 Minuut 00 01 02 03 04 05 06 07 08 09 10 11 12 13 14 15 16 17 18 19 20 21 22 23 24 25 26 27 28 29 30 31 32 33 34 35 36 37 38 39 40 41 42 43 44 45 46 47 48 49 50 51 52 53 54 55 56 57 58 59 Aktiveer Gewysig voor Gewysig voor Dag 1 2 3 4 5 6 7 8 9 10 11 12 13 14 15 16 17 18 19 20 21 22 23 24 25 26 27 28 29 30 31 Maand January February March April May June July August September October November December Jaar 1900 1901 1902 1903 1904 1905 1906 1907 1908 1909 1910 1911 1912 1913 1914 1915 1916 1917 1918 1919 1920 1921 1922 1923 1924 1925 1926 1927 1928 1929 1930 1931 1932 1933 1934 1935 1936 1937 1938 1939 1940 1941 1942 1943 1944 1945 1946 1947 1948 1949 1950 1951 1952 1953 1954 1955 1956 1957 1958 1959 1960 1961 1962 1963 1964 1965 1966 1967 1968 1969 1970 1971 1972 1973 1974 1975 1976 1977 1978 1979 1980 1981 1982 1983 1984 1985 1986 1987 1988 1989 1990 1991 1992 1993 1994 1995 1996 1997 1998 1999 2000 2001 2002 2003 2004 2005 2006 2007 2008 2009 2010 2011 2012 2013 2014 2015 2016 2017 2018 2019 2020 2021 2022 2023 2024 2025 2026 2027 2028 2029 2030 2031 2032 2033 2034 2035 2036 2037 2038 2039 2040 2041 2042 2043 2044 2045 2046 2047 2048 2049 2050 Uur 00 01 02 03 04 05 06 07 08 09 10 11 12 13 14 15 16 17 18 19 20 21 22 23 Minuut 00 01 02 03 04 05 06 07 08 09 10 11 12 13 14 15 16 17 18 19 20 21 22 23 24 25 26 27 28 29 30 31 32 33 34 35 36 37 38 39 40 41 42 43 44 45 46 47 48 49 50 51 52 53 54 55 56 57 58 59 Aktiveer Daar is verlangde velde in hierdie vorm gemerk . Elimika Platform | Kenya Education Cloud | Unlimited Learning Experinces Elimika home_app_logoGlypaneel Afrikaans ‎(af)‎ Afrikaans ‎(af)‎ English ‎(en)‎ Soek Sluit Soek Wissel soek invoer Teken in Gebruikersnaam Wagwoord Onthou gebruikersnaam Forgot Password? Teken in Teken in met die gebruik van jou rekening by: Skep 'n nuwe profiel Tuisblad frontpageloaded Soek Site announcements Kursusse Slaan oor na hoof inhoud Globale soektog Tuisblad Webwerf bladsye Soek Globale soektog Brei alles uit Soek Voer jou soeknavraag in Filter Titel Soekarea Boek - hoofstukke Boek - hulpbron informasie Boodskappe - gestuur Boodskappe - ontvang Databasis - aktiwiteitinligting Databasis - inskrywings Eksterne hulpmiddel - aktiwiteitsinligting Folder Forum - aktiwiteitinligting Forum - plasings Gebruikers HTML blok inhoud IMS-inhoudpakket - hulpbroninligting Inligting oor Choice-aktiwiteit Klets - aktiwiteitinligting Kursus doelgemaakte velde Kursusafdelings Kursusse Label Lêer Les - aktiwiteitinligting Opdrag - aktiwiteit informasie Opname - aktiwiteitsinligting Page Reengagement - aktiwiteitsinligting SCORM-pakket - aktiwiteitinligting Terugvoer - aktiwiteitinligting URL Vasvra - aktiwiteit informasie Werksessie - aktiwiteitinligting Wiki - aktiwiteitinligting Wiki - medewerkende blaaie Woordelys - aktiwiteitinligting Woordelys - inskrywings Kursusse Gewysig ná Gewysig ná Dag 1 2 3 4 5 6 7 8 9 10 11 12 13 14 15 16 17 18 19 20 21 22 23 24 25 26 27 28 29 30 31 Maand January February March April May June July August September October November December Jaar 1900 1901 1902 1903 1904 1905 1906 1907 1908 1909 1910 1911 1912 1913 1914 1915 1916 1917 1918 1919 1920 1921 1922 1923 1924 1925 1926 1927 1928 1929 1930 1931 1932 1933 1934 1935 1936 1937 1938 1939 1940 1941 1942 1943 1944 1945 1946 1947 1948 1949 1950 1951 1952 1953 1954 1955 1956 1957 1958 1959 1960 1961 1962 1963 1964 1965 1966 1967 1968 1969 1970 1971 1972 1973 1974 1975 1976 1977 1978 1979 1980 1981 1982 1983 1984 1985 1986 1987 1988 1989 1990 1991 1992 1993 1994 1995 1996 1997 1998 1999 2000 2001 2002 2003 2004 2005 2006 2007 2008 2009 2010 2011 2012 2013 2014 2015 2016 2017 2018 2019 2020 2021 2022 2023 2024 2025 2026 2027 2028 2029 2030 2031 2032 2033 2034 2035 2036 2037 2038 2039 2040 2041 2042 2043 2044 2045 2046 2047 2048 2049 2050 Uur 00 01 02 03 04 05 06 07 08 09 10 11 12 13 14 15 16 17 18 19 20 21 22 23 Minuut 00 01 02 03 04 05 06 07 08 09 10 11 12 13 14 15 16 17 18 19 20 21 22 23 24 25 26 27 28 29 30 31 32 33 34 35 36 37 38 39 40 41 42 43 44 45 46 47 48 49 50 51 52 53 54 55 56 57 58 59 Aktiveer Gewysig voor Gewysig voor Dag 1 2 3 4 5 6 7 8 9 10 11 12 13 14 15 16 17 18 19 20 21 22 23 24 25 26 27 28 29 30 31 Maand January February March April May June July August September October November December Jaar 1900 1901 1902 1903 1904 1905 1906 1907 1908 1909 1910 1911 1912 1913 1914 1915 1916 1917 1918 1919 1920 1921 1922 1923 1924 1925 1926 1927 1928 1929 1930 1931 1932 1933 1934 1935 1936 1937 1938 1939 1940 1941 1942 1943 1944 1945 1946 1947 1948 1949 1950 1951 1952 1953 1954 1955 1956 1957 1958 1959 1960 1961 1962 1963 1964 1965 1966 1967 1968 1969 1970 1971 1972 1973 1974 1975 1976 1977 1978 1979 1980 1981 1982 1983 1984 1985 1986 1987 1988 1989 1990 1991 1992 1993 1994 1995 1996 1997 1998 1999 2000 2001 2002 2003 2004 2005 2006 2007 2008 2009 2010 2011 2012 2013 2014 2015 2016 2017 2018 2019 2020 2021 2022 2023 2024 2025 2026 2027 2028 2029 2030 2031 2032 2033 2034 2035 2036 2037 2038 2039 2040 2041 2042 2043 2044 2045 2046 2047 2048 2049 2050 Uur 00 01 02 03 04 05 06 07 08 09 10 11 12 13 14 15 16 17 18 19 20 21 22 23 Minuut 00 01 02 03 04 05 06 07 08 09 10 11 12 13 14 15 16 17 18 19 20 21 22 23 24 25 26 27 28 29 30 31 32 33 34 35 36 37 38 39 40 41 42 43 44 45 46 47 48 49 50 51 52 53 54 55 56 57 58 59 Aktiveer Daar is verlangde velde in hierdie vorm gemerk . The Kenya Education Cloud (KEC) is a digital platform designed to enhance teaching and learning in Kenya by providing a wide range of digital educational resources. Serving as a centralized hub for e-learning, it promotes access to interactive content, supports modern pedagogical methods, and fosters collaboration among educators and learners. Follow Us External Links Ministry of Education Kenya National Examinations Council Teachers Service Commission Kenya Kenya Institute of Special Education (KISE) ICT Authority TVET Authority Follow Us External Links Additional Resources Accessible Digital Textbook (ADT) Curriculum Reports OrangeBook - List of Approved materials Child Online Protection Guidelines Parental Resources Follow Us Additional Resources Our Contacts Kenya Institute of Curriculum DevelopmentDesai Rd, Off Muranga Rd,Nairobi, Kenya.Telephone Contacts+254 729327331+254 729327334Email Addressinfo@kicd.ac.ke Follow Us Our Contacts Afrikaans ‎(af)‎ Afrikaans ‎(af)‎ English ‎(en)‎ Kenya Institute of Curriculum Development Elimika © 2025. All rights reserved. Terms & Conditions Privacy Policy Jy is nie in geteken nie. (Teken in)","['english', 'computer', 'art']",unknown,unknown,[],2025-09-08T00:49:25.334238,unknown,,,,
https://elimika.kec.ac.ke/course/view.php?id=11,Elimika Platform | Kenya Education Cloud | Unlimited Learning Experinces,"Elimika is an online teacher training platform , offering Competency Based Curriculum (CBC)-aligned courses developed by the Kenya Institute of Curriculum Development (KICD). Learn anytime, anywhere and enhance your skills in ICT integration, assessment, pedagogy, and professional teaching under Kenya’s Competency Based Curriculum.",Vir volle toegang tot die blad moet jy eerste 'n profiel skep. Elimika Slaan oor om 'n nuwe profiel te skep Sign In Gebruikersnaam / e-posadres Wagwoord Onthou gebruikersnaam Forgot Password? Teken in No Account? Skep 'n nuwe profiel Teken in met die gebruik van jou rekening by: Microsoft Google Slaan oor om 'n nuwe profiel te skep Sign In Gebruikersnaam / e-posadres Wagwoord Onthou gebruikersnaam Forgot Password? Teken in No Account? Skep 'n nuwe profiel Teken in met die gebruik van jou rekening by: Microsoft Google Sign In Gebruikersnaam / e-posadres Wagwoord Onthou gebruikersnaam Forgot Password? Teken in No Account? Skep 'n nuwe profiel Teken in met die gebruik van jou rekening by: Microsoft Google Elimika Platform | Kenya Education Cloud | Unlimited Learning Experinces Slaan oor na hoof inhoud Vir volle toegang tot die blad moet jy eerste 'n profiel skep. Elimika Slaan oor om 'n nuwe profiel te skep Sign In Gebruikersnaam / e-posadres Wagwoord Onthou gebruikersnaam Forgot Password? Teken in No Account? Skep 'n nuwe profiel Teken in met die gebruik van jou rekening by: Microsoft Google Jy is nie in geteken nie. Tuisblad,[],unknown,unknown,[],2025-09-08T00:49:26.415636,unknown,,,,
https://lms.kec.ac.ke/course/index.php?categoryid=116,Form 4,"Kenya Education Cloud is your ultimate digital learning hub, providing access to curated e-learning resources, educational tools, and innovative content for students, teachers, and institutions.","Form 4 Home Lessons Secondary Education Form 4 Lesson categories: Pre-Primary Pre-Primary / Radio Lessons Pre-Primary / Educhannel Video Lessons Pre-Primary / Educhannel Video Lessons / Language Activities Pre-Primary / Educhannel Video Lessons / Mathematics Pre-Primary / Educhannel Video Lessons / Our School Pre-Primary / Educhannel Video Lessons / Picture Making Pre-Primary / Educhannel Video Lessons / Social Environment Pre-Primary / Educhannel Video Lessons / Pre-Primary 1 Pre-Primary / Educhannel Video Lessons / Pre-Primary 2 Pre-Primary / Interactive digital Content Pre-Primary / Ebooks Primary Education Primary Education / Grade 1 Primary Education / Grade 1 / Educhannel TV Lessons Primary Education / Grade 1 / Educhannel TV Lessons / English Primary Education / Grade 1 / Educhannel TV Lessons / Mathematics Primary Education / Grade 1 / Educhannel TV Lessons / Kiswahili Primary Education / Grade 1 / Educhannel TV Lessons / Kenya Sign Language(KSL) Primary Education / Grade 1 / Educhannel TV Lessons / Hygiene and nutrition Primary Education / Grade 1 / Educhannel TV Lessons / Environmental Activities Primary Education / Grade 1 / Interactive Digital Content Primary Education / Grade 1 / Radio Lessons Primary Education / Grade 1 / Radio Lessons / Mathematics Primary Education / Grade 1 / Radio Lessons / Mathematics / Grade 1 Term 2 Primary Education / Grade 1 / Radio Lessons / Mathematics / Grade 1 Term 3 Primary Education / Grade 1 / Radio Lessons / Kiswahili Primary Education / Grade 1 / Radio Lessons / Kiswahili / Grade 1 Term 2 Primary Education / Grade 1 / Radio Lessons / Kiswahili / Grade 1 Term 3 Primary Education / Grade 1 / Radio Lessons / English Primary Education / Grade 1 / Radio Lessons / English / Grade 1 Term 2 Primary Education / Grade 1 / Radio Lessons / English / Grade 1 Term 3 Primary Education / Grade 1 / Ebooks Primary Education / Grade 1 / Ebooks / Tusome readers Primary Education / Grade 1 / Ebooks / Indigenous Languages Primary Education / Grade 2 Primary Education / Grade 2 / Interactive Digital Content Primary Education / Grade 2 / Educhannel Tv Lessons Primary Education / Grade 2 / Educhannel Tv Lessons / Mathematics Primary Education / Grade 2 / Educhannel Tv Lessons / English Primary Education / Grade 2 / Radio Lessons Primary Education / Grade 2 / Radio Lessons / Mathematics Primary Education / Grade 2 / Radio Lessons / Mathematics / Grade 2 Term 2 Primary Education / Grade 2 / Radio Lessons / English Primary Education / Grade 2 / Radio Lessons / English / Grade 2 Term 2 Primary Education / Grade 2 / Radio Lessons / English / Grade 2 Term 3 Primary Education / Grade 2 / Radio Lessons / Kiswahili Primary Education / Grade 2 / Radio Lessons / Kiswahili / Grade 2 Term 3 Primary Education / Grade 2 / Hygiene and Nutrition Primary Education / Grade 2 / Hygiene and Nutrition / Grade 2 Term 2 Primary Education / Grade 2 / E-books Primary Education / Grade 2 / E-books / Tusome Readers Primary Education / Grade 3 Primary Education / Grade 3 / Radio Lessons Primary Education / Grade 3 / Radio Lessons / Mathematics Primary Education / Grade 3 / Radio Lessons / Mathematics / Grade 3 Term 2 Primary Education / Grade 3 / Radio Lessons / Mathematics / Grade 3 Term 3 Primary Education / Grade 3 / Radio Lessons / English Primary Education / Grade 3 / Radio Lessons / English / Grade 3 Term 2 Primary Education / Grade 3 / Radio Lessons / English / Grade 3 Term 3 Primary Education / Grade 3 / Radio Lessons / Environmental Activities Primary Education / Grade 3 / Radio Lessons / Environmental Activities / Grade 3 Term 2 Primary Education / Grade 3 / Radio Lessons / Kiswahili Primary Education / Grade 3 / Radio Lessons / Kiswahili / Grade 3 Term 3 Primary Education / Grade 3 / Educhannel TV Lessons Primary Education / Grade 3 / Educhannel TV Lessons / Mathematics Primary Education / Grade 3 / Educhannel TV Lessons / English Primary Education / Grade 3 / Educhannel TV Lessons / Kiswahili Primary Education / Grade 3 / Educhannel TV Lessons / Hygiene and Nutrition Primary Education / Grade 3 / Educhannel TV Lessons / Environmental Activities Primary Education / Grade 3 / Interactive Digital Content Primary Education / Grade 3 / EBooks Primary Education / Grade 3 / Tusome English Video Lessons Primary Education / Grade 3 / Tusome English Video Lessons / Tusome English Grade 3 Lessons Primary Education / Grade 4 Primary Education / Grade 4 / Educhannel Tv Lessons Primary Education / Grade 4 / Educhannel Tv Lessons / Home Science Primary Education / Grade 4 / Educhannel Tv Lessons / Agriculture Primary Education / Grade 4 / Educhannel Tv Lessons / Music Primary Education / Grade 4 / Educhannel Tv Lessons / Physical Education Primary Education / Grade 4 / Educhannel Tv Lessons / Art and Craft Primary Education / Grade 4 / Educhannel Tv Lessons / Kenya Sign Language Primary Education / Grade 4 / Educhannel Tv Lessons / Mathematics Primary Education / Grade 4 / Educhannel Tv Lessons / Science and Technology Primary Education / Grade 4 / Educhannel Tv Lessons / Social Studies Primary Education / Grade 4 / Educhannel Tv Lessons / English Primary Education / Grade 4 / Educhannel Tv Lessons / Kiswahili Primary Education / Grade 4 / Educhannel Tv Lessons / Environmental Activity Primary Education / Grade 4 / Radio lessons Primary Education / Grade 4 / Radio lessons / Social Studies Primary Education / Grade 4 / Radio lessons / Social Studies / Grade 4 Term 2 Primary Education / Grade 4 / Radio lessons / Social Studies / Grade 4 Term 3 Primary Education / Grade 4 / Radio lessons / CRE Primary Education / Grade 4 / Radio lessons / CRE / Grade 4 Term 2 Primary Education / Grade 4 / Radio lessons / English Primary Education / Grade 4 / Radio lessons / English / Grade 4 Term 2 Primary Education / Grade 4 / Radio lessons / English / Grade 4 Term 3 Primary Education / Grade 4 / Radio lessons / Hygiene and Nutrition Primary Education / Grade 4 / Radio lessons / Hygiene and Nutrition / Grade 4 Term 1 Primary Education / Grade 4 / Radio lessons / IRE Primary Education / Grade 4 / Radio lessons / IRE / Grade 4 Term 2 Primary Education / Grade 4 / Radio lessons / Science and Technology Primary Education / Grade 4 / Radio lessons / Science and Technology / Grade 4 Term 3 Primary Education / Grade 4 / Radio lessons / Agriculture Primary Education / Grade 4 / Radio lessons / Agriculture / Grade 4 Term 3 Primary Education / Grade 4 / Radio lessons / Mathematics Primary Education / Grade 4 / Radio lessons / Mathematics / Grade 4 Term 3 Primary Education / Grade 4 / SNE Primary Education / Grade 4 / Interactive Digital Content Primary Education / Grade 5 Primary Education / Grade 5 / Educhannel Tv Lessons Primary Education / Grade 5 / Educhannel Tv Lessons / English Primary Education / Grade 5 / Educhannel Tv Lessons / Kiswahili Primary Education / Grade 5 / Educhannel Tv Lessons / Mathematics Primary Education / Grade 5 / Radio Lessons Primary Education / Grade 5 / Radio Lessons / English Primary Education / Grade 5 / Radio Lessons / Science and Technology Primary Education / Grade 5 / Radio Lessons / Agriculture Primary Education / Grade 5 / Radio Lessons / Social studies Primary Education / Grade 5 / Radio Lessons / Christian Religious Education Primary Education / Grade 5 / Radio Lessons / Mathematics Primary Education / Grade 5 / Interactive Digital Content Primary Education / Grade 6 Primary Education / Grade 6 / Radio Lessons Primary Education / Grade 6 / Radio Lessons / CRE Primary Education / Grade 6 / Radio Lessons / Social Studies Primary Education / Grade 6 / Radio Lessons / Science Primary Education / Grade 6 / Radio Lessons / Kiswahili Primary Education / Grade 6 / Radio Lessons / English Primary Education / Grade 6 / Radio Lessons / Mathematics Primary Education / Grade 6 / Educhannel TV Lessons Primary Education / Grade 6 / Educhannel TV Lessons / Kiswahili Primary Education / Grade 6 / Educhannel TV Lessons / Agriculture Primary Education / Grade 6 / Educhannel TV Lessons / Art and Craft Primary Education / Grade 6 / Educhannel TV Lessons / English Primary Education / Grade 6 / Educhannel TV Lessons / Home Science Primary Education / Grade 6 / Educhannel TV Lessons / Music Primary Education / Grade 6 / Educhannel TV Lessons / Science and technology Primary Education / Grade 6 / Educhannel TV Lessons / Physical health education Primary Education / Grade 6 / Interactive Digital Content Junior School Junior School / Grade 8 Junior School / Grade 8 / Educhannel Tv Lessons Junior School / Grade 8 / Radio Lessons Junior School / Grade 8 / Interactive Digital Content Junior School / Grade 7 Junior School / Grade 7 / Educhannel TV lessons Junior School / Grade 7 / Radio Lessons Junior School / Grade 7 / Radio Lessons / Mathematics Junior School / Grade 7 / Radio Lessons / Kiswahili Junior School / Grade 7 / Radio Lessons / English Junior School / Grade 7 / Radio Lessons / Christian Religious Education Junior School / Grade 7 / Radio Lessons / Integrated Science Junior School / Grade 7 / Radio Lessons / Social Studies Junior School / Grade 7 / Radio Lessons / Pre-Technical Studies Junior School / Grade 7 / Interactive Digital Content Secondary Education Secondary Education / Form 1 Secondary Education / Form 1 / Interactive Digital Content Secondary Education / Form 1 / Educhannel Tv Lessons Secondary Education / Form 1 / Educhannel Tv Lessons / Mathematics Secondary Education / Form 1 / Educhannel Tv Lessons / English Secondary Education / Form 1 / Educhannel Tv Lessons / Physics Secondary Education / Form 1 / Educhannel Tv Lessons / Biology Secondary Education / Form 1 / Educhannel Tv Lessons / Chemistry Secondary Education / Form 1 / Educhannel Tv Lessons / Kiswahili Secondary Education / Form 1 / Educhannel Tv Lessons / History and Government Secondary Education / Form 1 / Educhannel Tv Lessons / Business Studies Secondary Education / Form 1 / Radio Lessons Secondary Education / Form 1 / Ebooks Secondary Education / Form 2 Secondary Education / Form 2 / Interactive Digital Content Secondary Education / Form 2 / Educhannel Tv Lessons Secondary Education / Form 2 / Educhannel Tv Lessons / Physics Secondary Education / Form 2 / Radio Lessons Secondary Education / Form 2 / Radio Lessons / Biology Secondary Education / Form 3 Secondary Education / Form 3 / Interactive Digital Content Secondary Education / Form 3 / Educhannel Tv Lessons Secondary Education / Form 3 / Educhannel Tv Lessons / Mathematics Secondary Education / Form 3 / Educhannel Tv Lessons / English Secondary Education / Form 3 / Educhannel Tv Lessons / Kiswahili Secondary Education / Form 3 / Educhannel Tv Lessons / Biology Secondary Education / Form 3 / Educhannel Tv Lessons / Chemistry Secondary Education / Form 3 / Educhannel Tv Lessons / Physics Secondary Education / Form 3 / Educhannel Tv Lessons / Business Studies Secondary Education / Form 3 / Educhannel Tv Lessons / History and Government Secondary Education / Form 3 / Radio Lessons Secondary Education / Form 4 Secondary Education / Form 4 / Interactive Digital Content Secondary Education / Form 4 / Educhannel Tv Lessons Secondary Education / Form 4 / Educhannel Tv Lessons / Form 4 Mathematics Secondary Education / Form 4 / Educhannel Tv Lessons / Form 4 English Secondary Education / Form 4 / Educhannel Tv Lessons / Form 4 Physics Secondary Education / Form 4 / Educhannel Tv Lessons / Form 4 Biology Secondary Education / Form 4 / Educhannel Tv Lessons / Form 4 Kiswahili Secondary Education / Form 4 / Educhannel Tv Lessons / Form 4 Chemistry Secondary Education / Form 4 / Educhannel Tv Lessons / Form 4 History and Government Secondary Education / Form 4 / Educhannel Tv Lessons / Form 4 Business Studies Secondary Education / Form 4 / Radio Lessons Secondary Education / Form 4 / Radio Lessons / Mathematics Secondary Education / Form 4 / Radio Lessons / Mathematics / Form 4 Term 1 Secondary Education / Form 4 / Radio Lessons / Mathematics / Form 4 Term 2 Secondary Education / Form 4 / Radio Lessons / Mathematics / Form 4 Term 3 General Knowledge General Knowledge / VOA Connect General Knowledge / Ask the expert General Knowledge / Citizenship and Democracy General Knowledge / Digital Story General Knowledge / Impacted Educhannel Lessons Educhannel Lessons / English Educhannel Lessons / English / Transport and travel Educhannel Lessons / English / Pronunciation skills Educhannel Lessons / English / Listening and speaking Educhannel Lessons / English / Family Educhannel Lessons / English / Environment Educhannel Lessons / English / Drug and Substance Educhannel Lessons / Agriculture Educhannel Lessons / Biology Educhannel Lessons / Biology / Living Things Educhannel Lessons / Biology / Secretion and homeostasis Educhannel Lessons / Biology / Support and movement Educhannel Lessons / Business Studies Educhannel Lessons / Chemistry Educhannel Lessons / Earth Movement and Volcanicity Educhannel Lessons / Environmental Activities Educhannel Lessons / Geograpghy Educhannel Lessons / History Educhannel Lessons / History / Kenyan History Educhannel Lessons / Homescience Educhannel Lessons / Homescience / Basic care clothing Educhannel Lessons / Kiswahili Educhannel Lessons / Kiswahili / Primary Educhannel Lessons / Kiswahili / Primary / Darasa 4-5 Educhannel Lessons / Kiswahili / Secondary Educhannel Lessons / Kiswahili / Secondary / Isimu Jamii Educhannel Lessons / Kiswahili / Secondary / Sarufi Educhannel Lessons / Mathematics Educhannel Lessons / Mathematics / Secondary Educhannel Lessons / Mathematics / Secondary / Commercial Arithmetics Educhannel Lessons / Mathematics / Primary Educhannel Lessons / Mathematics / Primary / Class 5-8 Educhannel Lessons / Mathematics / Primary / Class 5-8 / Practical uses of Money Educhannel Lessons / Mathematics / Primary / Class 5-8 / Measurement Educhannel Lessons / Organic Chemistry Educhannel Lessons / Performing Music Educhannel Lessons / Homescience Educhannel Lessons / Homescience / Basic care of clothing Educhannel Lessons / Art and Craft Educhannel Lessons / Physics Educhannel Lessons / Physics / Thermodynamics Educhannel Lessons / Physics / Mechanics Educhannel Lessons / Physics / Electricity and Magnetism Educhannel Lessons / The Doyen Exposition Educhannel Lessons / Science Educhannel Lessons / Science / Making work easier Educhannel Lessons / Science / Living Things Educhannel Lessons / Science / Energy conservation Educhannel Lessons / Physical and Health Education Educhannel Lessons / Physical and Health Education / Grade 1-4 Open Education Resourses(OERs) Open Education Resourses(OERs) / Movement and Creative Activities Open Education Resourses(OERs) / 	Religious Education Activities Open Education Resourses(OERs) / Mathematical Activities Open Education Resourses(OERs) / Environmental Activities Open Education Resourses(OERs) / Kiswahili Language Open Education Resourses(OERs) / LTK | Concordia University Open Education Resourses(OERs) / Hygiene and Nutrition Open Education Resourses(OERs) / ENGLISH LANGUAGE ACTIVITIES Open Education Resourses(OERs) / Casio Materials Open Education Resourses(OERs) / Health Education Open Education Resourses(OERs) / Carbon Literacy Special Needs Education Special Needs Education / Grade 1 Special Needs Education / Grade 1 / Adapted Interactive Digital Content for Hearing Impaired(HI) Special Needs Education / Grade 1 / Adapted Interactive Digital Content for Hearing Impaired(HI) / English Activities Special Needs Education / Grade 1 / Adapted Interactive Digital Content for Hearing Impaired(HI) / Environmental Activities Special Needs Education / Grade 1 / Adapted Interactive Digital Content for Hearing Impaired(HI) / Creative Activities Special Needs Education / Grade 1 / Adapted Interactive Digital Content for Visual Impaired(VI) Special Needs Education / Grade 2 Special Needs Education / Grade 2 / Adapted Interactive Digital Content for Hearing Impaired(HI) Special Needs Education / Grade 2 / Adapted Interactive Digital Content for Hearing Impaired(HI) / Mathematics Grade 2 Special Needs Education / Grade 2 / Adapted Interactive Digital Content for Hearing Impaired(HI) / Environmental Activities Grade 2 Special Needs Education / Grade 2 / Adapted Interactive Digital Content for Hearing Impaired(HI) / Hygiene and Nutrition Grade 2 Special Needs Education / Grade 2 / Adapted Interactive Digital Content for Hearing Impaired(HI) / Christian Religious Education Grade 2 (HI) Special Needs Education / Grade 2 / Adapted Interactive Digital Content for Hearing Impaired(HI) / Literacy Activities Grade2 (HI) Special Needs Education / Grade 2 / Adapted Interactive Digital Content for Hearing Impaired(HI) / English Activities Grad2 H.I Special Needs Education / Grade 2 / Adapted Interactive Digital Content for Hearing Impaired(HI) / Creative Activities Grade2 -H.I Special Needs Education / Grade 2 / Adapted Interactive Digital Content for Visual Impaired(VI) Special Needs Education / Grade 2 / Adapted Interactive Digital Content for Visual Impaired(VI) / Mathematics Special Needs Education / Grade 2 / Adapted Interactive Digital Content for Visual Impaired(VI) / Kiswahili Special Needs Education / Grade 2 / Adapted Interactive Digital Content for Visual Impaired(VI) / English Special Needs Education / Grade 2 / Adapted Interactive Digital Content for Visual Impaired(VI) / Creative Activities Special Needs Education / Grade 2 / Adapted Interactive Digital Content for Visual Impaired(VI) / CRE Special Needs Education / Grade 3 Special Needs Education / Grade 3 / Adapted Interactive Digital Content for Learners with Hearing Impairment (HI) Special Needs Education / Grade 3 / Adapted Interactive Digital Content for Learners with Hearing Impairment (HI) / Visual Arts Special Needs Education / Grade 3 / Adapted Interactive Digital Content for Learners with Hearing Impairment (HI) / English Special Needs Education / Grade 3 / Adapted Interactive Digital Content for Learners with Hearing Impairment (HI) / Hygiene and Nutrition Special Needs Education / Grade 3 / Adapted Interactive Digital Content for Learners with Hearing Impairment (HI) / Music Special Needs Education / Grade 3 / Adapted Interactive Digital Content for Learners with Hearing Impairment (HI) / Mathematics Special Needs Education / Grade 3 / Adapted Interactive Digital Content for Learners with Hearing Impairment (HI) / Environmental Special Needs Education / Grade 3 / Adapted Interactive Digital Content for Learners with Hearing Impairment (HI) / CRE Special Needs Education / Grade 3 / Adapted Interactive Digital Content for Learners with Visual Impairment (VI) Special Needs Education / Grade 3 / Adapted Interactive Digital Content for Learners with Visual Impairment (VI) / Music Special Needs Education / Grade 3 / Adapted Interactive Digital Content for Learners with Visual Impairment (VI) / Mathematics Special Needs Education / Grade 3 / Adapted Interactive Digital Content for Learners with Visual Impairment (VI) / Visual Arts Special Needs Education / Grade 3 / Adapted Interactive Digital Content for Learners with Visual Impairment (VI) / Kiswahili Special Needs Education / Grade 3 / Adapted Interactive Digital Content for Learners with Visual Impairment (VI) / Hygiene and Nutrition Special Needs Education / Grade 3 / Adapted Interactive Digital Content for Learners with Visual Impairment (VI) / Environmental Special Needs Education / Grade 3 / Adapted Interactive Digital Content for Learners with Visual Impairment (VI) / English Special Needs Education / Grade 3 / Adapted Interactive Digital Content for Learners with Visual Impairment (VI) / CRE Special Needs Education / Grade 4 Special Needs Education / Grade 4 / Adapted Interactive Digital Content for Learners with Hearing Impairment (HI) Special Needs Education / Grade 4 / Adapted Interactive Digital Content for Learners with Hearing Impairment (HI) / Mathematics Special Needs Education / Grade 4 / Adapted Interactive Digital Content for Learners with Hearing Impairment (HI) / English Special Needs Education / Grade 4 / Adapted Interactive Digital Content for Learners with Hearing Impairment (HI) / Science and Technology Special Needs Education / Grade 4 / Adapted Interactive Digital Content for Learners with Hearing Impairment (HI) / Agriculture Special Needs Education / Grade 4 / Adapted Interactive Digital Content for Learners with Hearing Impairment (HI) / Social Studies Special Needs Education / Grade 4 / Adapted Interactive Digital Content for Learners with Hearing Impairment (HI) / Home Science Special Needs Education / Grade 4 / Adapted Interactive Digital Content for Learners with Hearing Impairment (HI) / Art and Craft Special Needs Education / Grade 4 / Adapted Interactive Digital Content for Learners with Hearing Impairment (HI) / Music Special Needs Education / Grade 4 / Adapted Interactive Digital Content for Learners with Hearing Impairment (HI) / Christian Religious Education (CRE) Special Needs Education / Grade 4 / Adapted Interactive Digital Content for Learners with Visual Impairment (VI) Special Needs Education / Grade 4 / Adapted Interactive Digital Content for Learners with Visual Impairment (VI) / Mathematics Special Needs Education / Grade 4 / Adapted Interactive Digital Content for Learners with Visual Impairment (VI) / English Special Needs Education / Grade 4 / Adapted Interactive Digital Content for Learners with Visual Impairment (VI) / Kiswahili Special Needs Education / Grade 4 / Adapted Interactive Digital Content for Learners with Visual Impairment (VI) / Science and Technology Special Needs Education / Grade 4 / Adapted Interactive Digital Content for Learners with Visual Impairment (VI) / Agriculture Special Needs Education / Grade 4 / Adapted Interactive Digital Content for Learners with Visual Impairment (VI) / Social Studies Special Needs Education / Grade 4 / Adapted Interactive Digital Content for Learners with Visual Impairment (VI) / Home Science Special Needs Education / Grade 4 / Adapted Interactive Digital Content for Learners with Visual Impairment (VI) / Art and Craft Special Needs Education / Grade 4 / Adapted Interactive Digital Content for Learners with Visual Impairment (VI) / Christian Religious Education (CRE) Special Needs Education / Grade 4 / Adapted Interactive Digital Content for Learners with Visual Impairment (VI) / Music Special Needs Education / Grade 5 Special Needs Education / Grade 5 / Adapted Interactive Digital Content for Learners with Hearing Impairment (HI) Special Needs Education / Grade 5 / Adapted Interactive Digital Content for Learners with Hearing Impairment (HI) / English Special Needs Education / Grade 5 / Adapted Interactive Digital Content for Learners with Hearing Impairment (HI) / Christian Religious Education Special Needs Education / Grade 5 / Adapted Interactive Digital Content for Learners with Hearing Impairment (HI) / Social Studies Special Needs Education / Grade 5 / Adapted Interactive Digital Content for Learners with Hearing Impairment (HI) / Agriculture and Nutrition Special Needs Education / Grade 5 / Adapted Interactive Digital Content for Learners with Hearing Impairment (HI) / Creative Arts Special Needs Education / Grade 5 / Adapted Interactive Digital Content for Learners with Hearing Impairment (HI) / Mathematics Special Needs Education / Grade 5 / Adapted Interactive Digital Content for Learners with Hearing Impairment (HI) / Science and Technology Special Needs Education / Grade 5 / Adapted Interactive Digital Content for Learners with Hearing Impairment (HI) / Islamic Religious Education Special Needs Education / Grade 5 / Adapted Interactive Digital Content for Learners with Visual Impairment (VI) Special Needs Education / Grade 5 / Adapted Interactive Digital Content for Learners with Visual Impairment (VI) / Creative Arts Special Needs Education / Grade 5 / Adapted Interactive Digital Content for Learners with Visual Impairment (VI) / Social Studies Special Needs Education / Grade 5 / Adapted Interactive Digital Content for Learners with Visual Impairment (VI) / Kiswahili Special Needs Education / Grade 5 / Adapted Interactive Digital Content for Learners with Visual Impairment (VI) / Christian Religious Education Special Needs Education / Grade 5 / Adapted Interactive Digital Content for Learners with Visual Impairment (VI) / Science and Technology Special Needs Education / Grade 5 / Adapted Interactive Digital Content for Learners with Visual Impairment (VI) / Agriculture and Nutrition Special Needs Education / Grade 5 / Adapted Interactive Digital Content for Learners with Visual Impairment (VI) / Islamic Religious Education Special Needs Education / Grade 5 / Adapted Interactive Digital Content for Learners with Visual Impairment (VI) / Mathematics Special Needs Education / Grade 5 / Adapted Interactive Digital Content for Learners with Visual Impairment (VI) / English Special Needs Education / Grade 6 Special Needs Education / Grade 6 / Adapted Interactive Digital Content for Learners with Hearing Impairment (HI) Special Needs Education / Grade 6 / Adapted Interactive Digital Content for Learners with Hearing Impairment (HI) / Science and Technology Special Needs Education / Grade 6 / Adapted Interactive Digital Content for Learners with Hearing Impairment (HI) / Christian Religious Education Special Needs Education / Grade 6 / Adapted Interactive Digital Content for Learners with Hearing Impairment (HI) / Creative Arts Special Needs Education / Grade 6 / Adapted Interactive Digital Content for Learners with Hearing Impairment (HI) / Islamic Religious Education Special Needs Education / Grade 6 / Adapted Interactive Digital Content for Learners with Hearing Impairment (HI) / English Special Needs Education / Grade 6 / Adapted Interactive Digital Content for Learners with Hearing Impairment (HI) / Social Studies Special Needs Education / Grade 6 / Adapted Interactive Digital Content for Learners with Hearing Impairment (HI) / Agriculture Special Needs Education / Grade 6 / Adapted Interactive Digital Content for Learners with Hearing Impairment (HI) / Mathematics Special Needs Education / Grade 6 / Adapted Interactive Digital Content for Learners with Visual Impairment (VI) Special Needs Education / Grade 6 / Adapted Interactive Digital Content for Learners with Visual Impairment (VI) / Christian Religious Education Special Needs Education / Grade 6 / Adapted Interactive Digital Content for Learners with Visual Impairment (VI) / Kiswahili Special Needs Education / Grade 6 / Adapted Interactive Digital Content for Learners with Visual Impairment (VI) / English Special Needs Education / Grade 6 / Adapted Interactive Digital Content for Learners with Visual Impairment (VI) / Creative Arts Special Needs Education / Grade 6 / Adapted Interactive Digital Content for Learners with Visual Impairment (VI) / Mathematics Special Needs Education / Grade 6 / Adapted Interactive Digital Content for Learners with Visual Impairment (VI) / Science and Technology Special Needs Education / Grade 6 / Adapted Interactive Digital Content for Learners with Visual Impairment (VI) / Islamic Religious Education Special Needs Education / Grade 6 / Adapted Interactive Digital Content for Learners with Visual Impairment (VI) / Social Studies Special Needs Education / Grade 6 / Adapted Interactive Digital Content for Learners with Visual Impairment (VI) / Agriculture and Nutrition Special Needs Education / Ebooks Special Needs Education / Videos Special Needs Education / Foundational and Stage-Based Special Needs Education / Prevocational Level Special Needs Education / Prevocational Level / Music Special Needs Education / Prevocational Level / Hindu Religious Education Special Needs Education / Prevocational Level / Christian Religious Education Special Needs Education / Prevocational Level / Physical Education Special Needs Education / Prevocational Level / Islamic Religious Education Special Needs Education / Prevocational Level / Social Studies Special Needs Education / Prevocational Level / Prevocational Skills 1 Special Needs Education / Prevocational Level / Prevocational Skills 2 Special Needs Education / Prevocational Level / Prevocational Skills 3 Accessible Digital Textbooks Interactive Simulations for Sciences and Mathematics Interactive Simulations for Sciences and Mathematics / Physics Interactive Simulations for Sciences and Mathematics / Chemistry Interactive Simulations for Sciences and Mathematics / Mathematics Information, Education and Communication(IEC) Materials Information, Education and Communication(IEC) Materials / Child Online Safety Information, Education and Communication(IEC) Materials / Child Road Safety Information, Education and Communication(IEC) Materials / Child Road Safety / Integration Matrices Information, Education and Communication(IEC) Materials / Child Road Safety / Integration Matrices / Early Years Education Information, Education and Communication(IEC) Materials / Child Road Safety / Integration Matrices / Upper Primary Information, Education and Communication(IEC) Materials / Child Road Safety / Integration Matrices / Junior School Information, Education and Communication(IEC) Materials / Child Road Safety / Integration Matrices / Senior School Information, Education and Communication(IEC) Materials / Child Road Safety / Information, Education and Communication(IEC) Materials on Child Road Safety Information, Education and Communication(IEC) Materials / Child Road Safety / Information, Education and Communication(IEC) Materials on Child Road Safety / Early Years Education Information, Education and Communication(IEC) Materials / Child Road Safety / Information, Education and Communication(IEC) Materials on Child Road Safety / Upper Primary Information, Education and Communication(IEC) Materials / Child Road Safety / Information, Education and Communication(IEC) Materials on Child Road Safety / Junior School Information, Education and Communication(IEC) Materials / Child Road Safety / Information, Education and Communication(IEC) Materials on Child Road Safety / Senior School Information, Education and Communication(IEC) Materials / Child Road Safety / Teacher's Handbook Information, Education and Communication(IEC) Materials / Financial Literacy Learners’ Toolkit Teacher Resources Teacher Resources / Educational Resources Materials Development Teacher Resources / Educational Resources Materials Development / CRE Teacher Resources / Educational Resources Materials Development / English Teacher Resources / Educational Resources Materials Development / Environment Teacher Resources / Educational Resources Materials Development / Foundations Teacher Resources / Educational Resources Materials Development / H.R.E Teacher Resources / Educational Resources Materials Development / Hygiene and Nutrition Teacher Resources / Educational Resources Materials Development / I.R.E Teacher Resources / Educational Resources Materials Development / Kiswahili Teacher Resources / Educational Resources Materials Development / Language Activities Teacher Resources / Educational Resources Materials Development / Literacy Skills Teacher Resources / Educational Resources Materials Development / Mathematics Teacher Resources / Educational Resources Materials Development / Movements and Arts Teacher Resources / Pre-Primary Teacher Radio Programmes Teacher Resources / CBC Courses Teacher Resources / Special Needs Educations Teacher Resources / Interactive Digital Content for Teacher Education Teacher Resources / Interactive Digital Content for Teacher Education / English Teacher Resources / Interactive Digital Content for Teacher Education / Music Teacher Resources / Interactive Digital Content for Teacher Education / Christian Religious Education Teacher Resources / Interactive Digital Content for Teacher Education / Art and Craft Teacher Resources / Interactive Digital Content for Teacher Education / Indigenous Languages Teacher Resources / Interactive Digital Content for Teacher Education / Home science Teacher Resources / Interactive Digital Content for Teacher Education / Science and Technology Teacher Resources / Interactive Digital Content for Teacher Education / Islamic Religious Education Teacher Resources / Interactive Digital Content for Teacher Education / Mandarin Teacher Resources / Interactive Digital Content for Teacher Education / Agriculture Teacher Resources / Interactive Digital Content for Teacher Education / Mathematics Teacher Resources / Interactive Digital Content for Teacher Education / French Teacher Resources / Interactive Digital Content for Teacher Education / Hindu Religious Education Teacher Resources / Interactive Digital Content for Teacher Education / Social Studies Teacher Resources / Interactive Digital Content for Teacher Education / Kiswahili Teacher Resources / Interactive Digital Content for Teacher Education / Physical Education Teacher Resources / Interactive Digital Content for Teacher Education / Arabic Parental Resources Financial Literacy Financial Literacy / Financial Literacy for Junior School Financial Literacy / Financial Literacy for Junior School / Taxation Financial Literacy / Financial Literacy for Senior School Financial Literacy / Financial Literacy for Senior School / Taxation Search lessons Search Expand allInteractive Digital Content Educhannel Tv LessonsRadio Lessons Interactive Digital Content Educhannel Tv LessonsRadio Lessons Digital Content | Kenya Education Cloud | Unlimited Learning Experiences Skip to main content (Login) Form 4 Home Lessons Secondary Education Form 4 Lesson categories: Pre-Primary Pre-Primary / Radio Lessons Pre-Primary / Educhannel Video Lessons Pre-Primary / Educhannel Video Lessons / Language Activities Pre-Primary / Educhannel Video Lessons / Mathematics Pre-Primary / Educhannel Video Lessons / Our School Pre-Primary / Educhannel Video Lessons / Picture Making Pre-Primary / Educhannel Video Lessons / Social Environment Pre-Primary / Educhannel Video Lessons / Pre-Primary 1 Pre-Primary / Educhannel Video Lessons / Pre-Primary 2 Pre-Primary / Interactive digital Content Pre-Primary / Ebooks Primary Education Primary Education / Grade 1 Primary Education / Grade 1 / Educhannel TV Lessons Primary Education / Grade 1 / Educhannel TV Lessons / English Primary Education / Grade 1 / Educhannel TV Lessons / Mathematics Primary Education / Grade 1 / Educhannel TV Lessons / Kiswahili Primary Education / Grade 1 / Educhannel TV Lessons / Kenya Sign Language(KSL) Primary Education / Grade 1 / Educhannel TV Lessons / Hygiene and nutrition Primary Education / Grade 1 / Educhannel TV Lessons / Environmental Activities Primary Education / Grade 1 / Interactive Digital Content Primary Education / Grade 1 / Radio Lessons Primary Education / Grade 1 / Radio Lessons / Mathematics Primary Education / Grade 1 / Radio Lessons / Mathematics / Grade 1 Term 2 Primary Education / Grade 1 / Radio Lessons / Mathematics / Grade 1 Term 3 Primary Education / Grade 1 / Radio Lessons / Kiswahili Primary Education / Grade 1 / Radio Lessons / Kiswahili / Grade 1 Term 2 Primary Education / Grade 1 / Radio Lessons / Kiswahili / Grade 1 Term 3 Primary Education / Grade 1 / Radio Lessons / English Primary Education / Grade 1 / Radio Lessons / English / Grade 1 Term 2 Primary Education / Grade 1 / Radio Lessons / English / Grade 1 Term 3 Primary Education / Grade 1 / Ebooks Primary Education / Grade 1 / Ebooks / Tusome readers Primary Education / Grade 1 / Ebooks / Indigenous Languages Primary Education / Grade 2 Primary Education / Grade 2 / Interactive Digital Content Primary Education / Grade 2 / Educhannel Tv Lessons Primary Education / Grade 2 / Educhannel Tv Lessons / Mathematics Primary Education / Grade 2 / Educhannel Tv Lessons / English Primary Education / Grade 2 / Radio Lessons Primary Education / Grade 2 / Radio Lessons / Mathematics Primary Education / Grade 2 / Radio Lessons / Mathematics / Grade 2 Term 2 Primary Education / Grade 2 / Radio Lessons / English Primary Education / Grade 2 / Radio Lessons / English / Grade 2 Term 2 Primary Education / Grade 2 / Radio Lessons / English / Grade 2 Term 3 Primary Education / Grade 2 / Radio Lessons / Kiswahili Primary Education / Grade 2 / Radio Lessons / Kiswahili / Grade 2 Term 3 Primary Education / Grade 2 / Hygiene and Nutrition Primary Education / Grade 2 / Hygiene and Nutrition / Grade 2 Term 2 Primary Education / Grade 2 / E-books Primary Education / Grade 2 / E-books / Tusome Readers Primary Education / Grade 3 Primary Education / Grade 3 / Radio Lessons Primary Education / Grade 3 / Radio Lessons / Mathematics Primary Education / Grade 3 / Radio Lessons / Mathematics / Grade 3 Term 2 Primary Education / Grade 3 / Radio Lessons / Mathematics / Grade 3 Term 3 Primary Education / Grade 3 / Radio Lessons / English Primary Education / Grade 3 / Radio Lessons / English / Grade 3 Term 2 Primary Education / Grade 3 / Radio Lessons / English / Grade 3 Term 3 Primary Education / Grade 3 / Radio Lessons / Environmental Activities Primary Education / Grade 3 / Radio Lessons / Environmental Activities / Grade 3 Term 2 Primary Education / Grade 3 / Radio Lessons / Kiswahili Primary Education / Grade 3 / Radio Lessons / Kiswahili / Grade 3 Term 3 Primary Education / Grade 3 / Educhannel TV Lessons Primary Education / Grade 3 / Educhannel TV Lessons / Mathematics Primary Education / Grade 3 / Educhannel TV Lessons / English Primary Education / Grade 3 / Educhannel TV Lessons / Kiswahili Primary Education / Grade 3 / Educhannel TV Lessons / Hygiene and Nutrition Primary Education / Grade 3 / Educhannel TV Lessons / Environmental Activities Primary Education / Grade 3 / Interactive Digital Content Primary Education / Grade 3 / EBooks Primary Education / Grade 3 / Tusome English Video Lessons Primary Education / Grade 3 / Tusome English Video Lessons / Tusome English Grade 3 Lessons Primary Education / Grade 4 Primary Education / Grade 4 / Educhannel Tv Lessons Primary Education / Grade 4 / Educhannel Tv Lessons / Home Science Primary Education / Grade 4 / Educhannel Tv Lessons / Agriculture Primary Education / Grade 4 / Educhannel Tv Lessons / Music Primary Education / Grade 4 / Educhannel Tv Lessons / Physical Education Primary Education / Grade 4 / Educhannel Tv Lessons / Art and Craft Primary Education / Grade 4 / Educhannel Tv Lessons / Kenya Sign Language Primary Education / Grade 4 / Educhannel Tv Lessons / Mathematics Primary Education / Grade 4 / Educhannel Tv Lessons / Science and Technology Primary Education / Grade 4 / Educhannel Tv Lessons / Social Studies Primary Education / Grade 4 / Educhannel Tv Lessons / English Primary Education / Grade 4 / Educhannel Tv Lessons / Kiswahili Primary Education / Grade 4 / Educhannel Tv Lessons / Environmental Activity Primary Education / Grade 4 / Radio lessons Primary Education / Grade 4 / Radio lessons / Social Studies Primary Education / Grade 4 / Radio lessons / Social Studies / Grade 4 Term 2 Primary Education / Grade 4 / Radio lessons / Social Studies / Grade 4 Term 3 Primary Education / Grade 4 / Radio lessons / CRE Primary Education / Grade 4 / Radio lessons / CRE / Grade 4 Term 2 Primary Education / Grade 4 / Radio lessons / English Primary Education / Grade 4 / Radio lessons / English / Grade 4 Term 2 Primary Education / Grade 4 / Radio lessons / English / Grade 4 Term 3 Primary Education / Grade 4 / Radio lessons / Hygiene and Nutrition Primary Education / Grade 4 / Radio lessons / Hygiene and Nutrition / Grade 4 Term 1 Primary Education / Grade 4 / Radio lessons / IRE Primary Education / Grade 4 / Radio lessons / IRE / Grade 4 Term 2 Primary Education / Grade 4 / Radio lessons / Science and Technology Primary Education / Grade 4 / Radio lessons / Science and Technology / Grade 4 Term 3 Primary Education / Grade 4 / Radio lessons / Agriculture Primary Education / Grade 4 / Radio lessons / Agriculture / Grade 4 Term 3 Primary Education / Grade 4 / Radio lessons / Mathematics Primary Education / Grade 4 / Radio lessons / Mathematics / Grade 4 Term 3 Primary Education / Grade 4 / SNE Primary Education / Grade 4 / Interactive Digital Content Primary Education / Grade 5 Primary Education / Grade 5 / Educhannel Tv Lessons Primary Education / Grade 5 / Educhannel Tv Lessons / English Primary Education / Grade 5 / Educhannel Tv Lessons / Kiswahili Primary Education / Grade 5 / Educhannel Tv Lessons / Mathematics Primary Education / Grade 5 / Radio Lessons Primary Education / Grade 5 / Radio Lessons / English Primary Education / Grade 5 / Radio Lessons / Science and Technology Primary Education / Grade 5 / Radio Lessons / Agriculture Primary Education / Grade 5 / Radio Lessons / Social studies Primary Education / Grade 5 / Radio Lessons / Christian Religious Education Primary Education / Grade 5 / Radio Lessons / Mathematics Primary Education / Grade 5 / Interactive Digital Content Primary Education / Grade 6 Primary Education / Grade 6 / Radio Lessons Primary Education / Grade 6 / Radio Lessons / CRE Primary Education / Grade 6 / Radio Lessons / Social Studies Primary Education / Grade 6 / Radio Lessons / Science Primary Education / Grade 6 / Radio Lessons / Kiswahili Primary Education / Grade 6 / Radio Lessons / English Primary Education / Grade 6 / Radio Lessons / Mathematics Primary Education / Grade 6 / Educhannel TV Lessons Primary Education / Grade 6 / Educhannel TV Lessons / Kiswahili Primary Education / Grade 6 / Educhannel TV Lessons / Agriculture Primary Education / Grade 6 / Educhannel TV Lessons / Art and Craft Primary Education / Grade 6 / Educhannel TV Lessons / English Primary Education / Grade 6 / Educhannel TV Lessons / Home Science Primary Education / Grade 6 / Educhannel TV Lessons / Music Primary Education / Grade 6 / Educhannel TV Lessons / Science and technology Primary Education / Grade 6 / Educhannel TV Lessons / Physical health education Primary Education / Grade 6 / Interactive Digital Content Junior School Junior School / Grade 8 Junior School / Grade 8 / Educhannel Tv Lessons Junior School / Grade 8 / Radio Lessons Junior School / Grade 8 / Interactive Digital Content Junior School / Grade 7 Junior School / Grade 7 / Educhannel TV lessons Junior School / Grade 7 / Radio Lessons Junior School / Grade 7 / Radio Lessons / Mathematics Junior School / Grade 7 / Radio Lessons / Kiswahili Junior School / Grade 7 / Radio Lessons / English Junior School / Grade 7 / Radio Lessons / Christian Religious Education Junior School / Grade 7 / Radio Lessons / Integrated Science Junior School / Grade 7 / Radio Lessons / Social Studies Junior School / Grade 7 / Radio Lessons / Pre-Technical Studies Junior School / Grade 7 / Interactive Digital Content Secondary Education Secondary Education / Form 1 Secondary Education / Form 1 / Interactive Digital Content Secondary Education / Form 1 / Educhannel Tv Lessons Secondary Education / Form 1 / Educhannel Tv Lessons / Mathematics Secondary Education / Form 1 / Educhannel Tv Lessons / English Secondary Education / Form 1 / Educhannel Tv Lessons / Physics Secondary Education / Form 1 / Educhannel Tv Lessons / Biology Secondary Education / Form 1 / Educhannel Tv Lessons / Chemistry Secondary Education / Form 1 / Educhannel Tv Lessons / Kiswahili Secondary Education / Form 1 / Educhannel Tv Lessons / History and Government Secondary Education / Form 1 / Educhannel Tv Lessons / Business Studies Secondary Education / Form 1 / Radio Lessons Secondary Education / Form 1 / Ebooks Secondary Education / Form 2 Secondary Education / Form 2 / Interactive Digital Content Secondary Education / Form 2 / Educhannel Tv Lessons Secondary Education / Form 2 / Educhannel Tv Lessons / Physics Secondary Education / Form 2 / Radio Lessons Secondary Education / Form 2 / Radio Lessons / Biology Secondary Education / Form 3 Secondary Education / Form 3 / Interactive Digital Content Secondary Education / Form 3 / Educhannel Tv Lessons Secondary Education / Form 3 / Educhannel Tv Lessons / Mathematics Secondary Education / Form 3 / Educhannel Tv Lessons / English Secondary Education / Form 3 / Educhannel Tv Lessons / Kiswahili Secondary Education / Form 3 / Educhannel Tv Lessons / Biology Secondary Education / Form 3 / Educhannel Tv Lessons / Chemistry Secondary Education / Form 3 / Educhannel Tv Lessons / Physics Secondary Education / Form 3 / Educhannel Tv Lessons / Business Studies Secondary Education / Form 3 / Educhannel Tv Lessons / History and Government Secondary Education / Form 3 / Radio Lessons Secondary Education / Form 4 Secondary Education / Form 4 / Interactive Digital Content Secondary Education / Form 4 / Educhannel Tv Lessons Secondary Education / Form 4 / Educhannel Tv Lessons / Form 4 Mathematics Secondary Education / Form 4 / Educhannel Tv Lessons / Form 4 English Secondary Education / Form 4 / Educhannel Tv Lessons / Form 4 Physics Secondary Education / Form 4 / Educhannel Tv Lessons / Form 4 Biology Secondary Education / Form 4 / Educhannel Tv Lessons / Form 4 Kiswahili Secondary Education / Form 4 / Educhannel Tv Lessons / Form 4 Chemistry Secondary Education / Form 4 / Educhannel Tv Lessons / Form 4 History and Government Secondary Education / Form 4 / Educhannel Tv Lessons / Form 4 Business Studies Secondary Education / Form 4 / Radio Lessons Secondary Education / Form 4 / Radio Lessons / Mathematics Secondary Education / Form 4 / Radio Lessons / Mathematics / Form 4 Term 1 Secondary Education / Form 4 / Radio Lessons / Mathematics / Form 4 Term 2 Secondary Education / Form 4 / Radio Lessons / Mathematics / Form 4 Term 3 General Knowledge General Knowledge / VOA Connect General Knowledge / Ask the expert General Knowledge / Citizenship and Democracy General Knowledge / Digital Story General Knowledge / Impacted Educhannel Lessons Educhannel Lessons / English Educhannel Lessons / English / Transport and travel Educhannel Lessons / English / Pronunciation skills Educhannel Lessons / English / Listening and speaking Educhannel Lessons / English / Family Educhannel Lessons / English / Environment Educhannel Lessons / English / Drug and Substance Educhannel Lessons / Agriculture Educhannel Lessons / Biology Educhannel Lessons / Biology / Living Things Educhannel Lessons / Biology / Secretion and homeostasis Educhannel Lessons / Biology / Support and movement Educhannel Lessons / Business Studies Educhannel Lessons / Chemistry Educhannel Lessons / Earth Movement and Volcanicity Educhannel Lessons / Environmental Activities Educhannel Lessons / Geograpghy Educhannel Lessons / History Educhannel Lessons / History / Kenyan History Educhannel Lessons / Homescience Educhannel Lessons / Homescience / Basic care clothing Educhannel Lessons / Kiswahili Educhannel Lessons / Kiswahili / Primary Educhannel Lessons / Kiswahili / Primary / Darasa 4-5 Educhannel Lessons / Kiswahili / Secondary Educhannel Lessons / Kiswahili / Secondary / Isimu Jamii Educhannel Lessons / Kiswahili / Secondary / Sarufi Educhannel Lessons / Mathematics Educhannel Lessons / Mathematics / Secondary Educhannel Lessons / Mathematics / Secondary / Commercial Arithmetics Educhannel Lessons / Mathematics / Primary Educhannel Lessons / Mathematics / Primary / Class 5-8 Educhannel Lessons / Mathematics / Primary / Class 5-8 / Practical uses of Money Educhannel Lessons / Mathematics / Primary / Class 5-8 / Measurement Educhannel Lessons / Organic Chemistry Educhannel Lessons / Performing Music Educhannel Lessons / Homescience Educhannel Lessons / Homescience / Basic care of clothing Educhannel Lessons / Art and Craft Educhannel Lessons / Physics Educhannel Lessons / Physics / Thermodynamics Educhannel Lessons / Physics / Mechanics Educhannel Lessons / Physics / Electricity and Magnetism Educhannel Lessons / The Doyen Exposition Educhannel Lessons / Science Educhannel Lessons / Science / Making work easier Educhannel Lessons / Science / Living Things Educhannel Lessons / Science / Energy conservation Educhannel Lessons / Physical and Health Education Educhannel Lessons / Physical and Health Education / Grade 1-4 Open Education Resourses(OERs) Open Education Resourses(OERs) / Movement and Creative Activities Open Education Resourses(OERs) / 	Religious Education Activities Open Education Resourses(OERs) / Mathematical Activities Open Education Resourses(OERs) / Environmental Activities Open Education Resourses(OERs) / Kiswahili Language Open Education Resourses(OERs) / LTK | Concordia University Open Education Resourses(OERs) / Hygiene and Nutrition Open Education Resourses(OERs) / ENGLISH LANGUAGE ACTIVITIES Open Education Resourses(OERs) / Casio Materials Open Education Resourses(OERs) / Health Education Open Education Resourses(OERs) / Carbon Literacy Special Needs Education Special Needs Education / Grade 1 Special Needs Education / Grade 1 / Adapted Interactive Digital Content for Hearing Impaired(HI) Special Needs Education / Grade 1 / Adapted Interactive Digital Content for Hearing Impaired(HI) / English Activities Special Needs Education / Grade 1 / Adapted Interactive Digital Content for Hearing Impaired(HI) / Environmental Activities Special Needs Education / Grade 1 / Adapted Interactive Digital Content for Hearing Impaired(HI) / Creative Activities Special Needs Education / Grade 1 / Adapted Interactive Digital Content for Visual Impaired(VI) Special Needs Education / Grade 2 Special Needs Education / Grade 2 / Adapted Interactive Digital Content for Hearing Impaired(HI) Special Needs Education / Grade 2 / Adapted Interactive Digital Content for Hearing Impaired(HI) / Mathematics Grade 2 Special Needs Education / Grade 2 / Adapted Interactive Digital Content for Hearing Impaired(HI) / Environmental Activities Grade 2 Special Needs Education / Grade 2 / Adapted Interactive Digital Content for Hearing Impaired(HI) / Hygiene and Nutrition Grade 2 Special Needs Education / Grade 2 / Adapted Interactive Digital Content for Hearing Impaired(HI) / Christian Religious Education Grade 2 (HI) Special Needs Education / Grade 2 / Adapted Interactive Digital Content for Hearing Impaired(HI) / Literacy Activities Grade2 (HI) Special Needs Education / Grade 2 / Adapted Interactive Digital Content for Hearing Impaired(HI) / English Activities Grad2 H.I Special Needs Education / Grade 2 / Adapted Interactive Digital Content for Hearing Impaired(HI) / Creative Activities Grade2 -H.I Special Needs Education / Grade 2 / Adapted Interactive Digital Content for Visual Impaired(VI) Special Needs Education / Grade 2 / Adapted Interactive Digital Content for Visual Impaired(VI) / Mathematics Special Needs Education / Grade 2 / Adapted Interactive Digital Content for Visual Impaired(VI) / Kiswahili Special Needs Education / Grade 2 / Adapted Interactive Digital Content for Visual Impaired(VI) / English Special Needs Education / Grade 2 / Adapted Interactive Digital Content for Visual Impaired(VI) / Creative Activities Special Needs Education / Grade 2 / Adapted Interactive Digital Content for Visual Impaired(VI) / CRE Special Needs Education / Grade 3 Special Needs Education / Grade 3 / Adapted Interactive Digital Content for Learners with Hearing Impairment (HI) Special Needs Education / Grade 3 / Adapted Interactive Digital Content for Learners with Hearing Impairment (HI) / Visual Arts Special Needs Education / Grade 3 / Adapted Interactive Digital Content for Learners with Hearing Impairment (HI) / English Special Needs Education / Grade 3 / Adapted Interactive Digital Content for Learners with Hearing Impairment (HI) / Hygiene and Nutrition Special Needs Education / Grade 3 / Adapted Interactive Digital Content for Learners with Hearing Impairment (HI) / Music Special Needs Education / Grade 3 / Adapted Interactive Digital Content for Learners with Hearing Impairment (HI) / Mathematics Special Needs Education / Grade 3 / Adapted Interactive Digital Content for Learners with Hearing Impairment (HI) / Environmental Special Needs Education / Grade 3 / Adapted Interactive Digital Content for Learners with Hearing Impairment (HI) / CRE Special Needs Education / Grade 3 / Adapted Interactive Digital Content for Learners with Visual Impairment (VI) Special Needs Education / Grade 3 / Adapted Interactive Digital Content for Learners with Visual Impairment (VI) / Music Special Needs Education / Grade 3 / Adapted Interactive Digital Content for Learners with Visual Impairment (VI) / Mathematics Special Needs Education / Grade 3 / Adapted Interactive Digital Content for Learners with Visual Impairment (VI) / Visual Arts Special Needs Education / Grade 3 / Adapted Interactive Digital Content for Learners with Visual Impairment (VI) / Kiswahili Special Needs Education / Grade 3 / Adapted Interactive Digital Content for Learners with Visual Impairment (VI) / Hygiene and Nutrition Special Needs Education / Grade 3 / Adapted Interactive Digital Content for Learners with Visual Impairment (VI) / Environmental Special Needs Education / Grade 3 / Adapted Interactive Digital Content for Learners with Visual Impairment (VI) / English Special Needs Education / Grade 3 / Adapted Interactive Digital Content for Learners with Visual Impairment (VI) / CRE Special Needs Education / Grade 4 Special Needs Education / Grade 4 / Adapted Interactive Digital Content for Learners with Hearing Impairment (HI) Special Needs Education / Grade 4 / Adapted Interactive Digital Content for Learners with Hearing Impairment (HI) / Mathematics Special Needs Education / Grade 4 / Adapted Interactive Digital Content for Learners with Hearing Impairment (HI) / English Special Needs Education / Grade 4 / Adapted Interactive Digital Content for Learners with Hearing Impairment (HI) / Science and Technology Special Needs Education / Grade 4 / Adapted Interactive Digital Content for Learners with Hearing Impairment (HI) / Agriculture Special Needs Education / Grade 4 / Adapted Interactive Digital Content for Learners with Hearing Impairment (HI) / Social Studies Special Needs Education / Grade 4 / Adapted Interactive Digital Content for Learners with Hearing Impairment (HI) / Home Science Special Needs Education / Grade 4 / Adapted Interactive Digital Content for Learners with Hearing Impairment (HI) / Art and Craft Special Needs Education / Grade 4 / Adapted Interactive Digital Content for Learners with Hearing Impairment (HI) / Music Special Needs Education / Grade 4 / Adapted Interactive Digital Content for Learners with Hearing Impairment (HI) / Christian Religious Education (CRE) Special Needs Education / Grade 4 / Adapted Interactive Digital Content for Learners with Visual Impairment (VI) Special Needs Education / Grade 4 / Adapted Interactive Digital Content for Learners with Visual Impairment (VI) / Mathematics Special Needs Education / Grade 4 / Adapted Interactive Digital Content for Learners with Visual Impairment (VI) / English Special Needs Education / Grade 4 / Adapted Interactive Digital Content for Learners with Visual Impairment (VI) / Kiswahili Special Needs Education / Grade 4 / Adapted Interactive Digital Content for Learners with Visual Impairment (VI) / Science and Technology Special Needs Education / Grade 4 / Adapted Interactive Digital Content for Learners with Visual Impairment (VI) / Agriculture Special Needs Education / Grade 4 / Adapted Interactive Digital Content for Learners with Visual Impairment (VI) / Social Studies Special Needs Education / Grade 4 / Adapted Interactive Digital Content for Learners with Visual Impairment (VI) / Home Science Special Needs Education / Grade 4 / Adapted Interactive Digital Content for Learners with Visual Impairment (VI) / Art and Craft Special Needs Education / Grade 4 / Adapted Interactive Digital Content for Learners with Visual Impairment (VI) / Christian Religious Education (CRE) Special Needs Education / Grade 4 / Adapted Interactive Digital Content for Learners with Visual Impairment (VI) / Music Special Needs Education / Grade 5 Special Needs Education / Grade 5 / Adapted Interactive Digital Content for Learners with Hearing Impairment (HI) Special Needs Education / Grade 5 / Adapted Interactive Digital Content for Learners with Hearing Impairment (HI) / English Special Needs Education / Grade 5 / Adapted Interactive Digital Content for Learners with Hearing Impairment (HI) / Christian Religious Education Special Needs Education / Grade 5 / Adapted Interactive Digital Content for Learners with Hearing Impairment (HI) / Social Studies Special Needs Education / Grade 5 / Adapted Interactive Digital Content for Learners with Hearing Impairment (HI) / Agriculture and Nutrition Special Needs Education / Grade 5 / Adapted Interactive Digital Content for Learners with Hearing Impairment (HI) / Creative Arts Special Needs Education / Grade 5 / Adapted Interactive Digital Content for Learners with Hearing Impairment (HI) / Mathematics Special Needs Education / Grade 5 / Adapted Interactive Digital Content for Learners with Hearing Impairment (HI) / Science and Technology Special Needs Education / Grade 5 / Adapted Interactive Digital Content for Learners with Hearing Impairment (HI) / Islamic Religious Education Special Needs Education / Grade 5 / Adapted Interactive Digital Content for Learners with Visual Impairment (VI) Special Needs Education / Grade 5 / Adapted Interactive Digital Content for Learners with Visual Impairment (VI) / Creative Arts Special Needs Education / Grade 5 / Adapted Interactive Digital Content for Learners with Visual Impairment (VI) / Social Studies Special Needs Education / Grade 5 / Adapted Interactive Digital Content for Learners with Visual Impairment (VI) / Kiswahili Special Needs Education / Grade 5 / Adapted Interactive Digital Content for Learners with Visual Impairment (VI) / Christian Religious Education Special Needs Education / Grade 5 / Adapted Interactive Digital Content for Learners with Visual Impairment (VI) / Science and Technology Special Needs Education / Grade 5 / Adapted Interactive Digital Content for Learners with Visual Impairment (VI) / Agriculture and Nutrition Special Needs Education / Grade 5 / Adapted Interactive Digital Content for Learners with Visual Impairment (VI) / Islamic Religious Education Special Needs Education / Grade 5 / Adapted Interactive Digital Content for Learners with Visual Impairment (VI) / Mathematics Special Needs Education / Grade 5 / Adapted Interactive Digital Content for Learners with Visual Impairment (VI) / English Special Needs Education / Grade 6 Special Needs Education / Grade 6 / Adapted Interactive Digital Content for Learners with Hearing Impairment (HI) Special Needs Education / Grade 6 / Adapted Interactive Digital Content for Learners with Hearing Impairment (HI) / Science and Technology Special Needs Education / Grade 6 / Adapted Interactive Digital Content for Learners with Hearing Impairment (HI) / Christian Religious Education Special Needs Education / Grade 6 / Adapted Interactive Digital Content for Learners with Hearing Impairment (HI) / Creative Arts Special Needs Education / Grade 6 / Adapted Interactive Digital Content for Learners with Hearing Impairment (HI) / Islamic Religious Education Special Needs Education / Grade 6 / Adapted Interactive Digital Content for Learners with Hearing Impairment (HI) / English Special Needs Education / Grade 6 / Adapted Interactive Digital Content for Learners with Hearing Impairment (HI) / Social Studies Special Needs Education / Grade 6 / Adapted Interactive Digital Content for Learners with Hearing Impairment (HI) / Agriculture Special Needs Education / Grade 6 / Adapted Interactive Digital Content for Learners with Hearing Impairment (HI) / Mathematics Special Needs Education / Grade 6 / Adapted Interactive Digital Content for Learners with Visual Impairment (VI) Special Needs Education / Grade 6 / Adapted Interactive Digital Content for Learners with Visual Impairment (VI) / Christian Religious Education Special Needs Education / Grade 6 / Adapted Interactive Digital Content for Learners with Visual Impairment (VI) / Kiswahili Special Needs Education / Grade 6 / Adapted Interactive Digital Content for Learners with Visual Impairment (VI) / English Special Needs Education / Grade 6 / Adapted Interactive Digital Content for Learners with Visual Impairment (VI) / Creative Arts Special Needs Education / Grade 6 / Adapted Interactive Digital Content for Learners with Visual Impairment (VI) / Mathematics Special Needs Education / Grade 6 / Adapted Interactive Digital Content for Learners with Visual Impairment (VI) / Science and Technology Special Needs Education / Grade 6 / Adapted Interactive Digital Content for Learners with Visual Impairment (VI) / Islamic Religious Education Special Needs Education / Grade 6 / Adapted Interactive Digital Content for Learners with Visual Impairment (VI) / Social Studies Special Needs Education / Grade 6 / Adapted Interactive Digital Content for Learners with Visual Impairment (VI) / Agriculture and Nutrition Special Needs Education / Ebooks Special Needs Education / Videos Special Needs Education / Foundational and Stage-Based Special Needs Education / Prevocational Level Special Needs Education / Prevocational Level / Music Special Needs Education / Prevocational Level / Hindu Religious Education Special Needs Education / Prevocational Level / Christian Religious Education Special Needs Education / Prevocational Level / Physical Education Special Needs Education / Prevocational Level / Islamic Religious Education Special Needs Education / Prevocational Level / Social Studies Special Needs Education / Prevocational Level / Prevocational Skills 1 Special Needs Education / Prevocational Level / Prevocational Skills 2 Special Needs Education / Prevocational Level / Prevocational Skills 3 Accessible Digital Textbooks Interactive Simulations for Sciences and Mathematics Interactive Simulations for Sciences and Mathematics / Physics Interactive Simulations for Sciences and Mathematics / Chemistry Interactive Simulations for Sciences and Mathematics / Mathematics Information, Education and Communication(IEC) Materials Information, Education and Communication(IEC) Materials / Child Online Safety Information, Education and Communication(IEC) Materials / Child Road Safety Information, Education and Communication(IEC) Materials / Child Road Safety / Integration Matrices Information, Education and Communication(IEC) Materials / Child Road Safety / Integration Matrices / Early Years Education Information, Education and Communication(IEC) Materials / Child Road Safety / Integration Matrices / Upper Primary Information, Education and Communication(IEC) Materials / Child Road Safety / Integration Matrices / Junior School Information, Education and Communication(IEC) Materials / Child Road Safety / Integration Matrices / Senior School Information, Education and Communication(IEC) Materials / Child Road Safety / Information, Education and Communication(IEC) Materials on Child Road Safety Information, Education and Communication(IEC) Materials / Child Road Safety / Information, Education and Communication(IEC) Materials on Child Road Safety / Early Years Education Information, Education and Communication(IEC) Materials / Child Road Safety / Information, Education and Communication(IEC) Materials on Child Road Safety / Upper Primary Information, Education and Communication(IEC) Materials / Child Road Safety / Information, Education and Communication(IEC) Materials on Child Road Safety / Junior School Information, Education and Communication(IEC) Materials / Child Road Safety / Information, Education and Communication(IEC) Materials on Child Road Safety / Senior School Information, Education and Communication(IEC) Materials / Child Road Safety / Teacher's Handbook Information, Education and Communication(IEC) Materials / Financial Literacy Learners’ Toolkit Teacher Resources Teacher Resources / Educational Resources Materials Development Teacher Resources / Educational Resources Materials Development / CRE Teacher Resources / Educational Resources Materials Development / English Teacher Resources / Educational Resources Materials Development / Environment Teacher Resources / Educational Resources Materials Development / Foundations Teacher Resources / Educational Resources Materials Development / H.R.E Teacher Resources / Educational Resources Materials Development / Hygiene and Nutrition Teacher Resources / Educational Resources Materials Development / I.R.E Teacher Resources / Educational Resources Materials Development / Kiswahili Teacher Resources / Educational Resources Materials Development / Language Activities Teacher Resources / Educational Resources Materials Development / Literacy Skills Teacher Resources / Educational Resources Materials Development / Mathematics Teacher Resources / Educational Resources Materials Development / Movements and Arts Teacher Resources / Pre-Primary Teacher Radio Programmes Teacher Resources / CBC Courses Teacher Resources / Special Needs Educations Teacher Resources / Interactive Digital Content for Teacher Education Teacher Resources / Interactive Digital Content for Teacher Education / English Teacher Resources / Interactive Digital Content for Teacher Education / Music Teacher Resources / Interactive Digital Content for Teacher Education / Christian Religious Education Teacher Resources / Interactive Digital Content for Teacher Education / Art and Craft Teacher Resources / Interactive Digital Content for Teacher Education / Indigenous Languages Teacher Resources / Interactive Digital Content for Teacher Education / Home science Teacher Resources / Interactive Digital Content for Teacher Education / Science and Technology Teacher Resources / Interactive Digital Content for Teacher Education / Islamic Religious Education Teacher Resources / Interactive Digital Content for Teacher Education / Mandarin Teacher Resources / Interactive Digital Content for Teacher Education / Agriculture Teacher Resources / Interactive Digital Content for Teacher Education / Mathematics Teacher Resources / Interactive Digital Content for Teacher Education / French Teacher Resources / Interactive Digital Content for Teacher Education / Hindu Religious Education Teacher Resources / Interactive Digital Content for Teacher Education / Social Studies Teacher Resources / Interactive Digital Content for Teacher Education / Kiswahili Teacher Resources / Interactive Digital Content for Teacher Education / Physical Education Teacher Resources / Interactive Digital Content for Teacher Education / Arabic Parental Resources Financial Literacy Financial Literacy / Financial Literacy for Junior School Financial Literacy / Financial Literacy for Junior School / Taxation Financial Literacy / Financial Literacy for Senior School Financial Literacy / Financial Literacy for Senior School / Taxation Search lessons Search Expand allInteractive Digital Content Educhannel Tv LessonsRadio Lessons Home Calendar Pre-primary Pre-Primary 1 Pre-Primary 2 Primary Grade 1 Grade 2 Grade 3 Grade 4 Grade 5 Grade 6 Secondary Grade 7 Grade 8 Form 1 Form 2 Form 3 Form 4 OER's SNE The Kenya Education Cloud (KEC) is a digital platform designed to enhance teaching and learning in Kenya by providing a wide range of digital educational resources. Serving as a centralized hub for e-learning, it promotes access to interactive content, supports modern pedagogical methods, and fosters collaboration among educators and learners. External Links Ministry of Education Kenya National Examinations Council Teachers Service Commission Kenya Kenya Institute of Special Education (KISE) ICT Authority TVET Authority Elimika Additional Resources Accessible Digital Textbook (ADT) Curriculum Reports Parental Resources Child Online Protection Guidelines Our Contacts Kenya Institute of Curriculum DevelopmentDesai Rd, Off Muranga Rd,Nairobi, Kenya. Telephone Contacts+254 729327331 +254 729327334 Email Addressinfo@kicd.ac.ke Kenya Education Cloud © 2024. All rights reserved. Privacy Policy Terms & Conditions (Login) Data retention summary","['mathematics', 'english', 'kiswahili', 'biology', 'chemistry', 'physics', 'geography', 'history', 'business', 'computer', 'agriculture', 'home_science', 'art', 'music', 'physical_education', 'religious_education']",form_1,cbc,[],2025-09-08T00:49:27.326154,unknown,secondary,,form_4,
https://elimika.kec.ac.ke/login/index.php,Elimika Platform | Kenya Education Cloud | Unlimited Learning Experinces,"Elimika is an online teacher training platform , offering Competency Based Curriculum (CBC)-aligned courses developed by the Kenya Institute of Curriculum Development (KICD). Learn anytime, anywhere and enhance your skills in ICT integration, assessment, pedagogy, and professional teaching under Kenya’s Competency Based Curriculum.",Vir volle toegang tot die blad moet jy eerste 'n profiel skep. Elimika Slaan oor om 'n nuwe profiel te skep Sign In Gebruikersnaam / e-posadres Wagwoord Onthou gebruikersnaam Forgot Password? Teken in No Account? Skep 'n nuwe profiel Teken in met die gebruik van jou rekening by: Microsoft Google Slaan oor om 'n nuwe profiel te skep Sign In Gebruikersnaam / e-posadres Wagwoord Onthou gebruikersnaam Forgot Password? Teken in No Account? Skep 'n nuwe profiel Teken in met die gebruik van jou rekening by: Microsoft Google Sign In Gebruikersnaam / e-posadres Wagwoord Onthou gebruikersnaam Forgot Password? Teken in No Account? Skep 'n nuwe profiel Teken in met die gebruik van jou rekening by: Microsoft Google Elimika Platform | Kenya Education Cloud | Unlimited Learning Experinces Slaan oor na hoof inhoud Vir volle toegang tot die blad moet jy eerste 'n profiel skep. Elimika Slaan oor om 'n nuwe profiel te skep Sign In Gebruikersnaam / e-posadres Wagwoord Onthou gebruikersnaam Forgot Password? Teken in No Account? Skep 'n nuwe profiel Teken in met die gebruik van jou rekening by: Microsoft Google Jy is nie in geteken nie. Tuisblad,[],unknown,unknown,[],2025-09-08T00:49:28.167294,unknown,,,,
https://lms.kec.ac.ke/,Digital Content | Kenya Education Cloud | Unlimited Learning Experiences,Powered by Kenya Education Cloud,"Digital Content | Kenya Education Cloud | Unlimited Learning Experiences Skip to main content (Login) KENYA EDUCATIONCLOUD Unlimited learning experiences Start here Explore our digital content Our mission is to provide curated, grade-wise, high-quality, engaging, and accessible digital content to all learners, anywhere.We believe that digital content has the potential to transform education and to make learning more accessible and engaging for everyone. Access digital content for the following categories Explore resources created by KICD, publishers and content creators to inspire creativity, and encourage hands-on learning. Our resources supports learning in the classroom and at home, and includes Interactive digital content, Radio audio lesson, Educhannel TV lessons, and more. Interactive Digital Content Access digital content that is aligned to competency-based curriculum (CBC). Educhanel TV Lessons Access KICD's educhannel broadcasted live lessons on-demand, students can watch multiple times Radio Lessons Interactive radio and audio instruction resources,that foster continuous interaction between learners and the radio characters E-Books Get access to electronic books from KICD Pre-Primary Education Access digital content for the first level of education under the Competency Based Curriculum (CBC) where learners are engaged in their early years of education. Pre-primary 1 Pre-primary 2 Primary Education Access digital content for Primary school education, that provide engaging materials such as interactive lessons, videos, games, and quizzes, that cover essential learning areas and designed to support both in-classroom and at-home learning. Grade 1 Grade 2 Grade 3 Grade 4 Grade 5 Grade 6 Secondary Education Access digital content for Grade 7, Form1, Form 2, Form 3, and Form 4 Grade 7 Form 1 Form 2 Form 3 Form 4 Special Needs Education Adapted Interactive Digital Content for Learners with Hearing Impairment (HI) and Visual Impairment (VI) is designed to ensure inclusive, accessible, and engaging educational experiences for all learners, regardless of their sensory abilities. By utilizing a range of assistive technologies and content modifications, this adapted digital content makes learning more effective and meaningful for students with hearing and visual impairments. Learners with Hearing impairments Learners with Visual impairment Foundational and Stage-based Open Education Resourses(OERs) Open Educational Resources (OER) are freely accessible, openly licensed educational materials that educators, students, and self-learners can use, modify, and redistribute without financial or legal restrictions. These resources provide a flexible and cost-effective way to enhance teaching and learning while promoting the sharing and continuous improvement of educational content. OER Catalogue ABRACADABRA Grade 1,2 and 3 READs E-Books Health Literacy Virtual Labs Simulations Cutting-edge, interactive simulations designed to enhance science, engineering, and technology education. These labs provide a safe and scalable environment where students can perform experiments, explore complex concepts, and reinforce their theoretical understanding through practical applications.. Chemistry Physics Biology Mathematics Information, Education and Communication(IEC) Materials Information, Education, and Communication (IEC) materials are resources designed to inform and educate learners and teachers about specific topics, usually related to health, safety, community development, and other social issues. These materials aim to change knowledge, attitudes, and practices by making information accessible and understandable to the learners and teachers. Child Online Safety Child Road Safety Additional Resources Accessible Digital Textbooks Teacher Resources Parental Resources General Knowledge Educhannel TV Lessons Search lessons Search Home Calendar Pre-primary Pre-Primary 1 Pre-Primary 2 Primary Grade 1 Grade 2 Grade 3 Grade 4 Grade 5 Grade 6 Secondary Grade 7 Grade 8 Form 1 Form 2 Form 3 Form 4 OER's SNE The Kenya Education Cloud (KEC) is a digital platform designed to enhance teaching and learning in Kenya by providing a wide range of digital educational resources. Serving as a centralized hub for e-learning, it promotes access to interactive content, supports modern pedagogical methods, and fosters collaboration among educators and learners. External Links Ministry of Education Kenya National Examinations Council Teachers Service Commission Kenya Kenya Institute of Special Education (KISE) ICT Authority TVET Authority Elimika Additional Resources Accessible Digital Textbook (ADT) Curriculum Reports Parental Resources Child Online Protection Guidelines Our Contacts Kenya Institute of Curriculum DevelopmentDesai Rd, Off Muranga Rd,Nairobi, Kenya. Telephone Contacts+254 729327331 +254 729327334 Email Addressinfo@kicd.ac.ke Kenya Education Cloud © 2024. All rights reserved. Privacy Policy Terms & Conditions (Login) Data retention summary","['mathematics', 'biology', 'chemistry', 'physics', 'geography', 'computer', 'art', 'physical_education', 'religious_education']",form_1,cbc,[],2025-09-08T00:49:29.276101,unknown,,,,
https://lms.kec.ac.ke/course/index.php?categoryid=70,Radio Lessons,"Kenya Education Cloud is your ultimate digital learning hub, providing access to curated e-learning resources, educational tools, and innovative content for students, teachers, and institutions.","Radio Lessons Home Lessons Pre-Primary Radio Lessons Lesson categories: Pre-Primary Pre-Primary / Radio Lessons Pre-Primary / Educhannel Video Lessons Pre-Primary / Educhannel Video Lessons / Language Activities Pre-Primary / Educhannel Video Lessons / Mathematics Pre-Primary / Educhannel Video Lessons / Our School Pre-Primary / Educhannel Video Lessons / Picture Making Pre-Primary / Educhannel Video Lessons / Social Environment Pre-Primary / Educhannel Video Lessons / Pre-Primary 1 Pre-Primary / Educhannel Video Lessons / Pre-Primary 2 Pre-Primary / Interactive digital Content Pre-Primary / Ebooks Primary Education Primary Education / Grade 1 Primary Education / Grade 1 / Educhannel TV Lessons Primary Education / Grade 1 / Educhannel TV Lessons / English Primary Education / Grade 1 / Educhannel TV Lessons / Mathematics Primary Education / Grade 1 / Educhannel TV Lessons / Kiswahili Primary Education / Grade 1 / Educhannel TV Lessons / Kenya Sign Language(KSL) Primary Education / Grade 1 / Educhannel TV Lessons / Hygiene and nutrition Primary Education / Grade 1 / Educhannel TV Lessons / Environmental Activities Primary Education / Grade 1 / Interactive Digital Content Primary Education / Grade 1 / Radio Lessons Primary Education / Grade 1 / Radio Lessons / Mathematics Primary Education / Grade 1 / Radio Lessons / Mathematics / Grade 1 Term 2 Primary Education / Grade 1 / Radio Lessons / Mathematics / Grade 1 Term 3 Primary Education / Grade 1 / Radio Lessons / Kiswahili Primary Education / Grade 1 / Radio Lessons / Kiswahili / Grade 1 Term 2 Primary Education / Grade 1 / Radio Lessons / Kiswahili / Grade 1 Term 3 Primary Education / Grade 1 / Radio Lessons / English Primary Education / Grade 1 / Radio Lessons / English / Grade 1 Term 2 Primary Education / Grade 1 / Radio Lessons / English / Grade 1 Term 3 Primary Education / Grade 1 / Ebooks Primary Education / Grade 1 / Ebooks / Tusome readers Primary Education / Grade 1 / Ebooks / Indigenous Languages Primary Education / Grade 2 Primary Education / Grade 2 / Interactive Digital Content Primary Education / Grade 2 / Educhannel Tv Lessons Primary Education / Grade 2 / Educhannel Tv Lessons / Mathematics Primary Education / Grade 2 / Educhannel Tv Lessons / English Primary Education / Grade 2 / Radio Lessons Primary Education / Grade 2 / Radio Lessons / Mathematics Primary Education / Grade 2 / Radio Lessons / Mathematics / Grade 2 Term 2 Primary Education / Grade 2 / Radio Lessons / English Primary Education / Grade 2 / Radio Lessons / English / Grade 2 Term 2 Primary Education / Grade 2 / Radio Lessons / English / Grade 2 Term 3 Primary Education / Grade 2 / Radio Lessons / Kiswahili Primary Education / Grade 2 / Radio Lessons / Kiswahili / Grade 2 Term 3 Primary Education / Grade 2 / Hygiene and Nutrition Primary Education / Grade 2 / Hygiene and Nutrition / Grade 2 Term 2 Primary Education / Grade 2 / E-books Primary Education / Grade 2 / E-books / Tusome Readers Primary Education / Grade 3 Primary Education / Grade 3 / Radio Lessons Primary Education / Grade 3 / Radio Lessons / Mathematics Primary Education / Grade 3 / Radio Lessons / Mathematics / Grade 3 Term 2 Primary Education / Grade 3 / Radio Lessons / Mathematics / Grade 3 Term 3 Primary Education / Grade 3 / Radio Lessons / English Primary Education / Grade 3 / Radio Lessons / English / Grade 3 Term 2 Primary Education / Grade 3 / Radio Lessons / English / Grade 3 Term 3 Primary Education / Grade 3 / Radio Lessons / Environmental Activities Primary Education / Grade 3 / Radio Lessons / Environmental Activities / Grade 3 Term 2 Primary Education / Grade 3 / Radio Lessons / Kiswahili Primary Education / Grade 3 / Radio Lessons / Kiswahili / Grade 3 Term 3 Primary Education / Grade 3 / Educhannel TV Lessons Primary Education / Grade 3 / Educhannel TV Lessons / Mathematics Primary Education / Grade 3 / Educhannel TV Lessons / English Primary Education / Grade 3 / Educhannel TV Lessons / Kiswahili Primary Education / Grade 3 / Educhannel TV Lessons / Hygiene and Nutrition Primary Education / Grade 3 / Educhannel TV Lessons / Environmental Activities Primary Education / Grade 3 / Interactive Digital Content Primary Education / Grade 3 / EBooks Primary Education / Grade 3 / Tusome English Video Lessons Primary Education / Grade 3 / Tusome English Video Lessons / Tusome English Grade 3 Lessons Primary Education / Grade 4 Primary Education / Grade 4 / Educhannel Tv Lessons Primary Education / Grade 4 / Educhannel Tv Lessons / Home Science Primary Education / Grade 4 / Educhannel Tv Lessons / Agriculture Primary Education / Grade 4 / Educhannel Tv Lessons / Music Primary Education / Grade 4 / Educhannel Tv Lessons / Physical Education Primary Education / Grade 4 / Educhannel Tv Lessons / Art and Craft Primary Education / Grade 4 / Educhannel Tv Lessons / Kenya Sign Language Primary Education / Grade 4 / Educhannel Tv Lessons / Mathematics Primary Education / Grade 4 / Educhannel Tv Lessons / Science and Technology Primary Education / Grade 4 / Educhannel Tv Lessons / Social Studies Primary Education / Grade 4 / Educhannel Tv Lessons / English Primary Education / Grade 4 / Educhannel Tv Lessons / Kiswahili Primary Education / Grade 4 / Educhannel Tv Lessons / Environmental Activity Primary Education / Grade 4 / Radio lessons Primary Education / Grade 4 / Radio lessons / Social Studies Primary Education / Grade 4 / Radio lessons / Social Studies / Grade 4 Term 2 Primary Education / Grade 4 / Radio lessons / Social Studies / Grade 4 Term 3 Primary Education / Grade 4 / Radio lessons / CRE Primary Education / Grade 4 / Radio lessons / CRE / Grade 4 Term 2 Primary Education / Grade 4 / Radio lessons / English Primary Education / Grade 4 / Radio lessons / English / Grade 4 Term 2 Primary Education / Grade 4 / Radio lessons / English / Grade 4 Term 3 Primary Education / Grade 4 / Radio lessons / Hygiene and Nutrition Primary Education / Grade 4 / Radio lessons / Hygiene and Nutrition / Grade 4 Term 1 Primary Education / Grade 4 / Radio lessons / IRE Primary Education / Grade 4 / Radio lessons / IRE / Grade 4 Term 2 Primary Education / Grade 4 / Radio lessons / Science and Technology Primary Education / Grade 4 / Radio lessons / Science and Technology / Grade 4 Term 3 Primary Education / Grade 4 / Radio lessons / Agriculture Primary Education / Grade 4 / Radio lessons / Agriculture / Grade 4 Term 3 Primary Education / Grade 4 / Radio lessons / Mathematics Primary Education / Grade 4 / Radio lessons / Mathematics / Grade 4 Term 3 Primary Education / Grade 4 / SNE Primary Education / Grade 4 / Interactive Digital Content Primary Education / Grade 5 Primary Education / Grade 5 / Educhannel Tv Lessons Primary Education / Grade 5 / Educhannel Tv Lessons / English Primary Education / Grade 5 / Educhannel Tv Lessons / Kiswahili Primary Education / Grade 5 / Educhannel Tv Lessons / Mathematics Primary Education / Grade 5 / Radio Lessons Primary Education / Grade 5 / Radio Lessons / English Primary Education / Grade 5 / Radio Lessons / Science and Technology Primary Education / Grade 5 / Radio Lessons / Agriculture Primary Education / Grade 5 / Radio Lessons / Social studies Primary Education / Grade 5 / Radio Lessons / Christian Religious Education Primary Education / Grade 5 / Radio Lessons / Mathematics Primary Education / Grade 5 / Interactive Digital Content Primary Education / Grade 6 Primary Education / Grade 6 / Radio Lessons Primary Education / Grade 6 / Radio Lessons / CRE Primary Education / Grade 6 / Radio Lessons / Social Studies Primary Education / Grade 6 / Radio Lessons / Science Primary Education / Grade 6 / Radio Lessons / Kiswahili Primary Education / Grade 6 / Radio Lessons / English Primary Education / Grade 6 / Radio Lessons / Mathematics Primary Education / Grade 6 / Educhannel TV Lessons Primary Education / Grade 6 / Educhannel TV Lessons / Kiswahili Primary Education / Grade 6 / Educhannel TV Lessons / Agriculture Primary Education / Grade 6 / Educhannel TV Lessons / Art and Craft Primary Education / Grade 6 / Educhannel TV Lessons / English Primary Education / Grade 6 / Educhannel TV Lessons / Home Science Primary Education / Grade 6 / Educhannel TV Lessons / Music Primary Education / Grade 6 / Educhannel TV Lessons / Science and technology Primary Education / Grade 6 / Educhannel TV Lessons / Physical health education Primary Education / Grade 6 / Interactive Digital Content Junior School Junior School / Grade 8 Junior School / Grade 8 / Educhannel Tv Lessons Junior School / Grade 8 / Radio Lessons Junior School / Grade 8 / Interactive Digital Content Junior School / Grade 7 Junior School / Grade 7 / Educhannel TV lessons Junior School / Grade 7 / Radio Lessons Junior School / Grade 7 / Radio Lessons / Mathematics Junior School / Grade 7 / Radio Lessons / Kiswahili Junior School / Grade 7 / Radio Lessons / English Junior School / Grade 7 / Radio Lessons / Christian Religious Education Junior School / Grade 7 / Radio Lessons / Integrated Science Junior School / Grade 7 / Radio Lessons / Social Studies Junior School / Grade 7 / Radio Lessons / Pre-Technical Studies Junior School / Grade 7 / Interactive Digital Content Secondary Education Secondary Education / Form 1 Secondary Education / Form 1 / Interactive Digital Content Secondary Education / Form 1 / Educhannel Tv Lessons Secondary Education / Form 1 / Educhannel Tv Lessons / Mathematics Secondary Education / Form 1 / Educhannel Tv Lessons / English Secondary Education / Form 1 / Educhannel Tv Lessons / Physics Secondary Education / Form 1 / Educhannel Tv Lessons / Biology Secondary Education / Form 1 / Educhannel Tv Lessons / Chemistry Secondary Education / Form 1 / Educhannel Tv Lessons / Kiswahili Secondary Education / Form 1 / Educhannel Tv Lessons / History and Government Secondary Education / Form 1 / Educhannel Tv Lessons / Business Studies Secondary Education / Form 1 / Radio Lessons Secondary Education / Form 1 / Ebooks Secondary Education / Form 2 Secondary Education / Form 2 / Interactive Digital Content Secondary Education / Form 2 / Educhannel Tv Lessons Secondary Education / Form 2 / Educhannel Tv Lessons / Physics Secondary Education / Form 2 / Radio Lessons Secondary Education / Form 2 / Radio Lessons / Biology Secondary Education / Form 3 Secondary Education / Form 3 / Interactive Digital Content Secondary Education / Form 3 / Educhannel Tv Lessons Secondary Education / Form 3 / Educhannel Tv Lessons / Mathematics Secondary Education / Form 3 / Educhannel Tv Lessons / English Secondary Education / Form 3 / Educhannel Tv Lessons / Kiswahili Secondary Education / Form 3 / Educhannel Tv Lessons / Biology Secondary Education / Form 3 / Educhannel Tv Lessons / Chemistry Secondary Education / Form 3 / Educhannel Tv Lessons / Physics Secondary Education / Form 3 / Educhannel Tv Lessons / Business Studies Secondary Education / Form 3 / Educhannel Tv Lessons / History and Government Secondary Education / Form 3 / Radio Lessons Secondary Education / Form 4 Secondary Education / Form 4 / Interactive Digital Content Secondary Education / Form 4 / Educhannel Tv Lessons Secondary Education / Form 4 / Educhannel Tv Lessons / Form 4 Mathematics Secondary Education / Form 4 / Educhannel Tv Lessons / Form 4 English Secondary Education / Form 4 / Educhannel Tv Lessons / Form 4 Physics Secondary Education / Form 4 / Educhannel Tv Lessons / Form 4 Biology Secondary Education / Form 4 / Educhannel Tv Lessons / Form 4 Kiswahili Secondary Education / Form 4 / Educhannel Tv Lessons / Form 4 Chemistry Secondary Education / Form 4 / Educhannel Tv Lessons / Form 4 History and Government Secondary Education / Form 4 / Educhannel Tv Lessons / Form 4 Business Studies Secondary Education / Form 4 / Radio Lessons Secondary Education / Form 4 / Radio Lessons / Mathematics Secondary Education / Form 4 / Radio Lessons / Mathematics / Form 4 Term 1 Secondary Education / Form 4 / Radio Lessons / Mathematics / Form 4 Term 2 Secondary Education / Form 4 / Radio Lessons / Mathematics / Form 4 Term 3 General Knowledge General Knowledge / VOA Connect General Knowledge / Ask the expert General Knowledge / Citizenship and Democracy General Knowledge / Digital Story General Knowledge / Impacted Educhannel Lessons Educhannel Lessons / English Educhannel Lessons / English / Transport and travel Educhannel Lessons / English / Pronunciation skills Educhannel Lessons / English / Listening and speaking Educhannel Lessons / English / Family Educhannel Lessons / English / Environment Educhannel Lessons / English / Drug and Substance Educhannel Lessons / Agriculture Educhannel Lessons / Biology Educhannel Lessons / Biology / Living Things Educhannel Lessons / Biology / Secretion and homeostasis Educhannel Lessons / Biology / Support and movement Educhannel Lessons / Business Studies Educhannel Lessons / Chemistry Educhannel Lessons / Earth Movement and Volcanicity Educhannel Lessons / Environmental Activities Educhannel Lessons / Geograpghy Educhannel Lessons / History Educhannel Lessons / History / Kenyan History Educhannel Lessons / Homescience Educhannel Lessons / Homescience / Basic care clothing Educhannel Lessons / Kiswahili Educhannel Lessons / Kiswahili / Primary Educhannel Lessons / Kiswahili / Primary / Darasa 4-5 Educhannel Lessons / Kiswahili / Secondary Educhannel Lessons / Kiswahili / Secondary / Isimu Jamii Educhannel Lessons / Kiswahili / Secondary / Sarufi Educhannel Lessons / Mathematics Educhannel Lessons / Mathematics / Secondary Educhannel Lessons / Mathematics / Secondary / Commercial Arithmetics Educhannel Lessons / Mathematics / Primary Educhannel Lessons / Mathematics / Primary / Class 5-8 Educhannel Lessons / Mathematics / Primary / Class 5-8 / Practical uses of Money Educhannel Lessons / Mathematics / Primary / Class 5-8 / Measurement Educhannel Lessons / Organic Chemistry Educhannel Lessons / Performing Music Educhannel Lessons / Homescience Educhannel Lessons / Homescience / Basic care of clothing Educhannel Lessons / Art and Craft Educhannel Lessons / Physics Educhannel Lessons / Physics / Thermodynamics Educhannel Lessons / Physics / Mechanics Educhannel Lessons / Physics / Electricity and Magnetism Educhannel Lessons / The Doyen Exposition Educhannel Lessons / Science Educhannel Lessons / Science / Making work easier Educhannel Lessons / Science / Living Things Educhannel Lessons / Science / Energy conservation Educhannel Lessons / Physical and Health Education Educhannel Lessons / Physical and Health Education / Grade 1-4 Open Education Resourses(OERs) Open Education Resourses(OERs) / Movement and Creative Activities Open Education Resourses(OERs) / 	Religious Education Activities Open Education Resourses(OERs) / Mathematical Activities Open Education Resourses(OERs) / Environmental Activities Open Education Resourses(OERs) / Kiswahili Language Open Education Resourses(OERs) / LTK | Concordia University Open Education Resourses(OERs) / Hygiene and Nutrition Open Education Resourses(OERs) / ENGLISH LANGUAGE ACTIVITIES Open Education Resourses(OERs) / Casio Materials Open Education Resourses(OERs) / Health Education Open Education Resourses(OERs) / Carbon Literacy Special Needs Education Special Needs Education / Grade 1 Special Needs Education / Grade 1 / Adapted Interactive Digital Content for Hearing Impaired(HI) Special Needs Education / Grade 1 / Adapted Interactive Digital Content for Hearing Impaired(HI) / English Activities Special Needs Education / Grade 1 / Adapted Interactive Digital Content for Hearing Impaired(HI) / Environmental Activities Special Needs Education / Grade 1 / Adapted Interactive Digital Content for Hearing Impaired(HI) / Creative Activities Special Needs Education / Grade 1 / Adapted Interactive Digital Content for Visual Impaired(VI) Special Needs Education / Grade 2 Special Needs Education / Grade 2 / Adapted Interactive Digital Content for Hearing Impaired(HI) Special Needs Education / Grade 2 / Adapted Interactive Digital Content for Hearing Impaired(HI) / Mathematics Grade 2 Special Needs Education / Grade 2 / Adapted Interactive Digital Content for Hearing Impaired(HI) / Environmental Activities Grade 2 Special Needs Education / Grade 2 / Adapted Interactive Digital Content for Hearing Impaired(HI) / Hygiene and Nutrition Grade 2 Special Needs Education / Grade 2 / Adapted Interactive Digital Content for Hearing Impaired(HI) / Christian Religious Education Grade 2 (HI) Special Needs Education / Grade 2 / Adapted Interactive Digital Content for Hearing Impaired(HI) / Literacy Activities Grade2 (HI) Special Needs Education / Grade 2 / Adapted Interactive Digital Content for Hearing Impaired(HI) / English Activities Grad2 H.I Special Needs Education / Grade 2 / Adapted Interactive Digital Content for Hearing Impaired(HI) / Creative Activities Grade2 -H.I Special Needs Education / Grade 2 / Adapted Interactive Digital Content for Visual Impaired(VI) Special Needs Education / Grade 2 / Adapted Interactive Digital Content for Visual Impaired(VI) / Mathematics Special Needs Education / Grade 2 / Adapted Interactive Digital Content for Visual Impaired(VI) / Kiswahili Special Needs Education / Grade 2 / Adapted Interactive Digital Content for Visual Impaired(VI) / English Special Needs Education / Grade 2 / Adapted Interactive Digital Content for Visual Impaired(VI) / Creative Activities Special Needs Education / Grade 2 / Adapted Interactive Digital Content for Visual Impaired(VI) / CRE Special Needs Education / Grade 3 Special Needs Education / Grade 3 / Adapted Interactive Digital Content for Learners with Hearing Impairment (HI) Special Needs Education / Grade 3 / Adapted Interactive Digital Content for Learners with Hearing Impairment (HI) / Visual Arts Special Needs Education / Grade 3 / Adapted Interactive Digital Content for Learners with Hearing Impairment (HI) / English Special Needs Education / Grade 3 / Adapted Interactive Digital Content for Learners with Hearing Impairment (HI) / Hygiene and Nutrition Special Needs Education / Grade 3 / Adapted Interactive Digital Content for Learners with Hearing Impairment (HI) / Music Special Needs Education / Grade 3 / Adapted Interactive Digital Content for Learners with Hearing Impairment (HI) / Mathematics Special Needs Education / Grade 3 / Adapted Interactive Digital Content for Learners with Hearing Impairment (HI) / Environmental Special Needs Education / Grade 3 / Adapted Interactive Digital Content for Learners with Hearing Impairment (HI) / CRE Special Needs Education / Grade 3 / Adapted Interactive Digital Content for Learners with Visual Impairment (VI) Special Needs Education / Grade 3 / Adapted Interactive Digital Content for Learners with Visual Impairment (VI) / Music Special Needs Education / Grade 3 / Adapted Interactive Digital Content for Learners with Visual Impairment (VI) / Mathematics Special Needs Education / Grade 3 / Adapted Interactive Digital Content for Learners with Visual Impairment (VI) / Visual Arts Special Needs Education / Grade 3 / Adapted Interactive Digital Content for Learners with Visual Impairment (VI) / Kiswahili Special Needs Education / Grade 3 / Adapted Interactive Digital Content for Learners with Visual Impairment (VI) / Hygiene and Nutrition Special Needs Education / Grade 3 / Adapted Interactive Digital Content for Learners with Visual Impairment (VI) / Environmental Special Needs Education / Grade 3 / Adapted Interactive Digital Content for Learners with Visual Impairment (VI) / English Special Needs Education / Grade 3 / Adapted Interactive Digital Content for Learners with Visual Impairment (VI) / CRE Special Needs Education / Grade 4 Special Needs Education / Grade 4 / Adapted Interactive Digital Content for Learners with Hearing Impairment (HI) Special Needs Education / Grade 4 / Adapted Interactive Digital Content for Learners with Hearing Impairment (HI) / Mathematics Special Needs Education / Grade 4 / Adapted Interactive Digital Content for Learners with Hearing Impairment (HI) / English Special Needs Education / Grade 4 / Adapted Interactive Digital Content for Learners with Hearing Impairment (HI) / Science and Technology Special Needs Education / Grade 4 / Adapted Interactive Digital Content for Learners with Hearing Impairment (HI) / Agriculture Special Needs Education / Grade 4 / Adapted Interactive Digital Content for Learners with Hearing Impairment (HI) / Social Studies Special Needs Education / Grade 4 / Adapted Interactive Digital Content for Learners with Hearing Impairment (HI) / Home Science Special Needs Education / Grade 4 / Adapted Interactive Digital Content for Learners with Hearing Impairment (HI) / Art and Craft Special Needs Education / Grade 4 / Adapted Interactive Digital Content for Learners with Hearing Impairment (HI) / Music Special Needs Education / Grade 4 / Adapted Interactive Digital Content for Learners with Hearing Impairment (HI) / Christian Religious Education (CRE) Special Needs Education / Grade 4 / Adapted Interactive Digital Content for Learners with Visual Impairment (VI) Special Needs Education / Grade 4 / Adapted Interactive Digital Content for Learners with Visual Impairment (VI) / Mathematics Special Needs Education / Grade 4 / Adapted Interactive Digital Content for Learners with Visual Impairment (VI) / English Special Needs Education / Grade 4 / Adapted Interactive Digital Content for Learners with Visual Impairment (VI) / Kiswahili Special Needs Education / Grade 4 / Adapted Interactive Digital Content for Learners with Visual Impairment (VI) / Science and Technology Special Needs Education / Grade 4 / Adapted Interactive Digital Content for Learners with Visual Impairment (VI) / Agriculture Special Needs Education / Grade 4 / Adapted Interactive Digital Content for Learners with Visual Impairment (VI) / Social Studies Special Needs Education / Grade 4 / Adapted Interactive Digital Content for Learners with Visual Impairment (VI) / Home Science Special Needs Education / Grade 4 / Adapted Interactive Digital Content for Learners with Visual Impairment (VI) / Art and Craft Special Needs Education / Grade 4 / Adapted Interactive Digital Content for Learners with Visual Impairment (VI) / Christian Religious Education (CRE) Special Needs Education / Grade 4 / Adapted Interactive Digital Content for Learners with Visual Impairment (VI) / Music Special Needs Education / Grade 5 Special Needs Education / Grade 5 / Adapted Interactive Digital Content for Learners with Hearing Impairment (HI) Special Needs Education / Grade 5 / Adapted Interactive Digital Content for Learners with Hearing Impairment (HI) / English Special Needs Education / Grade 5 / Adapted Interactive Digital Content for Learners with Hearing Impairment (HI) / Christian Religious Education Special Needs Education / Grade 5 / Adapted Interactive Digital Content for Learners with Hearing Impairment (HI) / Social Studies Special Needs Education / Grade 5 / Adapted Interactive Digital Content for Learners with Hearing Impairment (HI) / Agriculture and Nutrition Special Needs Education / Grade 5 / Adapted Interactive Digital Content for Learners with Hearing Impairment (HI) / Creative Arts Special Needs Education / Grade 5 / Adapted Interactive Digital Content for Learners with Hearing Impairment (HI) / Mathematics Special Needs Education / Grade 5 / Adapted Interactive Digital Content for Learners with Hearing Impairment (HI) / Science and Technology Special Needs Education / Grade 5 / Adapted Interactive Digital Content for Learners with Hearing Impairment (HI) / Islamic Religious Education Special Needs Education / Grade 5 / Adapted Interactive Digital Content for Learners with Visual Impairment (VI) Special Needs Education / Grade 5 / Adapted Interactive Digital Content for Learners with Visual Impairment (VI) / Creative Arts Special Needs Education / Grade 5 / Adapted Interactive Digital Content for Learners with Visual Impairment (VI) / Social Studies Special Needs Education / Grade 5 / Adapted Interactive Digital Content for Learners with Visual Impairment (VI) / Kiswahili Special Needs Education / Grade 5 / Adapted Interactive Digital Content for Learners with Visual Impairment (VI) / Christian Religious Education Special Needs Education / Grade 5 / Adapted Interactive Digital Content for Learners with Visual Impairment (VI) / Science and Technology Special Needs Education / Grade 5 / Adapted Interactive Digital Content for Learners with Visual Impairment (VI) / Agriculture and Nutrition Special Needs Education / Grade 5 / Adapted Interactive Digital Content for Learners with Visual Impairment (VI) / Islamic Religious Education Special Needs Education / Grade 5 / Adapted Interactive Digital Content for Learners with Visual Impairment (VI) / Mathematics Special Needs Education / Grade 5 / Adapted Interactive Digital Content for Learners with Visual Impairment (VI) / English Special Needs Education / Grade 6 Special Needs Education / Grade 6 / Adapted Interactive Digital Content for Learners with Hearing Impairment (HI) Special Needs Education / Grade 6 / Adapted Interactive Digital Content for Learners with Hearing Impairment (HI) / Science and Technology Special Needs Education / Grade 6 / Adapted Interactive Digital Content for Learners with Hearing Impairment (HI) / Christian Religious Education Special Needs Education / Grade 6 / Adapted Interactive Digital Content for Learners with Hearing Impairment (HI) / Creative Arts Special Needs Education / Grade 6 / Adapted Interactive Digital Content for Learners with Hearing Impairment (HI) / Islamic Religious Education Special Needs Education / Grade 6 / Adapted Interactive Digital Content for Learners with Hearing Impairment (HI) / English Special Needs Education / Grade 6 / Adapted Interactive Digital Content for Learners with Hearing Impairment (HI) / Social Studies Special Needs Education / Grade 6 / Adapted Interactive Digital Content for Learners with Hearing Impairment (HI) / Agriculture Special Needs Education / Grade 6 / Adapted Interactive Digital Content for Learners with Hearing Impairment (HI) / Mathematics Special Needs Education / Grade 6 / Adapted Interactive Digital Content for Learners with Visual Impairment (VI) Special Needs Education / Grade 6 / Adapted Interactive Digital Content for Learners with Visual Impairment (VI) / Christian Religious Education Special Needs Education / Grade 6 / Adapted Interactive Digital Content for Learners with Visual Impairment (VI) / Kiswahili Special Needs Education / Grade 6 / Adapted Interactive Digital Content for Learners with Visual Impairment (VI) / English Special Needs Education / Grade 6 / Adapted Interactive Digital Content for Learners with Visual Impairment (VI) / Creative Arts Special Needs Education / Grade 6 / Adapted Interactive Digital Content for Learners with Visual Impairment (VI) / Mathematics Special Needs Education / Grade 6 / Adapted Interactive Digital Content for Learners with Visual Impairment (VI) / Science and Technology Special Needs Education / Grade 6 / Adapted Interactive Digital Content for Learners with Visual Impairment (VI) / Islamic Religious Education Special Needs Education / Grade 6 / Adapted Interactive Digital Content for Learners with Visual Impairment (VI) / Social Studies Special Needs Education / Grade 6 / Adapted Interactive Digital Content for Learners with Visual Impairment (VI) / Agriculture and Nutrition Special Needs Education / Ebooks Special Needs Education / Videos Special Needs Education / Foundational and Stage-Based Special Needs Education / Prevocational Level Special Needs Education / Prevocational Level / Music Special Needs Education / Prevocational Level / Hindu Religious Education Special Needs Education / Prevocational Level / Christian Religious Education Special Needs Education / Prevocational Level / Physical Education Special Needs Education / Prevocational Level / Islamic Religious Education Special Needs Education / Prevocational Level / Social Studies Special Needs Education / Prevocational Level / Prevocational Skills 1 Special Needs Education / Prevocational Level / Prevocational Skills 2 Special Needs Education / Prevocational Level / Prevocational Skills 3 Accessible Digital Textbooks Interactive Simulations for Sciences and Mathematics Interactive Simulations for Sciences and Mathematics / Physics Interactive Simulations for Sciences and Mathematics / Chemistry Interactive Simulations for Sciences and Mathematics / Mathematics Information, Education and Communication(IEC) Materials Information, Education and Communication(IEC) Materials / Child Online Safety Information, Education and Communication(IEC) Materials / Child Road Safety Information, Education and Communication(IEC) Materials / Child Road Safety / Integration Matrices Information, Education and Communication(IEC) Materials / Child Road Safety / Integration Matrices / Early Years Education Information, Education and Communication(IEC) Materials / Child Road Safety / Integration Matrices / Upper Primary Information, Education and Communication(IEC) Materials / Child Road Safety / Integration Matrices / Junior School Information, Education and Communication(IEC) Materials / Child Road Safety / Integration Matrices / Senior School Information, Education and Communication(IEC) Materials / Child Road Safety / Information, Education and Communication(IEC) Materials on Child Road Safety Information, Education and Communication(IEC) Materials / Child Road Safety / Information, Education and Communication(IEC) Materials on Child Road Safety / Early Years Education Information, Education and Communication(IEC) Materials / Child Road Safety / Information, Education and Communication(IEC) Materials on Child Road Safety / Upper Primary Information, Education and Communication(IEC) Materials / Child Road Safety / Information, Education and Communication(IEC) Materials on Child Road Safety / Junior School Information, Education and Communication(IEC) Materials / Child Road Safety / Information, Education and Communication(IEC) Materials on Child Road Safety / Senior School Information, Education and Communication(IEC) Materials / Child Road Safety / Teacher's Handbook Information, Education and Communication(IEC) Materials / Financial Literacy Learners’ Toolkit Teacher Resources Teacher Resources / Educational Resources Materials Development Teacher Resources / Educational Resources Materials Development / CRE Teacher Resources / Educational Resources Materials Development / English Teacher Resources / Educational Resources Materials Development / Environment Teacher Resources / Educational Resources Materials Development / Foundations Teacher Resources / Educational Resources Materials Development / H.R.E Teacher Resources / Educational Resources Materials Development / Hygiene and Nutrition Teacher Resources / Educational Resources Materials Development / I.R.E Teacher Resources / Educational Resources Materials Development / Kiswahili Teacher Resources / Educational Resources Materials Development / Language Activities Teacher Resources / Educational Resources Materials Development / Literacy Skills Teacher Resources / Educational Resources Materials Development / Mathematics Teacher Resources / Educational Resources Materials Development / Movements and Arts Teacher Resources / Pre-Primary Teacher Radio Programmes Teacher Resources / CBC Courses Teacher Resources / Special Needs Educations Teacher Resources / Interactive Digital Content for Teacher Education Teacher Resources / Interactive Digital Content for Teacher Education / English Teacher Resources / Interactive Digital Content for Teacher Education / Music Teacher Resources / Interactive Digital Content for Teacher Education / Christian Religious Education Teacher Resources / Interactive Digital Content for Teacher Education / Art and Craft Teacher Resources / Interactive Digital Content for Teacher Education / Indigenous Languages Teacher Resources / Interactive Digital Content for Teacher Education / Home science Teacher Resources / Interactive Digital Content for Teacher Education / Science and Technology Teacher Resources / Interactive Digital Content for Teacher Education / Islamic Religious Education Teacher Resources / Interactive Digital Content for Teacher Education / Mandarin Teacher Resources / Interactive Digital Content for Teacher Education / Agriculture Teacher Resources / Interactive Digital Content for Teacher Education / Mathematics Teacher Resources / Interactive Digital Content for Teacher Education / French Teacher Resources / Interactive Digital Content for Teacher Education / Hindu Religious Education Teacher Resources / Interactive Digital Content for Teacher Education / Social Studies Teacher Resources / Interactive Digital Content for Teacher Education / Kiswahili Teacher Resources / Interactive Digital Content for Teacher Education / Physical Education Teacher Resources / Interactive Digital Content for Teacher Education / Arabic Parental Resources Financial Literacy Financial Literacy / Financial Literacy for Junior School Financial Literacy / Financial Literacy for Junior School / Taxation Financial Literacy / Financial Literacy for Senior School Financial Literacy / Financial Literacy for Senior School / Taxation Search lessons Search Digital Content | Kenya Education Cloud | Unlimited Learning Experiences Skip to main content (Login) Radio Lessons Home Lessons Pre-Primary Radio Lessons Lesson categories: Pre-Primary Pre-Primary / Radio Lessons Pre-Primary / Educhannel Video Lessons Pre-Primary / Educhannel Video Lessons / Language Activities Pre-Primary / Educhannel Video Lessons / Mathematics Pre-Primary / Educhannel Video Lessons / Our School Pre-Primary / Educhannel Video Lessons / Picture Making Pre-Primary / Educhannel Video Lessons / Social Environment Pre-Primary / Educhannel Video Lessons / Pre-Primary 1 Pre-Primary / Educhannel Video Lessons / Pre-Primary 2 Pre-Primary / Interactive digital Content Pre-Primary / Ebooks Primary Education Primary Education / Grade 1 Primary Education / Grade 1 / Educhannel TV Lessons Primary Education / Grade 1 / Educhannel TV Lessons / English Primary Education / Grade 1 / Educhannel TV Lessons / Mathematics Primary Education / Grade 1 / Educhannel TV Lessons / Kiswahili Primary Education / Grade 1 / Educhannel TV Lessons / Kenya Sign Language(KSL) Primary Education / Grade 1 / Educhannel TV Lessons / Hygiene and nutrition Primary Education / Grade 1 / Educhannel TV Lessons / Environmental Activities Primary Education / Grade 1 / Interactive Digital Content Primary Education / Grade 1 / Radio Lessons Primary Education / Grade 1 / Radio Lessons / Mathematics Primary Education / Grade 1 / Radio Lessons / Mathematics / Grade 1 Term 2 Primary Education / Grade 1 / Radio Lessons / Mathematics / Grade 1 Term 3 Primary Education / Grade 1 / Radio Lessons / Kiswahili Primary Education / Grade 1 / Radio Lessons / Kiswahili / Grade 1 Term 2 Primary Education / Grade 1 / Radio Lessons / Kiswahili / Grade 1 Term 3 Primary Education / Grade 1 / Radio Lessons / English Primary Education / Grade 1 / Radio Lessons / English / Grade 1 Term 2 Primary Education / Grade 1 / Radio Lessons / English / Grade 1 Term 3 Primary Education / Grade 1 / Ebooks Primary Education / Grade 1 / Ebooks / Tusome readers Primary Education / Grade 1 / Ebooks / Indigenous Languages Primary Education / Grade 2 Primary Education / Grade 2 / Interactive Digital Content Primary Education / Grade 2 / Educhannel Tv Lessons Primary Education / Grade 2 / Educhannel Tv Lessons / Mathematics Primary Education / Grade 2 / Educhannel Tv Lessons / English Primary Education / Grade 2 / Radio Lessons Primary Education / Grade 2 / Radio Lessons / Mathematics Primary Education / Grade 2 / Radio Lessons / Mathematics / Grade 2 Term 2 Primary Education / Grade 2 / Radio Lessons / English Primary Education / Grade 2 / Radio Lessons / English / Grade 2 Term 2 Primary Education / Grade 2 / Radio Lessons / English / Grade 2 Term 3 Primary Education / Grade 2 / Radio Lessons / Kiswahili Primary Education / Grade 2 / Radio Lessons / Kiswahili / Grade 2 Term 3 Primary Education / Grade 2 / Hygiene and Nutrition Primary Education / Grade 2 / Hygiene and Nutrition / Grade 2 Term 2 Primary Education / Grade 2 / E-books Primary Education / Grade 2 / E-books / Tusome Readers Primary Education / Grade 3 Primary Education / Grade 3 / Radio Lessons Primary Education / Grade 3 / Radio Lessons / Mathematics Primary Education / Grade 3 / Radio Lessons / Mathematics / Grade 3 Term 2 Primary Education / Grade 3 / Radio Lessons / Mathematics / Grade 3 Term 3 Primary Education / Grade 3 / Radio Lessons / English Primary Education / Grade 3 / Radio Lessons / English / Grade 3 Term 2 Primary Education / Grade 3 / Radio Lessons / English / Grade 3 Term 3 Primary Education / Grade 3 / Radio Lessons / Environmental Activities Primary Education / Grade 3 / Radio Lessons / Environmental Activities / Grade 3 Term 2 Primary Education / Grade 3 / Radio Lessons / Kiswahili Primary Education / Grade 3 / Radio Lessons / Kiswahili / Grade 3 Term 3 Primary Education / Grade 3 / Educhannel TV Lessons Primary Education / Grade 3 / Educhannel TV Lessons / Mathematics Primary Education / Grade 3 / Educhannel TV Lessons / English Primary Education / Grade 3 / Educhannel TV Lessons / Kiswahili Primary Education / Grade 3 / Educhannel TV Lessons / Hygiene and Nutrition Primary Education / Grade 3 / Educhannel TV Lessons / Environmental Activities Primary Education / Grade 3 / Interactive Digital Content Primary Education / Grade 3 / EBooks Primary Education / Grade 3 / Tusome English Video Lessons Primary Education / Grade 3 / Tusome English Video Lessons / Tusome English Grade 3 Lessons Primary Education / Grade 4 Primary Education / Grade 4 / Educhannel Tv Lessons Primary Education / Grade 4 / Educhannel Tv Lessons / Home Science Primary Education / Grade 4 / Educhannel Tv Lessons / Agriculture Primary Education / Grade 4 / Educhannel Tv Lessons / Music Primary Education / Grade 4 / Educhannel Tv Lessons / Physical Education Primary Education / Grade 4 / Educhannel Tv Lessons / Art and Craft Primary Education / Grade 4 / Educhannel Tv Lessons / Kenya Sign Language Primary Education / Grade 4 / Educhannel Tv Lessons / Mathematics Primary Education / Grade 4 / Educhannel Tv Lessons / Science and Technology Primary Education / Grade 4 / Educhannel Tv Lessons / Social Studies Primary Education / Grade 4 / Educhannel Tv Lessons / English Primary Education / Grade 4 / Educhannel Tv Lessons / Kiswahili Primary Education / Grade 4 / Educhannel Tv Lessons / Environmental Activity Primary Education / Grade 4 / Radio lessons Primary Education / Grade 4 / Radio lessons / Social Studies Primary Education / Grade 4 / Radio lessons / Social Studies / Grade 4 Term 2 Primary Education / Grade 4 / Radio lessons / Social Studies / Grade 4 Term 3 Primary Education / Grade 4 / Radio lessons / CRE Primary Education / Grade 4 / Radio lessons / CRE / Grade 4 Term 2 Primary Education / Grade 4 / Radio lessons / English Primary Education / Grade 4 / Radio lessons / English / Grade 4 Term 2 Primary Education / Grade 4 / Radio lessons / English / Grade 4 Term 3 Primary Education / Grade 4 / Radio lessons / Hygiene and Nutrition Primary Education / Grade 4 / Radio lessons / Hygiene and Nutrition / Grade 4 Term 1 Primary Education / Grade 4 / Radio lessons / IRE Primary Education / Grade 4 / Radio lessons / IRE / Grade 4 Term 2 Primary Education / Grade 4 / Radio lessons / Science and Technology Primary Education / Grade 4 / Radio lessons / Science and Technology / Grade 4 Term 3 Primary Education / Grade 4 / Radio lessons / Agriculture Primary Education / Grade 4 / Radio lessons / Agriculture / Grade 4 Term 3 Primary Education / Grade 4 / Radio lessons / Mathematics Primary Education / Grade 4 / Radio lessons / Mathematics / Grade 4 Term 3 Primary Education / Grade 4 / SNE Primary Education / Grade 4 / Interactive Digital Content Primary Education / Grade 5 Primary Education / Grade 5 / Educhannel Tv Lessons Primary Education / Grade 5 / Educhannel Tv Lessons / English Primary Education / Grade 5 / Educhannel Tv Lessons / Kiswahili Primary Education / Grade 5 / Educhannel Tv Lessons / Mathematics Primary Education / Grade 5 / Radio Lessons Primary Education / Grade 5 / Radio Lessons / English Primary Education / Grade 5 / Radio Lessons / Science and Technology Primary Education / Grade 5 / Radio Lessons / Agriculture Primary Education / Grade 5 / Radio Lessons / Social studies Primary Education / Grade 5 / Radio Lessons / Christian Religious Education Primary Education / Grade 5 / Radio Lessons / Mathematics Primary Education / Grade 5 / Interactive Digital Content Primary Education / Grade 6 Primary Education / Grade 6 / Radio Lessons Primary Education / Grade 6 / Radio Lessons / CRE Primary Education / Grade 6 / Radio Lessons / Social Studies Primary Education / Grade 6 / Radio Lessons / Science Primary Education / Grade 6 / Radio Lessons / Kiswahili Primary Education / Grade 6 / Radio Lessons / English Primary Education / Grade 6 / Radio Lessons / Mathematics Primary Education / Grade 6 / Educhannel TV Lessons Primary Education / Grade 6 / Educhannel TV Lessons / Kiswahili Primary Education / Grade 6 / Educhannel TV Lessons / Agriculture Primary Education / Grade 6 / Educhannel TV Lessons / Art and Craft Primary Education / Grade 6 / Educhannel TV Lessons / English Primary Education / Grade 6 / Educhannel TV Lessons / Home Science Primary Education / Grade 6 / Educhannel TV Lessons / Music Primary Education / Grade 6 / Educhannel TV Lessons / Science and technology Primary Education / Grade 6 / Educhannel TV Lessons / Physical health education Primary Education / Grade 6 / Interactive Digital Content Junior School Junior School / Grade 8 Junior School / Grade 8 / Educhannel Tv Lessons Junior School / Grade 8 / Radio Lessons Junior School / Grade 8 / Interactive Digital Content Junior School / Grade 7 Junior School / Grade 7 / Educhannel TV lessons Junior School / Grade 7 / Radio Lessons Junior School / Grade 7 / Radio Lessons / Mathematics Junior School / Grade 7 / Radio Lessons / Kiswahili Junior School / Grade 7 / Radio Lessons / English Junior School / Grade 7 / Radio Lessons / Christian Religious Education Junior School / Grade 7 / Radio Lessons / Integrated Science Junior School / Grade 7 / Radio Lessons / Social Studies Junior School / Grade 7 / Radio Lessons / Pre-Technical Studies Junior School / Grade 7 / Interactive Digital Content Secondary Education Secondary Education / Form 1 Secondary Education / Form 1 / Interactive Digital Content Secondary Education / Form 1 / Educhannel Tv Lessons Secondary Education / Form 1 / Educhannel Tv Lessons / Mathematics Secondary Education / Form 1 / Educhannel Tv Lessons / English Secondary Education / Form 1 / Educhannel Tv Lessons / Physics Secondary Education / Form 1 / Educhannel Tv Lessons / Biology Secondary Education / Form 1 / Educhannel Tv Lessons / Chemistry Secondary Education / Form 1 / Educhannel Tv Lessons / Kiswahili Secondary Education / Form 1 / Educhannel Tv Lessons / History and Government Secondary Education / Form 1 / Educhannel Tv Lessons / Business Studies Secondary Education / Form 1 / Radio Lessons Secondary Education / Form 1 / Ebooks Secondary Education / Form 2 Secondary Education / Form 2 / Interactive Digital Content Secondary Education / Form 2 / Educhannel Tv Lessons Secondary Education / Form 2 / Educhannel Tv Lessons / Physics Secondary Education / Form 2 / Radio Lessons Secondary Education / Form 2 / Radio Lessons / Biology Secondary Education / Form 3 Secondary Education / Form 3 / Interactive Digital Content Secondary Education / Form 3 / Educhannel Tv Lessons Secondary Education / Form 3 / Educhannel Tv Lessons / Mathematics Secondary Education / Form 3 / Educhannel Tv Lessons / English Secondary Education / Form 3 / Educhannel Tv Lessons / Kiswahili Secondary Education / Form 3 / Educhannel Tv Lessons / Biology Secondary Education / Form 3 / Educhannel Tv Lessons / Chemistry Secondary Education / Form 3 / Educhannel Tv Lessons / Physics Secondary Education / Form 3 / Educhannel Tv Lessons / Business Studies Secondary Education / Form 3 / Educhannel Tv Lessons / History and Government Secondary Education / Form 3 / Radio Lessons Secondary Education / Form 4 Secondary Education / Form 4 / Interactive Digital Content Secondary Education / Form 4 / Educhannel Tv Lessons Secondary Education / Form 4 / Educhannel Tv Lessons / Form 4 Mathematics Secondary Education / Form 4 / Educhannel Tv Lessons / Form 4 English Secondary Education / Form 4 / Educhannel Tv Lessons / Form 4 Physics Secondary Education / Form 4 / Educhannel Tv Lessons / Form 4 Biology Secondary Education / Form 4 / Educhannel Tv Lessons / Form 4 Kiswahili Secondary Education / Form 4 / Educhannel Tv Lessons / Form 4 Chemistry Secondary Education / Form 4 / Educhannel Tv Lessons / Form 4 History and Government Secondary Education / Form 4 / Educhannel Tv Lessons / Form 4 Business Studies Secondary Education / Form 4 / Radio Lessons Secondary Education / Form 4 / Radio Lessons / Mathematics Secondary Education / Form 4 / Radio Lessons / Mathematics / Form 4 Term 1 Secondary Education / Form 4 / Radio Lessons / Mathematics / Form 4 Term 2 Secondary Education / Form 4 / Radio Lessons / Mathematics / Form 4 Term 3 General Knowledge General Knowledge / VOA Connect General Knowledge / Ask the expert General Knowledge / Citizenship and Democracy General Knowledge / Digital Story General Knowledge / Impacted Educhannel Lessons Educhannel Lessons / English Educhannel Lessons / English / Transport and travel Educhannel Lessons / English / Pronunciation skills Educhannel Lessons / English / Listening and speaking Educhannel Lessons / English / Family Educhannel Lessons / English / Environment Educhannel Lessons / English / Drug and Substance Educhannel Lessons / Agriculture Educhannel Lessons / Biology Educhannel Lessons / Biology / Living Things Educhannel Lessons / Biology / Secretion and homeostasis Educhannel Lessons / Biology / Support and movement Educhannel Lessons / Business Studies Educhannel Lessons / Chemistry Educhannel Lessons / Earth Movement and Volcanicity Educhannel Lessons / Environmental Activities Educhannel Lessons / Geograpghy Educhannel Lessons / History Educhannel Lessons / History / Kenyan History Educhannel Lessons / Homescience Educhannel Lessons / Homescience / Basic care clothing Educhannel Lessons / Kiswahili Educhannel Lessons / Kiswahili / Primary Educhannel Lessons / Kiswahili / Primary / Darasa 4-5 Educhannel Lessons / Kiswahili / Secondary Educhannel Lessons / Kiswahili / Secondary / Isimu Jamii Educhannel Lessons / Kiswahili / Secondary / Sarufi Educhannel Lessons / Mathematics Educhannel Lessons / Mathematics / Secondary Educhannel Lessons / Mathematics / Secondary / Commercial Arithmetics Educhannel Lessons / Mathematics / Primary Educhannel Lessons / Mathematics / Primary / Class 5-8 Educhannel Lessons / Mathematics / Primary / Class 5-8 / Practical uses of Money Educhannel Lessons / Mathematics / Primary / Class 5-8 / Measurement Educhannel Lessons / Organic Chemistry Educhannel Lessons / Performing Music Educhannel Lessons / Homescience Educhannel Lessons / Homescience / Basic care of clothing Educhannel Lessons / Art and Craft Educhannel Lessons / Physics Educhannel Lessons / Physics / Thermodynamics Educhannel Lessons / Physics / Mechanics Educhannel Lessons / Physics / Electricity and Magnetism Educhannel Lessons / The Doyen Exposition Educhannel Lessons / Science Educhannel Lessons / Science / Making work easier Educhannel Lessons / Science / Living Things Educhannel Lessons / Science / Energy conservation Educhannel Lessons / Physical and Health Education Educhannel Lessons / Physical and Health Education / Grade 1-4 Open Education Resourses(OERs) Open Education Resourses(OERs) / Movement and Creative Activities Open Education Resourses(OERs) / 	Religious Education Activities Open Education Resourses(OERs) / Mathematical Activities Open Education Resourses(OERs) / Environmental Activities Open Education Resourses(OERs) / Kiswahili Language Open Education Resourses(OERs) / LTK | Concordia University Open Education Resourses(OERs) / Hygiene and Nutrition Open Education Resourses(OERs) / ENGLISH LANGUAGE ACTIVITIES Open Education Resourses(OERs) / Casio Materials Open Education Resourses(OERs) / Health Education Open Education Resourses(OERs) / Carbon Literacy Special Needs Education Special Needs Education / Grade 1 Special Needs Education / Grade 1 / Adapted Interactive Digital Content for Hearing Impaired(HI) Special Needs Education / Grade 1 / Adapted Interactive Digital Content for Hearing Impaired(HI) / English Activities Special Needs Education / Grade 1 / Adapted Interactive Digital Content for Hearing Impaired(HI) / Environmental Activities Special Needs Education / Grade 1 / Adapted Interactive Digital Content for Hearing Impaired(HI) / Creative Activities Special Needs Education / Grade 1 / Adapted Interactive Digital Content for Visual Impaired(VI) Special Needs Education / Grade 2 Special Needs Education / Grade 2 / Adapted Interactive Digital Content for Hearing Impaired(HI) Special Needs Education / Grade 2 / Adapted Interactive Digital Content for Hearing Impaired(HI) / Mathematics Grade 2 Special Needs Education / Grade 2 / Adapted Interactive Digital Content for Hearing Impaired(HI) / Environmental Activities Grade 2 Special Needs Education / Grade 2 / Adapted Interactive Digital Content for Hearing Impaired(HI) / Hygiene and Nutrition Grade 2 Special Needs Education / Grade 2 / Adapted Interactive Digital Content for Hearing Impaired(HI) / Christian Religious Education Grade 2 (HI) Special Needs Education / Grade 2 / Adapted Interactive Digital Content for Hearing Impaired(HI) / Literacy Activities Grade2 (HI) Special Needs Education / Grade 2 / Adapted Interactive Digital Content for Hearing Impaired(HI) / English Activities Grad2 H.I Special Needs Education / Grade 2 / Adapted Interactive Digital Content for Hearing Impaired(HI) / Creative Activities Grade2 -H.I Special Needs Education / Grade 2 / Adapted Interactive Digital Content for Visual Impaired(VI) Special Needs Education / Grade 2 / Adapted Interactive Digital Content for Visual Impaired(VI) / Mathematics Special Needs Education / Grade 2 / Adapted Interactive Digital Content for Visual Impaired(VI) / Kiswahili Special Needs Education / Grade 2 / Adapted Interactive Digital Content for Visual Impaired(VI) / English Special Needs Education / Grade 2 / Adapted Interactive Digital Content for Visual Impaired(VI) / Creative Activities Special Needs Education / Grade 2 / Adapted Interactive Digital Content for Visual Impaired(VI) / CRE Special Needs Education / Grade 3 Special Needs Education / Grade 3 / Adapted Interactive Digital Content for Learners with Hearing Impairment (HI) Special Needs Education / Grade 3 / Adapted Interactive Digital Content for Learners with Hearing Impairment (HI) / Visual Arts Special Needs Education / Grade 3 / Adapted Interactive Digital Content for Learners with Hearing Impairment (HI) / English Special Needs Education / Grade 3 / Adapted Interactive Digital Content for Learners with Hearing Impairment (HI) / Hygiene and Nutrition Special Needs Education / Grade 3 / Adapted Interactive Digital Content for Learners with Hearing Impairment (HI) / Music Special Needs Education / Grade 3 / Adapted Interactive Digital Content for Learners with Hearing Impairment (HI) / Mathematics Special Needs Education / Grade 3 / Adapted Interactive Digital Content for Learners with Hearing Impairment (HI) / Environmental Special Needs Education / Grade 3 / Adapted Interactive Digital Content for Learners with Hearing Impairment (HI) / CRE Special Needs Education / Grade 3 / Adapted Interactive Digital Content for Learners with Visual Impairment (VI) Special Needs Education / Grade 3 / Adapted Interactive Digital Content for Learners with Visual Impairment (VI) / Music Special Needs Education / Grade 3 / Adapted Interactive Digital Content for Learners with Visual Impairment (VI) / Mathematics Special Needs Education / Grade 3 / Adapted Interactive Digital Content for Learners with Visual Impairment (VI) / Visual Arts Special Needs Education / Grade 3 / Adapted Interactive Digital Content for Learners with Visual Impairment (VI) / Kiswahili Special Needs Education / Grade 3 / Adapted Interactive Digital Content for Learners with Visual Impairment (VI) / Hygiene and Nutrition Special Needs Education / Grade 3 / Adapted Interactive Digital Content for Learners with Visual Impairment (VI) / Environmental Special Needs Education / Grade 3 / Adapted Interactive Digital Content for Learners with Visual Impairment (VI) / English Special Needs Education / Grade 3 / Adapted Interactive Digital Content for Learners with Visual Impairment (VI) / CRE Special Needs Education / Grade 4 Special Needs Education / Grade 4 / Adapted Interactive Digital Content for Learners with Hearing Impairment (HI) Special Needs Education / Grade 4 / Adapted Interactive Digital Content for Learners with Hearing Impairment (HI) / Mathematics Special Needs Education / Grade 4 / Adapted Interactive Digital Content for Learners with Hearing Impairment (HI) / English Special Needs Education / Grade 4 / Adapted Interactive Digital Content for Learners with Hearing Impairment (HI) / Science and Technology Special Needs Education / Grade 4 / Adapted Interactive Digital Content for Learners with Hearing Impairment (HI) / Agriculture Special Needs Education / Grade 4 / Adapted Interactive Digital Content for Learners with Hearing Impairment (HI) / Social Studies Special Needs Education / Grade 4 / Adapted Interactive Digital Content for Learners with Hearing Impairment (HI) / Home Science Special Needs Education / Grade 4 / Adapted Interactive Digital Content for Learners with Hearing Impairment (HI) / Art and Craft Special Needs Education / Grade 4 / Adapted Interactive Digital Content for Learners with Hearing Impairment (HI) / Music Special Needs Education / Grade 4 / Adapted Interactive Digital Content for Learners with Hearing Impairment (HI) / Christian Religious Education (CRE) Special Needs Education / Grade 4 / Adapted Interactive Digital Content for Learners with Visual Impairment (VI) Special Needs Education / Grade 4 / Adapted Interactive Digital Content for Learners with Visual Impairment (VI) / Mathematics Special Needs Education / Grade 4 / Adapted Interactive Digital Content for Learners with Visual Impairment (VI) / English Special Needs Education / Grade 4 / Adapted Interactive Digital Content for Learners with Visual Impairment (VI) / Kiswahili Special Needs Education / Grade 4 / Adapted Interactive Digital Content for Learners with Visual Impairment (VI) / Science and Technology Special Needs Education / Grade 4 / Adapted Interactive Digital Content for Learners with Visual Impairment (VI) / Agriculture Special Needs Education / Grade 4 / Adapted Interactive Digital Content for Learners with Visual Impairment (VI) / Social Studies Special Needs Education / Grade 4 / Adapted Interactive Digital Content for Learners with Visual Impairment (VI) / Home Science Special Needs Education / Grade 4 / Adapted Interactive Digital Content for Learners with Visual Impairment (VI) / Art and Craft Special Needs Education / Grade 4 / Adapted Interactive Digital Content for Learners with Visual Impairment (VI) / Christian Religious Education (CRE) Special Needs Education / Grade 4 / Adapted Interactive Digital Content for Learners with Visual Impairment (VI) / Music Special Needs Education / Grade 5 Special Needs Education / Grade 5 / Adapted Interactive Digital Content for Learners with Hearing Impairment (HI) Special Needs Education / Grade 5 / Adapted Interactive Digital Content for Learners with Hearing Impairment (HI) / English Special Needs Education / Grade 5 / Adapted Interactive Digital Content for Learners with Hearing Impairment (HI) / Christian Religious Education Special Needs Education / Grade 5 / Adapted Interactive Digital Content for Learners with Hearing Impairment (HI) / Social Studies Special Needs Education / Grade 5 / Adapted Interactive Digital Content for Learners with Hearing Impairment (HI) / Agriculture and Nutrition Special Needs Education / Grade 5 / Adapted Interactive Digital Content for Learners with Hearing Impairment (HI) / Creative Arts Special Needs Education / Grade 5 / Adapted Interactive Digital Content for Learners with Hearing Impairment (HI) / Mathematics Special Needs Education / Grade 5 / Adapted Interactive Digital Content for Learners with Hearing Impairment (HI) / Science and Technology Special Needs Education / Grade 5 / Adapted Interactive Digital Content for Learners with Hearing Impairment (HI) / Islamic Religious Education Special Needs Education / Grade 5 / Adapted Interactive Digital Content for Learners with Visual Impairment (VI) Special Needs Education / Grade 5 / Adapted Interactive Digital Content for Learners with Visual Impairment (VI) / Creative Arts Special Needs Education / Grade 5 / Adapted Interactive Digital Content for Learners with Visual Impairment (VI) / Social Studies Special Needs Education / Grade 5 / Adapted Interactive Digital Content for Learners with Visual Impairment (VI) / Kiswahili Special Needs Education / Grade 5 / Adapted Interactive Digital Content for Learners with Visual Impairment (VI) / Christian Religious Education Special Needs Education / Grade 5 / Adapted Interactive Digital Content for Learners with Visual Impairment (VI) / Science and Technology Special Needs Education / Grade 5 / Adapted Interactive Digital Content for Learners with Visual Impairment (VI) / Agriculture and Nutrition Special Needs Education / Grade 5 / Adapted Interactive Digital Content for Learners with Visual Impairment (VI) / Islamic Religious Education Special Needs Education / Grade 5 / Adapted Interactive Digital Content for Learners with Visual Impairment (VI) / Mathematics Special Needs Education / Grade 5 / Adapted Interactive Digital Content for Learners with Visual Impairment (VI) / English Special Needs Education / Grade 6 Special Needs Education / Grade 6 / Adapted Interactive Digital Content for Learners with Hearing Impairment (HI) Special Needs Education / Grade 6 / Adapted Interactive Digital Content for Learners with Hearing Impairment (HI) / Science and Technology Special Needs Education / Grade 6 / Adapted Interactive Digital Content for Learners with Hearing Impairment (HI) / Christian Religious Education Special Needs Education / Grade 6 / Adapted Interactive Digital Content for Learners with Hearing Impairment (HI) / Creative Arts Special Needs Education / Grade 6 / Adapted Interactive Digital Content for Learners with Hearing Impairment (HI) / Islamic Religious Education Special Needs Education / Grade 6 / Adapted Interactive Digital Content for Learners with Hearing Impairment (HI) / English Special Needs Education / Grade 6 / Adapted Interactive Digital Content for Learners with Hearing Impairment (HI) / Social Studies Special Needs Education / Grade 6 / Adapted Interactive Digital Content for Learners with Hearing Impairment (HI) / Agriculture Special Needs Education / Grade 6 / Adapted Interactive Digital Content for Learners with Hearing Impairment (HI) / Mathematics Special Needs Education / Grade 6 / Adapted Interactive Digital Content for Learners with Visual Impairment (VI) Special Needs Education / Grade 6 / Adapted Interactive Digital Content for Learners with Visual Impairment (VI) / Christian Religious Education Special Needs Education / Grade 6 / Adapted Interactive Digital Content for Learners with Visual Impairment (VI) / Kiswahili Special Needs Education / Grade 6 / Adapted Interactive Digital Content for Learners with Visual Impairment (VI) / English Special Needs Education / Grade 6 / Adapted Interactive Digital Content for Learners with Visual Impairment (VI) / Creative Arts Special Needs Education / Grade 6 / Adapted Interactive Digital Content for Learners with Visual Impairment (VI) / Mathematics Special Needs Education / Grade 6 / Adapted Interactive Digital Content for Learners with Visual Impairment (VI) / Science and Technology Special Needs Education / Grade 6 / Adapted Interactive Digital Content for Learners with Visual Impairment (VI) / Islamic Religious Education Special Needs Education / Grade 6 / Adapted Interactive Digital Content for Learners with Visual Impairment (VI) / Social Studies Special Needs Education / Grade 6 / Adapted Interactive Digital Content for Learners with Visual Impairment (VI) / Agriculture and Nutrition Special Needs Education / Ebooks Special Needs Education / Videos Special Needs Education / Foundational and Stage-Based Special Needs Education / Prevocational Level Special Needs Education / Prevocational Level / Music Special Needs Education / Prevocational Level / Hindu Religious Education Special Needs Education / Prevocational Level / Christian Religious Education Special Needs Education / Prevocational Level / Physical Education Special Needs Education / Prevocational Level / Islamic Religious Education Special Needs Education / Prevocational Level / Social Studies Special Needs Education / Prevocational Level / Prevocational Skills 1 Special Needs Education / Prevocational Level / Prevocational Skills 2 Special Needs Education / Prevocational Level / Prevocational Skills 3 Accessible Digital Textbooks Interactive Simulations for Sciences and Mathematics Interactive Simulations for Sciences and Mathematics / Physics Interactive Simulations for Sciences and Mathematics / Chemistry Interactive Simulations for Sciences and Mathematics / Mathematics Information, Education and Communication(IEC) Materials Information, Education and Communication(IEC) Materials / Child Online Safety Information, Education and Communication(IEC) Materials / Child Road Safety Information, Education and Communication(IEC) Materials / Child Road Safety / Integration Matrices Information, Education and Communication(IEC) Materials / Child Road Safety / Integration Matrices / Early Years Education Information, Education and Communication(IEC) Materials / Child Road Safety / Integration Matrices / Upper Primary Information, Education and Communication(IEC) Materials / Child Road Safety / Integration Matrices / Junior School Information, Education and Communication(IEC) Materials / Child Road Safety / Integration Matrices / Senior School Information, Education and Communication(IEC) Materials / Child Road Safety / Information, Education and Communication(IEC) Materials on Child Road Safety Information, Education and Communication(IEC) Materials / Child Road Safety / Information, Education and Communication(IEC) Materials on Child Road Safety / Early Years Education Information, Education and Communication(IEC) Materials / Child Road Safety / Information, Education and Communication(IEC) Materials on Child Road Safety / Upper Primary Information, Education and Communication(IEC) Materials / Child Road Safety / Information, Education and Communication(IEC) Materials on Child Road Safety / Junior School Information, Education and Communication(IEC) Materials / Child Road Safety / Information, Education and Communication(IEC) Materials on Child Road Safety / Senior School Information, Education and Communication(IEC) Materials / Child Road Safety / Teacher's Handbook Information, Education and Communication(IEC) Materials / Financial Literacy Learners’ Toolkit Teacher Resources Teacher Resources / Educational Resources Materials Development Teacher Resources / Educational Resources Materials Development / CRE Teacher Resources / Educational Resources Materials Development / English Teacher Resources / Educational Resources Materials Development / Environment Teacher Resources / Educational Resources Materials Development / Foundations Teacher Resources / Educational Resources Materials Development / H.R.E Teacher Resources / Educational Resources Materials Development / Hygiene and Nutrition Teacher Resources / Educational Resources Materials Development / I.R.E Teacher Resources / Educational Resources Materials Development / Kiswahili Teacher Resources / Educational Resources Materials Development / Language Activities Teacher Resources / Educational Resources Materials Development / Literacy Skills Teacher Resources / Educational Resources Materials Development / Mathematics Teacher Resources / Educational Resources Materials Development / Movements and Arts Teacher Resources / Pre-Primary Teacher Radio Programmes Teacher Resources / CBC Courses Teacher Resources / Special Needs Educations Teacher Resources / Interactive Digital Content for Teacher Education Teacher Resources / Interactive Digital Content for Teacher Education / English Teacher Resources / Interactive Digital Content for Teacher Education / Music Teacher Resources / Interactive Digital Content for Teacher Education / Christian Religious Education Teacher Resources / Interactive Digital Content for Teacher Education / Art and Craft Teacher Resources / Interactive Digital Content for Teacher Education / Indigenous Languages Teacher Resources / Interactive Digital Content for Teacher Education / Home science Teacher Resources / Interactive Digital Content for Teacher Education / Science and Technology Teacher Resources / Interactive Digital Content for Teacher Education / Islamic Religious Education Teacher Resources / Interactive Digital Content for Teacher Education / Mandarin Teacher Resources / Interactive Digital Content for Teacher Education / Agriculture Teacher Resources / Interactive Digital Content for Teacher Education / Mathematics Teacher Resources / Interactive Digital Content for Teacher Education / French Teacher Resources / Interactive Digital Content for Teacher Education / Hindu Religious Education Teacher Resources / Interactive Digital Content for Teacher Education / Social Studies Teacher Resources / Interactive Digital Content for Teacher Education / Kiswahili Teacher Resources / Interactive Digital Content for Teacher Education / Physical Education Teacher Resources / Interactive Digital Content for Teacher Education / Arabic Parental Resources Financial Literacy Financial Literacy / Financial Literacy for Junior School Financial Literacy / Financial Literacy for Junior School / Taxation Financial Literacy / Financial Literacy for Senior School Financial Literacy / Financial Literacy for Senior School / Taxation Search lessons Search Home Calendar Pre-primary Pre-Primary 1 Pre-Primary 2 Primary Grade 1 Grade 2 Grade 3 Grade 4 Grade 5 Grade 6 Secondary Grade 7 Grade 8 Form 1 Form 2 Form 3 Form 4 OER's SNE The Kenya Education Cloud (KEC) is a digital platform designed to enhance teaching and learning in Kenya by providing a wide range of digital educational resources. Serving as a centralized hub for e-learning, it promotes access to interactive content, supports modern pedagogical methods, and fosters collaboration among educators and learners. External Links Ministry of Education Kenya National Examinations Council Teachers Service Commission Kenya Kenya Institute of Special Education (KISE) ICT Authority TVET Authority Elimika Additional Resources Accessible Digital Textbook (ADT) Curriculum Reports Parental Resources Child Online Protection Guidelines Our Contacts Kenya Institute of Curriculum DevelopmentDesai Rd, Off Muranga Rd,Nairobi, Kenya. Telephone Contacts+254 729327331 +254 729327334 Email Addressinfo@kicd.ac.ke Kenya Education Cloud © 2024. All rights reserved. Privacy Policy Terms & Conditions (Login) Data retention summary","['mathematics', 'english', 'kiswahili', 'biology', 'chemistry', 'physics', 'geography', 'history', 'business', 'computer', 'agriculture', 'home_science', 'art', 'music', 'physical_education', 'religious_education']",form_1,cbc,[],2025-09-08T00:49:30.126040,unknown,,,,
https://lms.kec.ac.ke/mod/page/view.php?id=458,"ABRACADABRA Grade 1,2 and 3","Kenya Education Cloud is your ultimate digital learning hub, providing access to curated e-learning resources, educational tools, and innovative content for students, teachers, and institutions.","ABRACADABRA Grade 1,2 and 3 Home Lessons Open Education Resourses(OERs) LTK | Concordia University ABRACADABRA Grade 1,2 and 3 ABRACADABRA has been developed by the LTK+ team at Concordia University, Canada. Prior to using this literacy software, teachers must receive professional development. For more information, please contact: ltktraining@agakhanacademies.org Digital Content | Kenya Education Cloud | Unlimited Learning Experiences Skip to main content (Login) ABRACADABRA Grade 1,2 and 3 Home Lessons Open Education Resourses(OERs) LTK | Concordia University ABRACADABRA Grade 1,2 and 3 ABRACADABRA has been developed by the LTK+ team at Concordia University, Canada. Prior to using this literacy software, teachers must receive professional development. For more information, please contact: ltktraining@agakhanacademies.org ABRACADABRA Grade 1,2 and 3 Home Calendar Pre-primary Pre-Primary 1 Pre-Primary 2 Primary Grade 1 Grade 2 Grade 3 Grade 4 Grade 5 Grade 6 Secondary Grade 7 Grade 8 Form 1 Form 2 Form 3 Form 4 OER's SNE The Kenya Education Cloud (KEC) is a digital platform designed to enhance teaching and learning in Kenya by providing a wide range of digital educational resources. Serving as a centralized hub for e-learning, it promotes access to interactive content, supports modern pedagogical methods, and fosters collaboration among educators and learners. External Links Ministry of Education Kenya National Examinations Council Teachers Service Commission Kenya Kenya Institute of Special Education (KISE) ICT Authority TVET Authority Elimika Additional Resources Accessible Digital Textbook (ADT) Curriculum Reports Parental Resources Child Online Protection Guidelines Our Contacts Kenya Institute of Curriculum DevelopmentDesai Rd, Off Muranga Rd,Nairobi, Kenya. Telephone Contacts+254 729327331 +254 729327334 Email Addressinfo@kicd.ac.ke Kenya Education Cloud © 2024. All rights reserved. Privacy Policy Terms & Conditions (Login) Data retention summary","['computer', 'art']",form_1,unknown,[],2025-09-08T00:49:31.090673,unknown,,,,
https://oer.kec.ac.ke/sign-up/,Sign up – oer.kec.ac.ke,,"Home About Learning Areas Resources Menu Toggle Learning Areas Forums Events Calendar Mobile App Contact Log In Register Home About Learning Areas Resources Menu Toggle Learning Areas Forums Events Calendar Mobile App Contact Log In Register Home About Learning Areas Resources Menu Toggle Learning Areas Forums Events Calendar Mobile App Contact Log In Register Home About Learning Areas Resources Menu Toggle Learning Areas Forums Events Calendar Mobile App Contact Log In Register Home About Learning Areas Resources Menu Toggle Learning Areas Forums Events Calendar Mobile App Contact Log In Register Main Menu Main Menu Home About Learning Areas Resources Menu Toggle Learning Areas Forums Events Calendar Mobile App Contact Log In Register Home About Learning Areas Resources Menu Toggle Learning Areas Forums Events Calendar Mobile App Contact Log In Register Home About Learning Areas Resources Menu Toggle Learning Areas Forums Events Calendar Mobile App Contact Log In Register Home About Learning Areas Resources Menu Toggle Learning Areas Forums Events Calendar Mobile App Contact Log In Register Registration Form First Name * Last Name * Learner's Grade Level * Grade 1Grade 2Grade 3Grade 4Grade 5Grade 6 Username * User Email * User Password * Confirm Password * Submit Registration Form First Name * Last Name * Learner's Grade Level * Grade 1Grade 2Grade 3Grade 4Grade 5Grade 6 Username * User Email * User Password * Confirm Password * Submit Registration Form First Name * Last Name * Learner's Grade Level * Grade 1Grade 2Grade 3Grade 4Grade 5Grade 6 Username * User Email * User Password * Confirm Password * Submit Sign up – oer.kec.ac.ke Skip to content Home About Learning Areas Resources Menu Toggle Learning Areas Forums Events Calendar Mobile App Contact Log In Register Main Menu Home About Learning Areas Resources Menu Toggle Learning Areas Forums Events Calendar Mobile App Contact Log In Register Registration Form First Name * Last Name * Learner's Grade Level * Grade 1Grade 2Grade 3Grade 4Grade 5Grade 6 Username * User Email * User Password * Confirm Password * Submit Kenya Institute ofCurriculum DevelopmentOpen Education Resources“Nurturing Every Learners Potential” The Kenya Institute of Curriculum Development(KICD) is an Institute established through the KICDAct No. 4 of 2013 of the laws of Kenya. © 2025 Kenya Institute of Curriculum Development.All Rights Reserved Our Contacts Kenya Institute of Curriculum Development Desai Rd, Off­ Muranga Rd, Nairobi, Kenya. Telephone Contacts +254 20 3749900-9 +254 20 3749900-3 +254 729 327 334 +254 787 883 311 Email Address info@kicd.ac.ke Developed by Darasa Online, a subsidiary of Mashariki Ltd. (Kenya)",[],grade_1,unknown,[],2025-09-08T00:49:31.528184,unknown,,,,
https://elimika.kec.ac.ke/#searchform-navbar,Elimika Platform | Kenya Education Cloud | Unlimited Learning Experinces,Elimika,"Elimika Platform | Kenya Education Cloud | Unlimited Learning Experinces Elimika home_app_logoGlypaneel Afrikaans ‎(af)‎ Afrikaans ‎(af)‎ English ‎(en)‎ Soek Sluit Soek Wissel soek invoer Teken in Gebruikersnaam Wagwoord Onthou gebruikersnaam Forgot Password? Teken in Teken in met die gebruik van jou rekening by: Skep 'n nuwe profiel Tuisblad frontpageloaded Soek Site announcements Kursusse Slaan oor na hoof inhoud The Kenya Education Cloud (KEC) is a digital platform designed to enhance teaching and learning in Kenya by providing a wide range of digital educational resources. Serving as a centralized hub for e-learning, it promotes access to interactive content, supports modern pedagogical methods, and fosters collaboration among educators and learners. Follow Us External Links Ministry of Education Kenya National Examinations Council Teachers Service Commission Kenya Kenya Institute of Special Education (KISE) ICT Authority TVET Authority Follow Us External Links Additional Resources Accessible Digital Textbook (ADT) Curriculum Reports OrangeBook - List of Approved materials Child Online Protection Guidelines Parental Resources Follow Us Additional Resources Our Contacts Kenya Institute of Curriculum DevelopmentDesai Rd, Off Muranga Rd,Nairobi, Kenya.Telephone Contacts+254 729327331+254 729327334Email Addressinfo@kicd.ac.ke Follow Us Our Contacts Afrikaans ‎(af)‎ Afrikaans ‎(af)‎ English ‎(en)‎ Kenya Institute of Curriculum Development Elimika © 2025. All rights reserved. Terms & Conditions Privacy Policy Jy is nie in geteken nie. (Teken in)","['english', 'computer', 'art']",unknown,unknown,[],2025-09-08T00:49:33.075824,unknown,,,,
https://elimika.kec.ac.ke/0,Not Found,,404 Not Found Not Found The requested URL was not found on this server.,[],unknown,unknown,[],2025-09-08T00:49:33.262791,unknown,,,,
https://lms.kec.ac.ke/course/index.php,Digital Content Portal,"Kenya Education Cloud is your ultimate digital learning hub, providing access to curated e-learning resources, educational tools, and innovative content for students, teachers, and institutions.","Digital Content Portal Home Lessons Search lessons Search Expand allPre-PrimaryPrimary EducationJunior School Secondary EducationGeneral Knowledge Educhannel LessonsOpen Education Resourses(OERs)Special Needs EducationAccessible Digital TextbooksInteractive Simulations for Sciences and MathematicsInformation, Education and Communication(IEC) MaterialsTeacher ResourcesParental ResourcesFinancial Literacy Pre-PrimaryPrimary EducationJunior School Secondary EducationGeneral Knowledge Educhannel LessonsOpen Education Resourses(OERs)Special Needs EducationAccessible Digital TextbooksInteractive Simulations for Sciences and MathematicsInformation, Education and Communication(IEC) MaterialsTeacher ResourcesParental ResourcesFinancial Literacy Digital Content | Kenya Education Cloud | Unlimited Learning Experiences Skip to main content (Login) Digital Content Portal Home Lessons Search lessons Search Expand allPre-PrimaryPrimary EducationJunior School Secondary EducationGeneral Knowledge Educhannel LessonsOpen Education Resourses(OERs)Special Needs EducationAccessible Digital TextbooksInteractive Simulations for Sciences and MathematicsInformation, Education and Communication(IEC) MaterialsTeacher ResourcesParental ResourcesFinancial Literacy Home Calendar Pre-primary Pre-Primary 1 Pre-Primary 2 Primary Grade 1 Grade 2 Grade 3 Grade 4 Grade 5 Grade 6 Secondary Grade 7 Grade 8 Form 1 Form 2 Form 3 Form 4 OER's SNE The Kenya Education Cloud (KEC) is a digital platform designed to enhance teaching and learning in Kenya by providing a wide range of digital educational resources. Serving as a centralized hub for e-learning, it promotes access to interactive content, supports modern pedagogical methods, and fosters collaboration among educators and learners. External Links Ministry of Education Kenya National Examinations Council Teachers Service Commission Kenya Kenya Institute of Special Education (KISE) ICT Authority TVET Authority Elimika Additional Resources Accessible Digital Textbook (ADT) Curriculum Reports Parental Resources Child Online Protection Guidelines Our Contacts Kenya Institute of Curriculum DevelopmentDesai Rd, Off Muranga Rd,Nairobi, Kenya. Telephone Contacts+254 729327331 +254 729327334 Email Addressinfo@kicd.ac.ke Kenya Education Cloud © 2024. All rights reserved. Privacy Policy Terms & Conditions (Login) Data retention summary","['mathematics', 'computer', 'art']",form_1,unknown,[],2025-09-08T00:49:34.990644,unknown,,,,
https://lms.kec.ac.ke/course/index.php?categoryid=522,Foundational and Stage-Based,"Kenya Education Cloud is your ultimate digital learning hub, providing access to curated e-learning resources, educational tools, and innovative content for students, teachers, and institutions.","Foundational and Stage-Based Home Lessons Special Needs Education Foundational and Stage-Based Lesson categories: Pre-Primary Pre-Primary / Radio Lessons Pre-Primary / Educhannel Video Lessons Pre-Primary / Educhannel Video Lessons / Language Activities Pre-Primary / Educhannel Video Lessons / Mathematics Pre-Primary / Educhannel Video Lessons / Our School Pre-Primary / Educhannel Video Lessons / Picture Making Pre-Primary / Educhannel Video Lessons / Social Environment Pre-Primary / Educhannel Video Lessons / Pre-Primary 1 Pre-Primary / Educhannel Video Lessons / Pre-Primary 2 Pre-Primary / Interactive digital Content Pre-Primary / Ebooks Primary Education Primary Education / Grade 1 Primary Education / Grade 1 / Educhannel TV Lessons Primary Education / Grade 1 / Educhannel TV Lessons / English Primary Education / Grade 1 / Educhannel TV Lessons / Mathematics Primary Education / Grade 1 / Educhannel TV Lessons / Kiswahili Primary Education / Grade 1 / Educhannel TV Lessons / Kenya Sign Language(KSL) Primary Education / Grade 1 / Educhannel TV Lessons / Hygiene and nutrition Primary Education / Grade 1 / Educhannel TV Lessons / Environmental Activities Primary Education / Grade 1 / Interactive Digital Content Primary Education / Grade 1 / Radio Lessons Primary Education / Grade 1 / Radio Lessons / Mathematics Primary Education / Grade 1 / Radio Lessons / Mathematics / Grade 1 Term 2 Primary Education / Grade 1 / Radio Lessons / Mathematics / Grade 1 Term 3 Primary Education / Grade 1 / Radio Lessons / Kiswahili Primary Education / Grade 1 / Radio Lessons / Kiswahili / Grade 1 Term 2 Primary Education / Grade 1 / Radio Lessons / Kiswahili / Grade 1 Term 3 Primary Education / Grade 1 / Radio Lessons / English Primary Education / Grade 1 / Radio Lessons / English / Grade 1 Term 2 Primary Education / Grade 1 / Radio Lessons / English / Grade 1 Term 3 Primary Education / Grade 1 / Ebooks Primary Education / Grade 1 / Ebooks / Tusome readers Primary Education / Grade 1 / Ebooks / Indigenous Languages Primary Education / Grade 2 Primary Education / Grade 2 / Interactive Digital Content Primary Education / Grade 2 / Educhannel Tv Lessons Primary Education / Grade 2 / Educhannel Tv Lessons / Mathematics Primary Education / Grade 2 / Educhannel Tv Lessons / English Primary Education / Grade 2 / Radio Lessons Primary Education / Grade 2 / Radio Lessons / Mathematics Primary Education / Grade 2 / Radio Lessons / Mathematics / Grade 2 Term 2 Primary Education / Grade 2 / Radio Lessons / English Primary Education / Grade 2 / Radio Lessons / English / Grade 2 Term 2 Primary Education / Grade 2 / Radio Lessons / English / Grade 2 Term 3 Primary Education / Grade 2 / Radio Lessons / Kiswahili Primary Education / Grade 2 / Radio Lessons / Kiswahili / Grade 2 Term 3 Primary Education / Grade 2 / Hygiene and Nutrition Primary Education / Grade 2 / Hygiene and Nutrition / Grade 2 Term 2 Primary Education / Grade 2 / E-books Primary Education / Grade 2 / E-books / Tusome Readers Primary Education / Grade 3 Primary Education / Grade 3 / Radio Lessons Primary Education / Grade 3 / Radio Lessons / Mathematics Primary Education / Grade 3 / Radio Lessons / Mathematics / Grade 3 Term 2 Primary Education / Grade 3 / Radio Lessons / Mathematics / Grade 3 Term 3 Primary Education / Grade 3 / Radio Lessons / English Primary Education / Grade 3 / Radio Lessons / English / Grade 3 Term 2 Primary Education / Grade 3 / Radio Lessons / English / Grade 3 Term 3 Primary Education / Grade 3 / Radio Lessons / Environmental Activities Primary Education / Grade 3 / Radio Lessons / Environmental Activities / Grade 3 Term 2 Primary Education / Grade 3 / Radio Lessons / Kiswahili Primary Education / Grade 3 / Radio Lessons / Kiswahili / Grade 3 Term 3 Primary Education / Grade 3 / Educhannel TV Lessons Primary Education / Grade 3 / Educhannel TV Lessons / Mathematics Primary Education / Grade 3 / Educhannel TV Lessons / English Primary Education / Grade 3 / Educhannel TV Lessons / Kiswahili Primary Education / Grade 3 / Educhannel TV Lessons / Hygiene and Nutrition Primary Education / Grade 3 / Educhannel TV Lessons / Environmental Activities Primary Education / Grade 3 / Interactive Digital Content Primary Education / Grade 3 / EBooks Primary Education / Grade 3 / Tusome English Video Lessons Primary Education / Grade 3 / Tusome English Video Lessons / Tusome English Grade 3 Lessons Primary Education / Grade 4 Primary Education / Grade 4 / Educhannel Tv Lessons Primary Education / Grade 4 / Educhannel Tv Lessons / Home Science Primary Education / Grade 4 / Educhannel Tv Lessons / Agriculture Primary Education / Grade 4 / Educhannel Tv Lessons / Music Primary Education / Grade 4 / Educhannel Tv Lessons / Physical Education Primary Education / Grade 4 / Educhannel Tv Lessons / Art and Craft Primary Education / Grade 4 / Educhannel Tv Lessons / Kenya Sign Language Primary Education / Grade 4 / Educhannel Tv Lessons / Mathematics Primary Education / Grade 4 / Educhannel Tv Lessons / Science and Technology Primary Education / Grade 4 / Educhannel Tv Lessons / Social Studies Primary Education / Grade 4 / Educhannel Tv Lessons / English Primary Education / Grade 4 / Educhannel Tv Lessons / Kiswahili Primary Education / Grade 4 / Educhannel Tv Lessons / Environmental Activity Primary Education / Grade 4 / Radio lessons Primary Education / Grade 4 / Radio lessons / Social Studies Primary Education / Grade 4 / Radio lessons / Social Studies / Grade 4 Term 2 Primary Education / Grade 4 / Radio lessons / Social Studies / Grade 4 Term 3 Primary Education / Grade 4 / Radio lessons / CRE Primary Education / Grade 4 / Radio lessons / CRE / Grade 4 Term 2 Primary Education / Grade 4 / Radio lessons / English Primary Education / Grade 4 / Radio lessons / English / Grade 4 Term 2 Primary Education / Grade 4 / Radio lessons / English / Grade 4 Term 3 Primary Education / Grade 4 / Radio lessons / Hygiene and Nutrition Primary Education / Grade 4 / Radio lessons / Hygiene and Nutrition / Grade 4 Term 1 Primary Education / Grade 4 / Radio lessons / IRE Primary Education / Grade 4 / Radio lessons / IRE / Grade 4 Term 2 Primary Education / Grade 4 / Radio lessons / Science and Technology Primary Education / Grade 4 / Radio lessons / Science and Technology / Grade 4 Term 3 Primary Education / Grade 4 / Radio lessons / Agriculture Primary Education / Grade 4 / Radio lessons / Agriculture / Grade 4 Term 3 Primary Education / Grade 4 / Radio lessons / Mathematics Primary Education / Grade 4 / Radio lessons / Mathematics / Grade 4 Term 3 Primary Education / Grade 4 / SNE Primary Education / Grade 4 / Interactive Digital Content Primary Education / Grade 5 Primary Education / Grade 5 / Educhannel Tv Lessons Primary Education / Grade 5 / Educhannel Tv Lessons / English Primary Education / Grade 5 / Educhannel Tv Lessons / Kiswahili Primary Education / Grade 5 / Educhannel Tv Lessons / Mathematics Primary Education / Grade 5 / Radio Lessons Primary Education / Grade 5 / Radio Lessons / English Primary Education / Grade 5 / Radio Lessons / Science and Technology Primary Education / Grade 5 / Radio Lessons / Agriculture Primary Education / Grade 5 / Radio Lessons / Social studies Primary Education / Grade 5 / Radio Lessons / Christian Religious Education Primary Education / Grade 5 / Radio Lessons / Mathematics Primary Education / Grade 5 / Interactive Digital Content Primary Education / Grade 6 Primary Education / Grade 6 / Radio Lessons Primary Education / Grade 6 / Radio Lessons / CRE Primary Education / Grade 6 / Radio Lessons / Social Studies Primary Education / Grade 6 / Radio Lessons / Science Primary Education / Grade 6 / Radio Lessons / Kiswahili Primary Education / Grade 6 / Radio Lessons / English Primary Education / Grade 6 / Radio Lessons / Mathematics Primary Education / Grade 6 / Educhannel TV Lessons Primary Education / Grade 6 / Educhannel TV Lessons / Kiswahili Primary Education / Grade 6 / Educhannel TV Lessons / Agriculture Primary Education / Grade 6 / Educhannel TV Lessons / Art and Craft Primary Education / Grade 6 / Educhannel TV Lessons / English Primary Education / Grade 6 / Educhannel TV Lessons / Home Science Primary Education / Grade 6 / Educhannel TV Lessons / Music Primary Education / Grade 6 / Educhannel TV Lessons / Science and technology Primary Education / Grade 6 / Educhannel TV Lessons / Physical health education Primary Education / Grade 6 / Interactive Digital Content Junior School Junior School / Grade 8 Junior School / Grade 8 / Educhannel Tv Lessons Junior School / Grade 8 / Radio Lessons Junior School / Grade 8 / Interactive Digital Content Junior School / Grade 7 Junior School / Grade 7 / Educhannel TV lessons Junior School / Grade 7 / Radio Lessons Junior School / Grade 7 / Radio Lessons / Mathematics Junior School / Grade 7 / Radio Lessons / Kiswahili Junior School / Grade 7 / Radio Lessons / English Junior School / Grade 7 / Radio Lessons / Christian Religious Education Junior School / Grade 7 / Radio Lessons / Integrated Science Junior School / Grade 7 / Radio Lessons / Social Studies Junior School / Grade 7 / Radio Lessons / Pre-Technical Studies Junior School / Grade 7 / Interactive Digital Content Secondary Education Secondary Education / Form 1 Secondary Education / Form 1 / Interactive Digital Content Secondary Education / Form 1 / Educhannel Tv Lessons Secondary Education / Form 1 / Educhannel Tv Lessons / Mathematics Secondary Education / Form 1 / Educhannel Tv Lessons / English Secondary Education / Form 1 / Educhannel Tv Lessons / Physics Secondary Education / Form 1 / Educhannel Tv Lessons / Biology Secondary Education / Form 1 / Educhannel Tv Lessons / Chemistry Secondary Education / Form 1 / Educhannel Tv Lessons / Kiswahili Secondary Education / Form 1 / Educhannel Tv Lessons / History and Government Secondary Education / Form 1 / Educhannel Tv Lessons / Business Studies Secondary Education / Form 1 / Radio Lessons Secondary Education / Form 1 / Ebooks Secondary Education / Form 2 Secondary Education / Form 2 / Interactive Digital Content Secondary Education / Form 2 / Educhannel Tv Lessons Secondary Education / Form 2 / Educhannel Tv Lessons / Physics Secondary Education / Form 2 / Radio Lessons Secondary Education / Form 2 / Radio Lessons / Biology Secondary Education / Form 3 Secondary Education / Form 3 / Interactive Digital Content Secondary Education / Form 3 / Educhannel Tv Lessons Secondary Education / Form 3 / Educhannel Tv Lessons / Mathematics Secondary Education / Form 3 / Educhannel Tv Lessons / English Secondary Education / Form 3 / Educhannel Tv Lessons / Kiswahili Secondary Education / Form 3 / Educhannel Tv Lessons / Biology Secondary Education / Form 3 / Educhannel Tv Lessons / Chemistry Secondary Education / Form 3 / Educhannel Tv Lessons / Physics Secondary Education / Form 3 / Educhannel Tv Lessons / Business Studies Secondary Education / Form 3 / Educhannel Tv Lessons / History and Government Secondary Education / Form 3 / Radio Lessons Secondary Education / Form 4 Secondary Education / Form 4 / Interactive Digital Content Secondary Education / Form 4 / Educhannel Tv Lessons Secondary Education / Form 4 / Educhannel Tv Lessons / Form 4 Mathematics Secondary Education / Form 4 / Educhannel Tv Lessons / Form 4 English Secondary Education / Form 4 / Educhannel Tv Lessons / Form 4 Physics Secondary Education / Form 4 / Educhannel Tv Lessons / Form 4 Biology Secondary Education / Form 4 / Educhannel Tv Lessons / Form 4 Kiswahili Secondary Education / Form 4 / Educhannel Tv Lessons / Form 4 Chemistry Secondary Education / Form 4 / Educhannel Tv Lessons / Form 4 History and Government Secondary Education / Form 4 / Educhannel Tv Lessons / Form 4 Business Studies Secondary Education / Form 4 / Radio Lessons Secondary Education / Form 4 / Radio Lessons / Mathematics Secondary Education / Form 4 / Radio Lessons / Mathematics / Form 4 Term 1 Secondary Education / Form 4 / Radio Lessons / Mathematics / Form 4 Term 2 Secondary Education / Form 4 / Radio Lessons / Mathematics / Form 4 Term 3 General Knowledge General Knowledge / VOA Connect General Knowledge / Ask the expert General Knowledge / Citizenship and Democracy General Knowledge / Digital Story General Knowledge / Impacted Educhannel Lessons Educhannel Lessons / English Educhannel Lessons / English / Transport and travel Educhannel Lessons / English / Pronunciation skills Educhannel Lessons / English / Listening and speaking Educhannel Lessons / English / Family Educhannel Lessons / English / Environment Educhannel Lessons / English / Drug and Substance Educhannel Lessons / Agriculture Educhannel Lessons / Biology Educhannel Lessons / Biology / Living Things Educhannel Lessons / Biology / Secretion and homeostasis Educhannel Lessons / Biology / Support and movement Educhannel Lessons / Business Studies Educhannel Lessons / Chemistry Educhannel Lessons / Earth Movement and Volcanicity Educhannel Lessons / Environmental Activities Educhannel Lessons / Geograpghy Educhannel Lessons / History Educhannel Lessons / History / Kenyan History Educhannel Lessons / Homescience Educhannel Lessons / Homescience / Basic care clothing Educhannel Lessons / Kiswahili Educhannel Lessons / Kiswahili / Primary Educhannel Lessons / Kiswahili / Primary / Darasa 4-5 Educhannel Lessons / Kiswahili / Secondary Educhannel Lessons / Kiswahili / Secondary / Isimu Jamii Educhannel Lessons / Kiswahili / Secondary / Sarufi Educhannel Lessons / Mathematics Educhannel Lessons / Mathematics / Secondary Educhannel Lessons / Mathematics / Secondary / Commercial Arithmetics Educhannel Lessons / Mathematics / Primary Educhannel Lessons / Mathematics / Primary / Class 5-8 Educhannel Lessons / Mathematics / Primary / Class 5-8 / Practical uses of Money Educhannel Lessons / Mathematics / Primary / Class 5-8 / Measurement Educhannel Lessons / Organic Chemistry Educhannel Lessons / Performing Music Educhannel Lessons / Homescience Educhannel Lessons / Homescience / Basic care of clothing Educhannel Lessons / Art and Craft Educhannel Lessons / Physics Educhannel Lessons / Physics / Thermodynamics Educhannel Lessons / Physics / Mechanics Educhannel Lessons / Physics / Electricity and Magnetism Educhannel Lessons / The Doyen Exposition Educhannel Lessons / Science Educhannel Lessons / Science / Making work easier Educhannel Lessons / Science / Living Things Educhannel Lessons / Science / Energy conservation Educhannel Lessons / Physical and Health Education Educhannel Lessons / Physical and Health Education / Grade 1-4 Open Education Resourses(OERs) Open Education Resourses(OERs) / Movement and Creative Activities Open Education Resourses(OERs) / 	Religious Education Activities Open Education Resourses(OERs) / Mathematical Activities Open Education Resourses(OERs) / Environmental Activities Open Education Resourses(OERs) / Kiswahili Language Open Education Resourses(OERs) / LTK | Concordia University Open Education Resourses(OERs) / Hygiene and Nutrition Open Education Resourses(OERs) / ENGLISH LANGUAGE ACTIVITIES Open Education Resourses(OERs) / Casio Materials Open Education Resourses(OERs) / Health Education Open Education Resourses(OERs) / Carbon Literacy Special Needs Education Special Needs Education / Grade 1 Special Needs Education / Grade 1 / Adapted Interactive Digital Content for Hearing Impaired(HI) Special Needs Education / Grade 1 / Adapted Interactive Digital Content for Hearing Impaired(HI) / English Activities Special Needs Education / Grade 1 / Adapted Interactive Digital Content for Hearing Impaired(HI) / Environmental Activities Special Needs Education / Grade 1 / Adapted Interactive Digital Content for Hearing Impaired(HI) / Creative Activities Special Needs Education / Grade 1 / Adapted Interactive Digital Content for Visual Impaired(VI) Special Needs Education / Grade 2 Special Needs Education / Grade 2 / Adapted Interactive Digital Content for Hearing Impaired(HI) Special Needs Education / Grade 2 / Adapted Interactive Digital Content for Hearing Impaired(HI) / Mathematics Grade 2 Special Needs Education / Grade 2 / Adapted Interactive Digital Content for Hearing Impaired(HI) / Environmental Activities Grade 2 Special Needs Education / Grade 2 / Adapted Interactive Digital Content for Hearing Impaired(HI) / Hygiene and Nutrition Grade 2 Special Needs Education / Grade 2 / Adapted Interactive Digital Content for Hearing Impaired(HI) / Christian Religious Education Grade 2 (HI) Special Needs Education / Grade 2 / Adapted Interactive Digital Content for Hearing Impaired(HI) / Literacy Activities Grade2 (HI) Special Needs Education / Grade 2 / Adapted Interactive Digital Content for Hearing Impaired(HI) / English Activities Grad2 H.I Special Needs Education / Grade 2 / Adapted Interactive Digital Content for Hearing Impaired(HI) / Creative Activities Grade2 -H.I Special Needs Education / Grade 2 / Adapted Interactive Digital Content for Visual Impaired(VI) Special Needs Education / Grade 2 / Adapted Interactive Digital Content for Visual Impaired(VI) / Mathematics Special Needs Education / Grade 2 / Adapted Interactive Digital Content for Visual Impaired(VI) / Kiswahili Special Needs Education / Grade 2 / Adapted Interactive Digital Content for Visual Impaired(VI) / English Special Needs Education / Grade 2 / Adapted Interactive Digital Content for Visual Impaired(VI) / Creative Activities Special Needs Education / Grade 2 / Adapted Interactive Digital Content for Visual Impaired(VI) / CRE Special Needs Education / Grade 3 Special Needs Education / Grade 3 / Adapted Interactive Digital Content for Learners with Hearing Impairment (HI) Special Needs Education / Grade 3 / Adapted Interactive Digital Content for Learners with Hearing Impairment (HI) / Visual Arts Special Needs Education / Grade 3 / Adapted Interactive Digital Content for Learners with Hearing Impairment (HI) / English Special Needs Education / Grade 3 / Adapted Interactive Digital Content for Learners with Hearing Impairment (HI) / Hygiene and Nutrition Special Needs Education / Grade 3 / Adapted Interactive Digital Content for Learners with Hearing Impairment (HI) / Music Special Needs Education / Grade 3 / Adapted Interactive Digital Content for Learners with Hearing Impairment (HI) / Mathematics Special Needs Education / Grade 3 / Adapted Interactive Digital Content for Learners with Hearing Impairment (HI) / Environmental Special Needs Education / Grade 3 / Adapted Interactive Digital Content for Learners with Hearing Impairment (HI) / CRE Special Needs Education / Grade 3 / Adapted Interactive Digital Content for Learners with Visual Impairment (VI) Special Needs Education / Grade 3 / Adapted Interactive Digital Content for Learners with Visual Impairment (VI) / Music Special Needs Education / Grade 3 / Adapted Interactive Digital Content for Learners with Visual Impairment (VI) / Mathematics Special Needs Education / Grade 3 / Adapted Interactive Digital Content for Learners with Visual Impairment (VI) / Visual Arts Special Needs Education / Grade 3 / Adapted Interactive Digital Content for Learners with Visual Impairment (VI) / Kiswahili Special Needs Education / Grade 3 / Adapted Interactive Digital Content for Learners with Visual Impairment (VI) / Hygiene and Nutrition Special Needs Education / Grade 3 / Adapted Interactive Digital Content for Learners with Visual Impairment (VI) / Environmental Special Needs Education / Grade 3 / Adapted Interactive Digital Content for Learners with Visual Impairment (VI) / English Special Needs Education / Grade 3 / Adapted Interactive Digital Content for Learners with Visual Impairment (VI) / CRE Special Needs Education / Grade 4 Special Needs Education / Grade 4 / Adapted Interactive Digital Content for Learners with Hearing Impairment (HI) Special Needs Education / Grade 4 / Adapted Interactive Digital Content for Learners with Hearing Impairment (HI) / Mathematics Special Needs Education / Grade 4 / Adapted Interactive Digital Content for Learners with Hearing Impairment (HI) / English Special Needs Education / Grade 4 / Adapted Interactive Digital Content for Learners with Hearing Impairment (HI) / Science and Technology Special Needs Education / Grade 4 / Adapted Interactive Digital Content for Learners with Hearing Impairment (HI) / Agriculture Special Needs Education / Grade 4 / Adapted Interactive Digital Content for Learners with Hearing Impairment (HI) / Social Studies Special Needs Education / Grade 4 / Adapted Interactive Digital Content for Learners with Hearing Impairment (HI) / Home Science Special Needs Education / Grade 4 / Adapted Interactive Digital Content for Learners with Hearing Impairment (HI) / Art and Craft Special Needs Education / Grade 4 / Adapted Interactive Digital Content for Learners with Hearing Impairment (HI) / Music Special Needs Education / Grade 4 / Adapted Interactive Digital Content for Learners with Hearing Impairment (HI) / Christian Religious Education (CRE) Special Needs Education / Grade 4 / Adapted Interactive Digital Content for Learners with Visual Impairment (VI) Special Needs Education / Grade 4 / Adapted Interactive Digital Content for Learners with Visual Impairment (VI) / Mathematics Special Needs Education / Grade 4 / Adapted Interactive Digital Content for Learners with Visual Impairment (VI) / English Special Needs Education / Grade 4 / Adapted Interactive Digital Content for Learners with Visual Impairment (VI) / Kiswahili Special Needs Education / Grade 4 / Adapted Interactive Digital Content for Learners with Visual Impairment (VI) / Science and Technology Special Needs Education / Grade 4 / Adapted Interactive Digital Content for Learners with Visual Impairment (VI) / Agriculture Special Needs Education / Grade 4 / Adapted Interactive Digital Content for Learners with Visual Impairment (VI) / Social Studies Special Needs Education / Grade 4 / Adapted Interactive Digital Content for Learners with Visual Impairment (VI) / Home Science Special Needs Education / Grade 4 / Adapted Interactive Digital Content for Learners with Visual Impairment (VI) / Art and Craft Special Needs Education / Grade 4 / Adapted Interactive Digital Content for Learners with Visual Impairment (VI) / Christian Religious Education (CRE) Special Needs Education / Grade 4 / Adapted Interactive Digital Content for Learners with Visual Impairment (VI) / Music Special Needs Education / Grade 5 Special Needs Education / Grade 5 / Adapted Interactive Digital Content for Learners with Hearing Impairment (HI) Special Needs Education / Grade 5 / Adapted Interactive Digital Content for Learners with Hearing Impairment (HI) / English Special Needs Education / Grade 5 / Adapted Interactive Digital Content for Learners with Hearing Impairment (HI) / Christian Religious Education Special Needs Education / Grade 5 / Adapted Interactive Digital Content for Learners with Hearing Impairment (HI) / Social Studies Special Needs Education / Grade 5 / Adapted Interactive Digital Content for Learners with Hearing Impairment (HI) / Agriculture and Nutrition Special Needs Education / Grade 5 / Adapted Interactive Digital Content for Learners with Hearing Impairment (HI) / Creative Arts Special Needs Education / Grade 5 / Adapted Interactive Digital Content for Learners with Hearing Impairment (HI) / Mathematics Special Needs Education / Grade 5 / Adapted Interactive Digital Content for Learners with Hearing Impairment (HI) / Science and Technology Special Needs Education / Grade 5 / Adapted Interactive Digital Content for Learners with Hearing Impairment (HI) / Islamic Religious Education Special Needs Education / Grade 5 / Adapted Interactive Digital Content for Learners with Visual Impairment (VI) Special Needs Education / Grade 5 / Adapted Interactive Digital Content for Learners with Visual Impairment (VI) / Creative Arts Special Needs Education / Grade 5 / Adapted Interactive Digital Content for Learners with Visual Impairment (VI) / Social Studies Special Needs Education / Grade 5 / Adapted Interactive Digital Content for Learners with Visual Impairment (VI) / Kiswahili Special Needs Education / Grade 5 / Adapted Interactive Digital Content for Learners with Visual Impairment (VI) / Christian Religious Education Special Needs Education / Grade 5 / Adapted Interactive Digital Content for Learners with Visual Impairment (VI) / Science and Technology Special Needs Education / Grade 5 / Adapted Interactive Digital Content for Learners with Visual Impairment (VI) / Agriculture and Nutrition Special Needs Education / Grade 5 / Adapted Interactive Digital Content for Learners with Visual Impairment (VI) / Islamic Religious Education Special Needs Education / Grade 5 / Adapted Interactive Digital Content for Learners with Visual Impairment (VI) / Mathematics Special Needs Education / Grade 5 / Adapted Interactive Digital Content for Learners with Visual Impairment (VI) / English Special Needs Education / Grade 6 Special Needs Education / Grade 6 / Adapted Interactive Digital Content for Learners with Hearing Impairment (HI) Special Needs Education / Grade 6 / Adapted Interactive Digital Content for Learners with Hearing Impairment (HI) / Science and Technology Special Needs Education / Grade 6 / Adapted Interactive Digital Content for Learners with Hearing Impairment (HI) / Christian Religious Education Special Needs Education / Grade 6 / Adapted Interactive Digital Content for Learners with Hearing Impairment (HI) / Creative Arts Special Needs Education / Grade 6 / Adapted Interactive Digital Content for Learners with Hearing Impairment (HI) / Islamic Religious Education Special Needs Education / Grade 6 / Adapted Interactive Digital Content for Learners with Hearing Impairment (HI) / English Special Needs Education / Grade 6 / Adapted Interactive Digital Content for Learners with Hearing Impairment (HI) / Social Studies Special Needs Education / Grade 6 / Adapted Interactive Digital Content for Learners with Hearing Impairment (HI) / Agriculture Special Needs Education / Grade 6 / Adapted Interactive Digital Content for Learners with Hearing Impairment (HI) / Mathematics Special Needs Education / Grade 6 / Adapted Interactive Digital Content for Learners with Visual Impairment (VI) Special Needs Education / Grade 6 / Adapted Interactive Digital Content for Learners with Visual Impairment (VI) / Christian Religious Education Special Needs Education / Grade 6 / Adapted Interactive Digital Content for Learners with Visual Impairment (VI) / Kiswahili Special Needs Education / Grade 6 / Adapted Interactive Digital Content for Learners with Visual Impairment (VI) / English Special Needs Education / Grade 6 / Adapted Interactive Digital Content for Learners with Visual Impairment (VI) / Creative Arts Special Needs Education / Grade 6 / Adapted Interactive Digital Content for Learners with Visual Impairment (VI) / Mathematics Special Needs Education / Grade 6 / Adapted Interactive Digital Content for Learners with Visual Impairment (VI) / Science and Technology Special Needs Education / Grade 6 / Adapted Interactive Digital Content for Learners with Visual Impairment (VI) / Islamic Religious Education Special Needs Education / Grade 6 / Adapted Interactive Digital Content for Learners with Visual Impairment (VI) / Social Studies Special Needs Education / Grade 6 / Adapted Interactive Digital Content for Learners with Visual Impairment (VI) / Agriculture and Nutrition Special Needs Education / Ebooks Special Needs Education / Videos Special Needs Education / Foundational and Stage-Based Special Needs Education / Prevocational Level Special Needs Education / Prevocational Level / Music Special Needs Education / Prevocational Level / Hindu Religious Education Special Needs Education / Prevocational Level / Christian Religious Education Special Needs Education / Prevocational Level / Physical Education Special Needs Education / Prevocational Level / Islamic Religious Education Special Needs Education / Prevocational Level / Social Studies Special Needs Education / Prevocational Level / Prevocational Skills 1 Special Needs Education / Prevocational Level / Prevocational Skills 2 Special Needs Education / Prevocational Level / Prevocational Skills 3 Accessible Digital Textbooks Interactive Simulations for Sciences and Mathematics Interactive Simulations for Sciences and Mathematics / Physics Interactive Simulations for Sciences and Mathematics / Chemistry Interactive Simulations for Sciences and Mathematics / Mathematics Information, Education and Communication(IEC) Materials Information, Education and Communication(IEC) Materials / Child Online Safety Information, Education and Communication(IEC) Materials / Child Road Safety Information, Education and Communication(IEC) Materials / Child Road Safety / Integration Matrices Information, Education and Communication(IEC) Materials / Child Road Safety / Integration Matrices / Early Years Education Information, Education and Communication(IEC) Materials / Child Road Safety / Integration Matrices / Upper Primary Information, Education and Communication(IEC) Materials / Child Road Safety / Integration Matrices / Junior School Information, Education and Communication(IEC) Materials / Child Road Safety / Integration Matrices / Senior School Information, Education and Communication(IEC) Materials / Child Road Safety / Information, Education and Communication(IEC) Materials on Child Road Safety Information, Education and Communication(IEC) Materials / Child Road Safety / Information, Education and Communication(IEC) Materials on Child Road Safety / Early Years Education Information, Education and Communication(IEC) Materials / Child Road Safety / Information, Education and Communication(IEC) Materials on Child Road Safety / Upper Primary Information, Education and Communication(IEC) Materials / Child Road Safety / Information, Education and Communication(IEC) Materials on Child Road Safety / Junior School Information, Education and Communication(IEC) Materials / Child Road Safety / Information, Education and Communication(IEC) Materials on Child Road Safety / Senior School Information, Education and Communication(IEC) Materials / Child Road Safety / Teacher's Handbook Information, Education and Communication(IEC) Materials / Financial Literacy Learners’ Toolkit Teacher Resources Teacher Resources / Educational Resources Materials Development Teacher Resources / Educational Resources Materials Development / CRE Teacher Resources / Educational Resources Materials Development / English Teacher Resources / Educational Resources Materials Development / Environment Teacher Resources / Educational Resources Materials Development / Foundations Teacher Resources / Educational Resources Materials Development / H.R.E Teacher Resources / Educational Resources Materials Development / Hygiene and Nutrition Teacher Resources / Educational Resources Materials Development / I.R.E Teacher Resources / Educational Resources Materials Development / Kiswahili Teacher Resources / Educational Resources Materials Development / Language Activities Teacher Resources / Educational Resources Materials Development / Literacy Skills Teacher Resources / Educational Resources Materials Development / Mathematics Teacher Resources / Educational Resources Materials Development / Movements and Arts Teacher Resources / Pre-Primary Teacher Radio Programmes Teacher Resources / CBC Courses Teacher Resources / Special Needs Educations Teacher Resources / Interactive Digital Content for Teacher Education Teacher Resources / Interactive Digital Content for Teacher Education / English Teacher Resources / Interactive Digital Content for Teacher Education / Music Teacher Resources / Interactive Digital Content for Teacher Education / Christian Religious Education Teacher Resources / Interactive Digital Content for Teacher Education / Art and Craft Teacher Resources / Interactive Digital Content for Teacher Education / Indigenous Languages Teacher Resources / Interactive Digital Content for Teacher Education / Home science Teacher Resources / Interactive Digital Content for Teacher Education / Science and Technology Teacher Resources / Interactive Digital Content for Teacher Education / Islamic Religious Education Teacher Resources / Interactive Digital Content for Teacher Education / Mandarin Teacher Resources / Interactive Digital Content for Teacher Education / Agriculture Teacher Resources / Interactive Digital Content for Teacher Education / Mathematics Teacher Resources / Interactive Digital Content for Teacher Education / French Teacher Resources / Interactive Digital Content for Teacher Education / Hindu Religious Education Teacher Resources / Interactive Digital Content for Teacher Education / Social Studies Teacher Resources / Interactive Digital Content for Teacher Education / Kiswahili Teacher Resources / Interactive Digital Content for Teacher Education / Physical Education Teacher Resources / Interactive Digital Content for Teacher Education / Arabic Parental Resources Financial Literacy Financial Literacy / Financial Literacy for Junior School Financial Literacy / Financial Literacy for Junior School / Taxation Financial Literacy / Financial Literacy for Senior School Financial Literacy / Financial Literacy for Senior School / Taxation Search lessons Search NumeracyMovement and CreativeCommunication SkillsEnvironmental ActivitiesIREActivities for Daily LivingHRECRE NumeracyMovement and CreativeCommunication SkillsEnvironmental ActivitiesIREActivities for Daily LivingHRECRE Numeracy Movement and Creative Communication Skills Environmental Activities IRE Activities for Daily Living HRE CRE Digital Content | Kenya Education Cloud | Unlimited Learning Experiences Skip to main content (Login) Foundational and Stage-Based Home Lessons Special Needs Education Foundational and Stage-Based Lesson categories: Pre-Primary Pre-Primary / Radio Lessons Pre-Primary / Educhannel Video Lessons Pre-Primary / Educhannel Video Lessons / Language Activities Pre-Primary / Educhannel Video Lessons / Mathematics Pre-Primary / Educhannel Video Lessons / Our School Pre-Primary / Educhannel Video Lessons / Picture Making Pre-Primary / Educhannel Video Lessons / Social Environment Pre-Primary / Educhannel Video Lessons / Pre-Primary 1 Pre-Primary / Educhannel Video Lessons / Pre-Primary 2 Pre-Primary / Interactive digital Content Pre-Primary / Ebooks Primary Education Primary Education / Grade 1 Primary Education / Grade 1 / Educhannel TV Lessons Primary Education / Grade 1 / Educhannel TV Lessons / English Primary Education / Grade 1 / Educhannel TV Lessons / Mathematics Primary Education / Grade 1 / Educhannel TV Lessons / Kiswahili Primary Education / Grade 1 / Educhannel TV Lessons / Kenya Sign Language(KSL) Primary Education / Grade 1 / Educhannel TV Lessons / Hygiene and nutrition Primary Education / Grade 1 / Educhannel TV Lessons / Environmental Activities Primary Education / Grade 1 / Interactive Digital Content Primary Education / Grade 1 / Radio Lessons Primary Education / Grade 1 / Radio Lessons / Mathematics Primary Education / Grade 1 / Radio Lessons / Mathematics / Grade 1 Term 2 Primary Education / Grade 1 / Radio Lessons / Mathematics / Grade 1 Term 3 Primary Education / Grade 1 / Radio Lessons / Kiswahili Primary Education / Grade 1 / Radio Lessons / Kiswahili / Grade 1 Term 2 Primary Education / Grade 1 / Radio Lessons / Kiswahili / Grade 1 Term 3 Primary Education / Grade 1 / Radio Lessons / English Primary Education / Grade 1 / Radio Lessons / English / Grade 1 Term 2 Primary Education / Grade 1 / Radio Lessons / English / Grade 1 Term 3 Primary Education / Grade 1 / Ebooks Primary Education / Grade 1 / Ebooks / Tusome readers Primary Education / Grade 1 / Ebooks / Indigenous Languages Primary Education / Grade 2 Primary Education / Grade 2 / Interactive Digital Content Primary Education / Grade 2 / Educhannel Tv Lessons Primary Education / Grade 2 / Educhannel Tv Lessons / Mathematics Primary Education / Grade 2 / Educhannel Tv Lessons / English Primary Education / Grade 2 / Radio Lessons Primary Education / Grade 2 / Radio Lessons / Mathematics Primary Education / Grade 2 / Radio Lessons / Mathematics / Grade 2 Term 2 Primary Education / Grade 2 / Radio Lessons / English Primary Education / Grade 2 / Radio Lessons / English / Grade 2 Term 2 Primary Education / Grade 2 / Radio Lessons / English / Grade 2 Term 3 Primary Education / Grade 2 / Radio Lessons / Kiswahili Primary Education / Grade 2 / Radio Lessons / Kiswahili / Grade 2 Term 3 Primary Education / Grade 2 / Hygiene and Nutrition Primary Education / Grade 2 / Hygiene and Nutrition / Grade 2 Term 2 Primary Education / Grade 2 / E-books Primary Education / Grade 2 / E-books / Tusome Readers Primary Education / Grade 3 Primary Education / Grade 3 / Radio Lessons Primary Education / Grade 3 / Radio Lessons / Mathematics Primary Education / Grade 3 / Radio Lessons / Mathematics / Grade 3 Term 2 Primary Education / Grade 3 / Radio Lessons / Mathematics / Grade 3 Term 3 Primary Education / Grade 3 / Radio Lessons / English Primary Education / Grade 3 / Radio Lessons / English / Grade 3 Term 2 Primary Education / Grade 3 / Radio Lessons / English / Grade 3 Term 3 Primary Education / Grade 3 / Radio Lessons / Environmental Activities Primary Education / Grade 3 / Radio Lessons / Environmental Activities / Grade 3 Term 2 Primary Education / Grade 3 / Radio Lessons / Kiswahili Primary Education / Grade 3 / Radio Lessons / Kiswahili / Grade 3 Term 3 Primary Education / Grade 3 / Educhannel TV Lessons Primary Education / Grade 3 / Educhannel TV Lessons / Mathematics Primary Education / Grade 3 / Educhannel TV Lessons / English Primary Education / Grade 3 / Educhannel TV Lessons / Kiswahili Primary Education / Grade 3 / Educhannel TV Lessons / Hygiene and Nutrition Primary Education / Grade 3 / Educhannel TV Lessons / Environmental Activities Primary Education / Grade 3 / Interactive Digital Content Primary Education / Grade 3 / EBooks Primary Education / Grade 3 / Tusome English Video Lessons Primary Education / Grade 3 / Tusome English Video Lessons / Tusome English Grade 3 Lessons Primary Education / Grade 4 Primary Education / Grade 4 / Educhannel Tv Lessons Primary Education / Grade 4 / Educhannel Tv Lessons / Home Science Primary Education / Grade 4 / Educhannel Tv Lessons / Agriculture Primary Education / Grade 4 / Educhannel Tv Lessons / Music Primary Education / Grade 4 / Educhannel Tv Lessons / Physical Education Primary Education / Grade 4 / Educhannel Tv Lessons / Art and Craft Primary Education / Grade 4 / Educhannel Tv Lessons / Kenya Sign Language Primary Education / Grade 4 / Educhannel Tv Lessons / Mathematics Primary Education / Grade 4 / Educhannel Tv Lessons / Science and Technology Primary Education / Grade 4 / Educhannel Tv Lessons / Social Studies Primary Education / Grade 4 / Educhannel Tv Lessons / English Primary Education / Grade 4 / Educhannel Tv Lessons / Kiswahili Primary Education / Grade 4 / Educhannel Tv Lessons / Environmental Activity Primary Education / Grade 4 / Radio lessons Primary Education / Grade 4 / Radio lessons / Social Studies Primary Education / Grade 4 / Radio lessons / Social Studies / Grade 4 Term 2 Primary Education / Grade 4 / Radio lessons / Social Studies / Grade 4 Term 3 Primary Education / Grade 4 / Radio lessons / CRE Primary Education / Grade 4 / Radio lessons / CRE / Grade 4 Term 2 Primary Education / Grade 4 / Radio lessons / English Primary Education / Grade 4 / Radio lessons / English / Grade 4 Term 2 Primary Education / Grade 4 / Radio lessons / English / Grade 4 Term 3 Primary Education / Grade 4 / Radio lessons / Hygiene and Nutrition Primary Education / Grade 4 / Radio lessons / Hygiene and Nutrition / Grade 4 Term 1 Primary Education / Grade 4 / Radio lessons / IRE Primary Education / Grade 4 / Radio lessons / IRE / Grade 4 Term 2 Primary Education / Grade 4 / Radio lessons / Science and Technology Primary Education / Grade 4 / Radio lessons / Science and Technology / Grade 4 Term 3 Primary Education / Grade 4 / Radio lessons / Agriculture Primary Education / Grade 4 / Radio lessons / Agriculture / Grade 4 Term 3 Primary Education / Grade 4 / Radio lessons / Mathematics Primary Education / Grade 4 / Radio lessons / Mathematics / Grade 4 Term 3 Primary Education / Grade 4 / SNE Primary Education / Grade 4 / Interactive Digital Content Primary Education / Grade 5 Primary Education / Grade 5 / Educhannel Tv Lessons Primary Education / Grade 5 / Educhannel Tv Lessons / English Primary Education / Grade 5 / Educhannel Tv Lessons / Kiswahili Primary Education / Grade 5 / Educhannel Tv Lessons / Mathematics Primary Education / Grade 5 / Radio Lessons Primary Education / Grade 5 / Radio Lessons / English Primary Education / Grade 5 / Radio Lessons / Science and Technology Primary Education / Grade 5 / Radio Lessons / Agriculture Primary Education / Grade 5 / Radio Lessons / Social studies Primary Education / Grade 5 / Radio Lessons / Christian Religious Education Primary Education / Grade 5 / Radio Lessons / Mathematics Primary Education / Grade 5 / Interactive Digital Content Primary Education / Grade 6 Primary Education / Grade 6 / Radio Lessons Primary Education / Grade 6 / Radio Lessons / CRE Primary Education / Grade 6 / Radio Lessons / Social Studies Primary Education / Grade 6 / Radio Lessons / Science Primary Education / Grade 6 / Radio Lessons / Kiswahili Primary Education / Grade 6 / Radio Lessons / English Primary Education / Grade 6 / Radio Lessons / Mathematics Primary Education / Grade 6 / Educhannel TV Lessons Primary Education / Grade 6 / Educhannel TV Lessons / Kiswahili Primary Education / Grade 6 / Educhannel TV Lessons / Agriculture Primary Education / Grade 6 / Educhannel TV Lessons / Art and Craft Primary Education / Grade 6 / Educhannel TV Lessons / English Primary Education / Grade 6 / Educhannel TV Lessons / Home Science Primary Education / Grade 6 / Educhannel TV Lessons / Music Primary Education / Grade 6 / Educhannel TV Lessons / Science and technology Primary Education / Grade 6 / Educhannel TV Lessons / Physical health education Primary Education / Grade 6 / Interactive Digital Content Junior School Junior School / Grade 8 Junior School / Grade 8 / Educhannel Tv Lessons Junior School / Grade 8 / Radio Lessons Junior School / Grade 8 / Interactive Digital Content Junior School / Grade 7 Junior School / Grade 7 / Educhannel TV lessons Junior School / Grade 7 / Radio Lessons Junior School / Grade 7 / Radio Lessons / Mathematics Junior School / Grade 7 / Radio Lessons / Kiswahili Junior School / Grade 7 / Radio Lessons / English Junior School / Grade 7 / Radio Lessons / Christian Religious Education Junior School / Grade 7 / Radio Lessons / Integrated Science Junior School / Grade 7 / Radio Lessons / Social Studies Junior School / Grade 7 / Radio Lessons / Pre-Technical Studies Junior School / Grade 7 / Interactive Digital Content Secondary Education Secondary Education / Form 1 Secondary Education / Form 1 / Interactive Digital Content Secondary Education / Form 1 / Educhannel Tv Lessons Secondary Education / Form 1 / Educhannel Tv Lessons / Mathematics Secondary Education / Form 1 / Educhannel Tv Lessons / English Secondary Education / Form 1 / Educhannel Tv Lessons / Physics Secondary Education / Form 1 / Educhannel Tv Lessons / Biology Secondary Education / Form 1 / Educhannel Tv Lessons / Chemistry Secondary Education / Form 1 / Educhannel Tv Lessons / Kiswahili Secondary Education / Form 1 / Educhannel Tv Lessons / History and Government Secondary Education / Form 1 / Educhannel Tv Lessons / Business Studies Secondary Education / Form 1 / Radio Lessons Secondary Education / Form 1 / Ebooks Secondary Education / Form 2 Secondary Education / Form 2 / Interactive Digital Content Secondary Education / Form 2 / Educhannel Tv Lessons Secondary Education / Form 2 / Educhannel Tv Lessons / Physics Secondary Education / Form 2 / Radio Lessons Secondary Education / Form 2 / Radio Lessons / Biology Secondary Education / Form 3 Secondary Education / Form 3 / Interactive Digital Content Secondary Education / Form 3 / Educhannel Tv Lessons Secondary Education / Form 3 / Educhannel Tv Lessons / Mathematics Secondary Education / Form 3 / Educhannel Tv Lessons / English Secondary Education / Form 3 / Educhannel Tv Lessons / Kiswahili Secondary Education / Form 3 / Educhannel Tv Lessons / Biology Secondary Education / Form 3 / Educhannel Tv Lessons / Chemistry Secondary Education / Form 3 / Educhannel Tv Lessons / Physics Secondary Education / Form 3 / Educhannel Tv Lessons / Business Studies Secondary Education / Form 3 / Educhannel Tv Lessons / History and Government Secondary Education / Form 3 / Radio Lessons Secondary Education / Form 4 Secondary Education / Form 4 / Interactive Digital Content Secondary Education / Form 4 / Educhannel Tv Lessons Secondary Education / Form 4 / Educhannel Tv Lessons / Form 4 Mathematics Secondary Education / Form 4 / Educhannel Tv Lessons / Form 4 English Secondary Education / Form 4 / Educhannel Tv Lessons / Form 4 Physics Secondary Education / Form 4 / Educhannel Tv Lessons / Form 4 Biology Secondary Education / Form 4 / Educhannel Tv Lessons / Form 4 Kiswahili Secondary Education / Form 4 / Educhannel Tv Lessons / Form 4 Chemistry Secondary Education / Form 4 / Educhannel Tv Lessons / Form 4 History and Government Secondary Education / Form 4 / Educhannel Tv Lessons / Form 4 Business Studies Secondary Education / Form 4 / Radio Lessons Secondary Education / Form 4 / Radio Lessons / Mathematics Secondary Education / Form 4 / Radio Lessons / Mathematics / Form 4 Term 1 Secondary Education / Form 4 / Radio Lessons / Mathematics / Form 4 Term 2 Secondary Education / Form 4 / Radio Lessons / Mathematics / Form 4 Term 3 General Knowledge General Knowledge / VOA Connect General Knowledge / Ask the expert General Knowledge / Citizenship and Democracy General Knowledge / Digital Story General Knowledge / Impacted Educhannel Lessons Educhannel Lessons / English Educhannel Lessons / English / Transport and travel Educhannel Lessons / English / Pronunciation skills Educhannel Lessons / English / Listening and speaking Educhannel Lessons / English / Family Educhannel Lessons / English / Environment Educhannel Lessons / English / Drug and Substance Educhannel Lessons / Agriculture Educhannel Lessons / Biology Educhannel Lessons / Biology / Living Things Educhannel Lessons / Biology / Secretion and homeostasis Educhannel Lessons / Biology / Support and movement Educhannel Lessons / Business Studies Educhannel Lessons / Chemistry Educhannel Lessons / Earth Movement and Volcanicity Educhannel Lessons / Environmental Activities Educhannel Lessons / Geograpghy Educhannel Lessons / History Educhannel Lessons / History / Kenyan History Educhannel Lessons / Homescience Educhannel Lessons / Homescience / Basic care clothing Educhannel Lessons / Kiswahili Educhannel Lessons / Kiswahili / Primary Educhannel Lessons / Kiswahili / Primary / Darasa 4-5 Educhannel Lessons / Kiswahili / Secondary Educhannel Lessons / Kiswahili / Secondary / Isimu Jamii Educhannel Lessons / Kiswahili / Secondary / Sarufi Educhannel Lessons / Mathematics Educhannel Lessons / Mathematics / Secondary Educhannel Lessons / Mathematics / Secondary / Commercial Arithmetics Educhannel Lessons / Mathematics / Primary Educhannel Lessons / Mathematics / Primary / Class 5-8 Educhannel Lessons / Mathematics / Primary / Class 5-8 / Practical uses of Money Educhannel Lessons / Mathematics / Primary / Class 5-8 / Measurement Educhannel Lessons / Organic Chemistry Educhannel Lessons / Performing Music Educhannel Lessons / Homescience Educhannel Lessons / Homescience / Basic care of clothing Educhannel Lessons / Art and Craft Educhannel Lessons / Physics Educhannel Lessons / Physics / Thermodynamics Educhannel Lessons / Physics / Mechanics Educhannel Lessons / Physics / Electricity and Magnetism Educhannel Lessons / The Doyen Exposition Educhannel Lessons / Science Educhannel Lessons / Science / Making work easier Educhannel Lessons / Science / Living Things Educhannel Lessons / Science / Energy conservation Educhannel Lessons / Physical and Health Education Educhannel Lessons / Physical and Health Education / Grade 1-4 Open Education Resourses(OERs) Open Education Resourses(OERs) / Movement and Creative Activities Open Education Resourses(OERs) / 	Religious Education Activities Open Education Resourses(OERs) / Mathematical Activities Open Education Resourses(OERs) / Environmental Activities Open Education Resourses(OERs) / Kiswahili Language Open Education Resourses(OERs) / LTK | Concordia University Open Education Resourses(OERs) / Hygiene and Nutrition Open Education Resourses(OERs) / ENGLISH LANGUAGE ACTIVITIES Open Education Resourses(OERs) / Casio Materials Open Education Resourses(OERs) / Health Education Open Education Resourses(OERs) / Carbon Literacy Special Needs Education Special Needs Education / Grade 1 Special Needs Education / Grade 1 / Adapted Interactive Digital Content for Hearing Impaired(HI) Special Needs Education / Grade 1 / Adapted Interactive Digital Content for Hearing Impaired(HI) / English Activities Special Needs Education / Grade 1 / Adapted Interactive Digital Content for Hearing Impaired(HI) / Environmental Activities Special Needs Education / Grade 1 / Adapted Interactive Digital Content for Hearing Impaired(HI) / Creative Activities Special Needs Education / Grade 1 / Adapted Interactive Digital Content for Visual Impaired(VI) Special Needs Education / Grade 2 Special Needs Education / Grade 2 / Adapted Interactive Digital Content for Hearing Impaired(HI) Special Needs Education / Grade 2 / Adapted Interactive Digital Content for Hearing Impaired(HI) / Mathematics Grade 2 Special Needs Education / Grade 2 / Adapted Interactive Digital Content for Hearing Impaired(HI) / Environmental Activities Grade 2 Special Needs Education / Grade 2 / Adapted Interactive Digital Content for Hearing Impaired(HI) / Hygiene and Nutrition Grade 2 Special Needs Education / Grade 2 / Adapted Interactive Digital Content for Hearing Impaired(HI) / Christian Religious Education Grade 2 (HI) Special Needs Education / Grade 2 / Adapted Interactive Digital Content for Hearing Impaired(HI) / Literacy Activities Grade2 (HI) Special Needs Education / Grade 2 / Adapted Interactive Digital Content for Hearing Impaired(HI) / English Activities Grad2 H.I Special Needs Education / Grade 2 / Adapted Interactive Digital Content for Hearing Impaired(HI) / Creative Activities Grade2 -H.I Special Needs Education / Grade 2 / Adapted Interactive Digital Content for Visual Impaired(VI) Special Needs Education / Grade 2 / Adapted Interactive Digital Content for Visual Impaired(VI) / Mathematics Special Needs Education / Grade 2 / Adapted Interactive Digital Content for Visual Impaired(VI) / Kiswahili Special Needs Education / Grade 2 / Adapted Interactive Digital Content for Visual Impaired(VI) / English Special Needs Education / Grade 2 / Adapted Interactive Digital Content for Visual Impaired(VI) / Creative Activities Special Needs Education / Grade 2 / Adapted Interactive Digital Content for Visual Impaired(VI) / CRE Special Needs Education / Grade 3 Special Needs Education / Grade 3 / Adapted Interactive Digital Content for Learners with Hearing Impairment (HI) Special Needs Education / Grade 3 / Adapted Interactive Digital Content for Learners with Hearing Impairment (HI) / Visual Arts Special Needs Education / Grade 3 / Adapted Interactive Digital Content for Learners with Hearing Impairment (HI) / English Special Needs Education / Grade 3 / Adapted Interactive Digital Content for Learners with Hearing Impairment (HI) / Hygiene and Nutrition Special Needs Education / Grade 3 / Adapted Interactive Digital Content for Learners with Hearing Impairment (HI) / Music Special Needs Education / Grade 3 / Adapted Interactive Digital Content for Learners with Hearing Impairment (HI) / Mathematics Special Needs Education / Grade 3 / Adapted Interactive Digital Content for Learners with Hearing Impairment (HI) / Environmental Special Needs Education / Grade 3 / Adapted Interactive Digital Content for Learners with Hearing Impairment (HI) / CRE Special Needs Education / Grade 3 / Adapted Interactive Digital Content for Learners with Visual Impairment (VI) Special Needs Education / Grade 3 / Adapted Interactive Digital Content for Learners with Visual Impairment (VI) / Music Special Needs Education / Grade 3 / Adapted Interactive Digital Content for Learners with Visual Impairment (VI) / Mathematics Special Needs Education / Grade 3 / Adapted Interactive Digital Content for Learners with Visual Impairment (VI) / Visual Arts Special Needs Education / Grade 3 / Adapted Interactive Digital Content for Learners with Visual Impairment (VI) / Kiswahili Special Needs Education / Grade 3 / Adapted Interactive Digital Content for Learners with Visual Impairment (VI) / Hygiene and Nutrition Special Needs Education / Grade 3 / Adapted Interactive Digital Content for Learners with Visual Impairment (VI) / Environmental Special Needs Education / Grade 3 / Adapted Interactive Digital Content for Learners with Visual Impairment (VI) / English Special Needs Education / Grade 3 / Adapted Interactive Digital Content for Learners with Visual Impairment (VI) / CRE Special Needs Education / Grade 4 Special Needs Education / Grade 4 / Adapted Interactive Digital Content for Learners with Hearing Impairment (HI) Special Needs Education / Grade 4 / Adapted Interactive Digital Content for Learners with Hearing Impairment (HI) / Mathematics Special Needs Education / Grade 4 / Adapted Interactive Digital Content for Learners with Hearing Impairment (HI) / English Special Needs Education / Grade 4 / Adapted Interactive Digital Content for Learners with Hearing Impairment (HI) / Science and Technology Special Needs Education / Grade 4 / Adapted Interactive Digital Content for Learners with Hearing Impairment (HI) / Agriculture Special Needs Education / Grade 4 / Adapted Interactive Digital Content for Learners with Hearing Impairment (HI) / Social Studies Special Needs Education / Grade 4 / Adapted Interactive Digital Content for Learners with Hearing Impairment (HI) / Home Science Special Needs Education / Grade 4 / Adapted Interactive Digital Content for Learners with Hearing Impairment (HI) / Art and Craft Special Needs Education / Grade 4 / Adapted Interactive Digital Content for Learners with Hearing Impairment (HI) / Music Special Needs Education / Grade 4 / Adapted Interactive Digital Content for Learners with Hearing Impairment (HI) / Christian Religious Education (CRE) Special Needs Education / Grade 4 / Adapted Interactive Digital Content for Learners with Visual Impairment (VI) Special Needs Education / Grade 4 / Adapted Interactive Digital Content for Learners with Visual Impairment (VI) / Mathematics Special Needs Education / Grade 4 / Adapted Interactive Digital Content for Learners with Visual Impairment (VI) / English Special Needs Education / Grade 4 / Adapted Interactive Digital Content for Learners with Visual Impairment (VI) / Kiswahili Special Needs Education / Grade 4 / Adapted Interactive Digital Content for Learners with Visual Impairment (VI) / Science and Technology Special Needs Education / Grade 4 / Adapted Interactive Digital Content for Learners with Visual Impairment (VI) / Agriculture Special Needs Education / Grade 4 / Adapted Interactive Digital Content for Learners with Visual Impairment (VI) / Social Studies Special Needs Education / Grade 4 / Adapted Interactive Digital Content for Learners with Visual Impairment (VI) / Home Science Special Needs Education / Grade 4 / Adapted Interactive Digital Content for Learners with Visual Impairment (VI) / Art and Craft Special Needs Education / Grade 4 / Adapted Interactive Digital Content for Learners with Visual Impairment (VI) / Christian Religious Education (CRE) Special Needs Education / Grade 4 / Adapted Interactive Digital Content for Learners with Visual Impairment (VI) / Music Special Needs Education / Grade 5 Special Needs Education / Grade 5 / Adapted Interactive Digital Content for Learners with Hearing Impairment (HI) Special Needs Education / Grade 5 / Adapted Interactive Digital Content for Learners with Hearing Impairment (HI) / English Special Needs Education / Grade 5 / Adapted Interactive Digital Content for Learners with Hearing Impairment (HI) / Christian Religious Education Special Needs Education / Grade 5 / Adapted Interactive Digital Content for Learners with Hearing Impairment (HI) / Social Studies Special Needs Education / Grade 5 / Adapted Interactive Digital Content for Learners with Hearing Impairment (HI) / Agriculture and Nutrition Special Needs Education / Grade 5 / Adapted Interactive Digital Content for Learners with Hearing Impairment (HI) / Creative Arts Special Needs Education / Grade 5 / Adapted Interactive Digital Content for Learners with Hearing Impairment (HI) / Mathematics Special Needs Education / Grade 5 / Adapted Interactive Digital Content for Learners with Hearing Impairment (HI) / Science and Technology Special Needs Education / Grade 5 / Adapted Interactive Digital Content for Learners with Hearing Impairment (HI) / Islamic Religious Education Special Needs Education / Grade 5 / Adapted Interactive Digital Content for Learners with Visual Impairment (VI) Special Needs Education / Grade 5 / Adapted Interactive Digital Content for Learners with Visual Impairment (VI) / Creative Arts Special Needs Education / Grade 5 / Adapted Interactive Digital Content for Learners with Visual Impairment (VI) / Social Studies Special Needs Education / Grade 5 / Adapted Interactive Digital Content for Learners with Visual Impairment (VI) / Kiswahili Special Needs Education / Grade 5 / Adapted Interactive Digital Content for Learners with Visual Impairment (VI) / Christian Religious Education Special Needs Education / Grade 5 / Adapted Interactive Digital Content for Learners with Visual Impairment (VI) / Science and Technology Special Needs Education / Grade 5 / Adapted Interactive Digital Content for Learners with Visual Impairment (VI) / Agriculture and Nutrition Special Needs Education / Grade 5 / Adapted Interactive Digital Content for Learners with Visual Impairment (VI) / Islamic Religious Education Special Needs Education / Grade 5 / Adapted Interactive Digital Content for Learners with Visual Impairment (VI) / Mathematics Special Needs Education / Grade 5 / Adapted Interactive Digital Content for Learners with Visual Impairment (VI) / English Special Needs Education / Grade 6 Special Needs Education / Grade 6 / Adapted Interactive Digital Content for Learners with Hearing Impairment (HI) Special Needs Education / Grade 6 / Adapted Interactive Digital Content for Learners with Hearing Impairment (HI) / Science and Technology Special Needs Education / Grade 6 / Adapted Interactive Digital Content for Learners with Hearing Impairment (HI) / Christian Religious Education Special Needs Education / Grade 6 / Adapted Interactive Digital Content for Learners with Hearing Impairment (HI) / Creative Arts Special Needs Education / Grade 6 / Adapted Interactive Digital Content for Learners with Hearing Impairment (HI) / Islamic Religious Education Special Needs Education / Grade 6 / Adapted Interactive Digital Content for Learners with Hearing Impairment (HI) / English Special Needs Education / Grade 6 / Adapted Interactive Digital Content for Learners with Hearing Impairment (HI) / Social Studies Special Needs Education / Grade 6 / Adapted Interactive Digital Content for Learners with Hearing Impairment (HI) / Agriculture Special Needs Education / Grade 6 / Adapted Interactive Digital Content for Learners with Hearing Impairment (HI) / Mathematics Special Needs Education / Grade 6 / Adapted Interactive Digital Content for Learners with Visual Impairment (VI) Special Needs Education / Grade 6 / Adapted Interactive Digital Content for Learners with Visual Impairment (VI) / Christian Religious Education Special Needs Education / Grade 6 / Adapted Interactive Digital Content for Learners with Visual Impairment (VI) / Kiswahili Special Needs Education / Grade 6 / Adapted Interactive Digital Content for Learners with Visual Impairment (VI) / English Special Needs Education / Grade 6 / Adapted Interactive Digital Content for Learners with Visual Impairment (VI) / Creative Arts Special Needs Education / Grade 6 / Adapted Interactive Digital Content for Learners with Visual Impairment (VI) / Mathematics Special Needs Education / Grade 6 / Adapted Interactive Digital Content for Learners with Visual Impairment (VI) / Science and Technology Special Needs Education / Grade 6 / Adapted Interactive Digital Content for Learners with Visual Impairment (VI) / Islamic Religious Education Special Needs Education / Grade 6 / Adapted Interactive Digital Content for Learners with Visual Impairment (VI) / Social Studies Special Needs Education / Grade 6 / Adapted Interactive Digital Content for Learners with Visual Impairment (VI) / Agriculture and Nutrition Special Needs Education / Ebooks Special Needs Education / Videos Special Needs Education / Foundational and Stage-Based Special Needs Education / Prevocational Level Special Needs Education / Prevocational Level / Music Special Needs Education / Prevocational Level / Hindu Religious Education Special Needs Education / Prevocational Level / Christian Religious Education Special Needs Education / Prevocational Level / Physical Education Special Needs Education / Prevocational Level / Islamic Religious Education Special Needs Education / Prevocational Level / Social Studies Special Needs Education / Prevocational Level / Prevocational Skills 1 Special Needs Education / Prevocational Level / Prevocational Skills 2 Special Needs Education / Prevocational Level / Prevocational Skills 3 Accessible Digital Textbooks Interactive Simulations for Sciences and Mathematics Interactive Simulations for Sciences and Mathematics / Physics Interactive Simulations for Sciences and Mathematics / Chemistry Interactive Simulations for Sciences and Mathematics / Mathematics Information, Education and Communication(IEC) Materials Information, Education and Communication(IEC) Materials / Child Online Safety Information, Education and Communication(IEC) Materials / Child Road Safety Information, Education and Communication(IEC) Materials / Child Road Safety / Integration Matrices Information, Education and Communication(IEC) Materials / Child Road Safety / Integration Matrices / Early Years Education Information, Education and Communication(IEC) Materials / Child Road Safety / Integration Matrices / Upper Primary Information, Education and Communication(IEC) Materials / Child Road Safety / Integration Matrices / Junior School Information, Education and Communication(IEC) Materials / Child Road Safety / Integration Matrices / Senior School Information, Education and Communication(IEC) Materials / Child Road Safety / Information, Education and Communication(IEC) Materials on Child Road Safety Information, Education and Communication(IEC) Materials / Child Road Safety / Information, Education and Communication(IEC) Materials on Child Road Safety / Early Years Education Information, Education and Communication(IEC) Materials / Child Road Safety / Information, Education and Communication(IEC) Materials on Child Road Safety / Upper Primary Information, Education and Communication(IEC) Materials / Child Road Safety / Information, Education and Communication(IEC) Materials on Child Road Safety / Junior School Information, Education and Communication(IEC) Materials / Child Road Safety / Information, Education and Communication(IEC) Materials on Child Road Safety / Senior School Information, Education and Communication(IEC) Materials / Child Road Safety / Teacher's Handbook Information, Education and Communication(IEC) Materials / Financial Literacy Learners’ Toolkit Teacher Resources Teacher Resources / Educational Resources Materials Development Teacher Resources / Educational Resources Materials Development / CRE Teacher Resources / Educational Resources Materials Development / English Teacher Resources / Educational Resources Materials Development / Environment Teacher Resources / Educational Resources Materials Development / Foundations Teacher Resources / Educational Resources Materials Development / H.R.E Teacher Resources / Educational Resources Materials Development / Hygiene and Nutrition Teacher Resources / Educational Resources Materials Development / I.R.E Teacher Resources / Educational Resources Materials Development / Kiswahili Teacher Resources / Educational Resources Materials Development / Language Activities Teacher Resources / Educational Resources Materials Development / Literacy Skills Teacher Resources / Educational Resources Materials Development / Mathematics Teacher Resources / Educational Resources Materials Development / Movements and Arts Teacher Resources / Pre-Primary Teacher Radio Programmes Teacher Resources / CBC Courses Teacher Resources / Special Needs Educations Teacher Resources / Interactive Digital Content for Teacher Education Teacher Resources / Interactive Digital Content for Teacher Education / English Teacher Resources / Interactive Digital Content for Teacher Education / Music Teacher Resources / Interactive Digital Content for Teacher Education / Christian Religious Education Teacher Resources / Interactive Digital Content for Teacher Education / Art and Craft Teacher Resources / Interactive Digital Content for Teacher Education / Indigenous Languages Teacher Resources / Interactive Digital Content for Teacher Education / Home science Teacher Resources / Interactive Digital Content for Teacher Education / Science and Technology Teacher Resources / Interactive Digital Content for Teacher Education / Islamic Religious Education Teacher Resources / Interactive Digital Content for Teacher Education / Mandarin Teacher Resources / Interactive Digital Content for Teacher Education / Agriculture Teacher Resources / Interactive Digital Content for Teacher Education / Mathematics Teacher Resources / Interactive Digital Content for Teacher Education / French Teacher Resources / Interactive Digital Content for Teacher Education / Hindu Religious Education Teacher Resources / Interactive Digital Content for Teacher Education / Social Studies Teacher Resources / Interactive Digital Content for Teacher Education / Kiswahili Teacher Resources / Interactive Digital Content for Teacher Education / Physical Education Teacher Resources / Interactive Digital Content for Teacher Education / Arabic Parental Resources Financial Literacy Financial Literacy / Financial Literacy for Junior School Financial Literacy / Financial Literacy for Junior School / Taxation Financial Literacy / Financial Literacy for Senior School Financial Literacy / Financial Literacy for Senior School / Taxation Search lessons Search NumeracyMovement and CreativeCommunication SkillsEnvironmental ActivitiesIREActivities for Daily LivingHRECRE Home Calendar Pre-primary Pre-Primary 1 Pre-Primary 2 Primary Grade 1 Grade 2 Grade 3 Grade 4 Grade 5 Grade 6 Secondary Grade 7 Grade 8 Form 1 Form 2 Form 3 Form 4 OER's SNE The Kenya Education Cloud (KEC) is a digital platform designed to enhance teaching and learning in Kenya by providing a wide range of digital educational resources. Serving as a centralized hub for e-learning, it promotes access to interactive content, supports modern pedagogical methods, and fosters collaboration among educators and learners. External Links Ministry of Education Kenya National Examinations Council Teachers Service Commission Kenya Kenya Institute of Special Education (KISE) ICT Authority TVET Authority Elimika Additional Resources Accessible Digital Textbook (ADT) Curriculum Reports Parental Resources Child Online Protection Guidelines Our Contacts Kenya Institute of Curriculum DevelopmentDesai Rd, Off Muranga Rd,Nairobi, Kenya. Telephone Contacts+254 729327331 +254 729327334 Email Addressinfo@kicd.ac.ke Kenya Education Cloud © 2024. All rights reserved. Privacy Policy Terms & Conditions (Login) Data retention summary","['mathematics', 'english', 'kiswahili', 'biology', 'chemistry', 'physics', 'geography', 'history', 'business', 'computer', 'agriculture', 'home_science', 'art', 'music', 'physical_education', 'religious_education']",form_1,cbc,[],2025-09-08T00:49:35.853789,unknown,,,,
https://oer.kec.ac.ke/courses/grade-6-agriculture/,Grade 6 Agriculture,,"Home About Learning Areas Resources Menu Toggle Learning Areas Forums Events Calendar Mobile App Contact Log In Register Home About Learning Areas Resources Menu Toggle Learning Areas Forums Events Calendar Mobile App Contact Log In Register Home About Learning Areas Resources Menu Toggle Learning Areas Forums Events Calendar Mobile App Contact Log In Register Home About Learning Areas Resources Menu Toggle Learning Areas Forums Events Calendar Mobile App Contact Log In Register Home About Learning Areas Resources Menu Toggle Learning Areas Forums Events Calendar Mobile App Contact Log In Register Main Menu Main Menu Home About Learning Areas Resources Menu Toggle Learning Areas Forums Events Calendar Mobile App Contact Log In Register Home About Learning Areas Resources Menu Toggle Learning Areas Forums Events Calendar Mobile App Contact Log In Register Home About Learning Areas Resources Menu Toggle Learning Areas Forums Events Calendar Mobile App Contact Log In Register Home About Learning Areas Resources Menu Toggle Learning Areas Forums Events Calendar Mobile App Contact Log In Register Grade 6 Agriculture Current Status Not Enrolled Enroll in this learning area to get access Price Free Get Started Log In to Enroll Learning Area Reviews Learning Area Info In Grade 6 Agriculture, students explore the basics of farming and the importance of agriculture in daily life. This learning area introduces learners to plant and animal production, soil care, and sustainable farming practices. Students will learn how crops grow, how to care for animals, and the roles that weather, soil, and water play in agriculture. License Type: Free | Subscription: None necessary Contact Name: KICD elearning department Contact Email: support@kec.ac.ke or info@kicd.ac.ke Contact Phone: +254 20 3749900-9, +254 20 3749900-3, +254 729 327 334, +254 787 883 311 Average Review Score: ★★★★★ Good work By Yamal on June 3, 2025 at 7:10 pm ★★★★★ It was pretty nice You must log in and have started this learning area to submit a review. Username or Email Address Password Remember Me orLogin with Google Learning Area Content Agriculture You don't currently have access to this content Grade 6 Agriculture Current Status Not Enrolled Enroll in this learning area to get access Price Free Get Started Log In to Enroll Learning Area Reviews Learning Area Info In Grade 6 Agriculture, students explore the basics of farming and the importance of agriculture in daily life. This learning area introduces learners to plant and animal production, soil care, and sustainable farming practices. Students will learn how crops grow, how to care for animals, and the roles that weather, soil, and water play in agriculture. License Type: Free | Subscription: None necessary Contact Name: KICD elearning department Contact Email: support@kec.ac.ke or info@kicd.ac.ke Contact Phone: +254 20 3749900-9, +254 20 3749900-3, +254 729 327 334, +254 787 883 311 Average Review Score: ★★★★★ Good work By Yamal on June 3, 2025 at 7:10 pm ★★★★★ It was pretty nice You must log in and have started this learning area to submit a review. Username or Email Address Password Remember Me orLogin with Google Learning Area Content Agriculture You don't currently have access to this content Current Status Not Enrolled Enroll in this learning area to get access Price Free Get Started Log In to Enroll Learning Area Reviews Learning Area Info In Grade 6 Agriculture, students explore the basics of farming and the importance of agriculture in daily life. This learning area introduces learners to plant and animal production, soil care, and sustainable farming practices. Students will learn how crops grow, how to care for animals, and the roles that weather, soil, and water play in agriculture. License Type: Free | Subscription: None necessary Contact Name: KICD elearning department Contact Email: support@kec.ac.ke or info@kicd.ac.ke Contact Phone: +254 20 3749900-9, +254 20 3749900-3, +254 729 327 334, +254 787 883 311 Average Review Score: ★★★★★ Good work By Yamal on June 3, 2025 at 7:10 pm ★★★★★ It was pretty nice You must log in and have started this learning area to submit a review. Username or Email Address Password Remember Me orLogin with Google Learning Area Content Agriculture You don't currently have access to this content Not Enrolled Enroll in this learning area to get access Free Log In to Enroll Learning Area Info In Grade 6 Agriculture, students explore the basics of farming and the importance of agriculture in daily life. This learning area introduces learners to plant and animal production, soil care, and sustainable farming practices. Students will learn how crops grow, how to care for animals, and the roles that weather, soil, and water play in agriculture. License Type: Free | Subscription: None necessary Contact Name: KICD elearning department Contact Email: support@kec.ac.ke or info@kicd.ac.ke Contact Phone: +254 20 3749900-9, +254 20 3749900-3, +254 729 327 334, +254 787 883 311 Average Review Score: ★★★★★ Good work By Yamal on June 3, 2025 at 7:10 pm ★★★★★ It was pretty nice You must log in and have started this learning area to submit a review. Username or Email Address Password Remember Me orLogin with Google Learning Area Info In Grade 6 Agriculture, students explore the basics of farming and the importance of agriculture in daily life. This learning area introduces learners to plant and animal production, soil care, and sustainable farming practices. Students will learn how crops grow, how to care for animals, and the roles that weather, soil, and water play in agriculture. License Type: Free | Subscription: None necessary Contact Name: KICD elearning department Contact Email: support@kec.ac.ke or info@kicd.ac.ke Contact Phone: +254 20 3749900-9, +254 20 3749900-3, +254 729 327 334, +254 787 883 311 Average Review Score: ★★★★★ Good work By Yamal on June 3, 2025 at 7:10 pm ★★★★★ It was pretty nice You must log in and have started this learning area to submit a review. Username or Email Address Password Remember Me orLogin with Google Good work By Yamal on June 3, 2025 at 7:10 pm ★★★★★ It was pretty nice It was pretty nice Learning Area Content Agriculture You don't currently have access to this content Learning Area Content Agriculture You don't currently have access to this content Grade 6 Agriculture – oer.kec.ac.ke Skip to content Home About Learning Areas Resources Menu Toggle Learning Areas Forums Events Calendar Mobile App Contact Log In Register Main Menu Home About Learning Areas Resources Menu Toggle Learning Areas Forums Events Calendar Mobile App Contact Log In Register Grade 6 Agriculture Current Status Not Enrolled Enroll in this learning area to get access Price Free Get Started Log In to Enroll Learning Area Reviews Learning Area Info In Grade 6 Agriculture, students explore the basics of farming and the importance of agriculture in daily life. This learning area introduces learners to plant and animal production, soil care, and sustainable farming practices. Students will learn how crops grow, how to care for animals, and the roles that weather, soil, and water play in agriculture. License Type: Free | Subscription: None necessary Contact Name: KICD elearning department Contact Email: support@kec.ac.ke or info@kicd.ac.ke Contact Phone: +254 20 3749900-9, +254 20 3749900-3, +254 729 327 334, +254 787 883 311 Average Review Score: ★★★★★ Good work By Yamal on June 3, 2025 at 7:10 pm ★★★★★ It was pretty nice You must log in and have started this learning area to submit a review. Username or Email Address Password Remember Me orLogin with Google Learning Area Content Agriculture You don't currently have access to this content Kenya Institute ofCurriculum DevelopmentOpen Education Resources“Nurturing Every Learners Potential” The Kenya Institute of Curriculum Development(KICD) is an Institute established through the KICDAct No. 4 of 2013 of the laws of Kenya. © 2025 Kenya Institute of Curriculum Development.All Rights Reserved Our Contacts Kenya Institute of Curriculum Development Desai Rd, Off­ Muranga Rd, Nairobi, Kenya. Telephone Contacts +254 20 3749900-9 +254 20 3749900-3 +254 729 327 334 +254 787 883 311 Email Address info@kicd.ac.ke Developed by Darasa Online, a subsidiary of Mashariki Ltd. (Kenya)","['geography', 'agriculture', 'art']",grade_6,unknown,[],2025-09-08T00:49:36.106962,unknown,,,,
https://elimika.kec.ac.ke/mod/forum/view.php?id=958,Elimika Platform | Kenya Education Cloud | Unlimited Learning Experinces,"Elimika is an online teacher training platform , offering Competency Based Curriculum (CBC)-aligned courses developed by the Kenya Institute of Curriculum Development (KICD). Learn anytime, anywhere and enhance your skills in ICT integration, assessment, pedagogy, and professional teaching under Kenya’s Competency Based Curriculum.","Elimika 0% Previous Site announcements Webwerf Site announcements Next Site announcements Site Navigation Elimika Tuisblad Webwerf bladsye Site announcements Deursoek forums Deursoek forums Site announcementsGeneral news and announcements (Nog geen aankondigings geplaas nie.) Elimika Platform | Kenya Education Cloud | Unlimited Learning Experinces Elimika Elimika 0% Previous Site announcements Webwerf Site announcements Next Elimika home_app_logoGlypaneel Afrikaans ‎(af)‎ Afrikaans ‎(af)‎ English ‎(en)‎ Soek Sluit Soek Wissel soek invoer Teken in Gebruikersnaam Wagwoord Onthou gebruikersnaam Forgot Password? Teken in Teken in met die gebruik van jou rekening by: Skep 'n nuwe profiel Site Navigation Tuisblad Slaan oor na hoof inhoud Elimika Tuisblad Webwerf bladsye Site announcements Deursoek forums Deursoek forums Site announcementsGeneral news and announcements (Nog geen aankondigings geplaas nie.) The Kenya Education Cloud (KEC) is a digital platform designed to enhance teaching and learning in Kenya by providing a wide range of digital educational resources. Serving as a centralized hub for e-learning, it promotes access to interactive content, supports modern pedagogical methods, and fosters collaboration among educators and learners. Follow Us External Links Ministry of Education Kenya National Examinations Council Teachers Service Commission Kenya Kenya Institute of Special Education (KISE) ICT Authority TVET Authority Follow Us External Links Additional Resources Accessible Digital Textbook (ADT) Curriculum Reports OrangeBook - List of Approved materials Child Online Protection Guidelines Parental Resources Follow Us Additional Resources Our Contacts Kenya Institute of Curriculum DevelopmentDesai Rd, Off Muranga Rd,Nairobi, Kenya.Telephone Contacts+254 729327331+254 729327334Email Addressinfo@kicd.ac.ke Follow Us Our Contacts Afrikaans ‎(af)‎ Afrikaans ‎(af)‎ English ‎(en)‎ Kenya Institute of Curriculum Development Elimika © 2025. All rights reserved. Terms & Conditions Privacy Policy Jy is nie in geteken nie. (Teken in)","['english', 'computer', 'art']",unknown,unknown,[],2025-09-08T00:49:36.990604,unknown,,,,
https://lms.kec.ac.ke/course/index.php?categoryid=113,Form 1,"Kenya Education Cloud is your ultimate digital learning hub, providing access to curated e-learning resources, educational tools, and innovative content for students, teachers, and institutions.","Form 1 Home Lessons Secondary Education Form 1 Lesson categories: Pre-Primary Pre-Primary / Radio Lessons Pre-Primary / Educhannel Video Lessons Pre-Primary / Educhannel Video Lessons / Language Activities Pre-Primary / Educhannel Video Lessons / Mathematics Pre-Primary / Educhannel Video Lessons / Our School Pre-Primary / Educhannel Video Lessons / Picture Making Pre-Primary / Educhannel Video Lessons / Social Environment Pre-Primary / Educhannel Video Lessons / Pre-Primary 1 Pre-Primary / Educhannel Video Lessons / Pre-Primary 2 Pre-Primary / Interactive digital Content Pre-Primary / Ebooks Primary Education Primary Education / Grade 1 Primary Education / Grade 1 / Educhannel TV Lessons Primary Education / Grade 1 / Educhannel TV Lessons / English Primary Education / Grade 1 / Educhannel TV Lessons / Mathematics Primary Education / Grade 1 / Educhannel TV Lessons / Kiswahili Primary Education / Grade 1 / Educhannel TV Lessons / Kenya Sign Language(KSL) Primary Education / Grade 1 / Educhannel TV Lessons / Hygiene and nutrition Primary Education / Grade 1 / Educhannel TV Lessons / Environmental Activities Primary Education / Grade 1 / Interactive Digital Content Primary Education / Grade 1 / Radio Lessons Primary Education / Grade 1 / Radio Lessons / Mathematics Primary Education / Grade 1 / Radio Lessons / Mathematics / Grade 1 Term 2 Primary Education / Grade 1 / Radio Lessons / Mathematics / Grade 1 Term 3 Primary Education / Grade 1 / Radio Lessons / Kiswahili Primary Education / Grade 1 / Radio Lessons / Kiswahili / Grade 1 Term 2 Primary Education / Grade 1 / Radio Lessons / Kiswahili / Grade 1 Term 3 Primary Education / Grade 1 / Radio Lessons / English Primary Education / Grade 1 / Radio Lessons / English / Grade 1 Term 2 Primary Education / Grade 1 / Radio Lessons / English / Grade 1 Term 3 Primary Education / Grade 1 / Ebooks Primary Education / Grade 1 / Ebooks / Tusome readers Primary Education / Grade 1 / Ebooks / Indigenous Languages Primary Education / Grade 2 Primary Education / Grade 2 / Interactive Digital Content Primary Education / Grade 2 / Educhannel Tv Lessons Primary Education / Grade 2 / Educhannel Tv Lessons / Mathematics Primary Education / Grade 2 / Educhannel Tv Lessons / English Primary Education / Grade 2 / Radio Lessons Primary Education / Grade 2 / Radio Lessons / Mathematics Primary Education / Grade 2 / Radio Lessons / Mathematics / Grade 2 Term 2 Primary Education / Grade 2 / Radio Lessons / English Primary Education / Grade 2 / Radio Lessons / English / Grade 2 Term 2 Primary Education / Grade 2 / Radio Lessons / English / Grade 2 Term 3 Primary Education / Grade 2 / Radio Lessons / Kiswahili Primary Education / Grade 2 / Radio Lessons / Kiswahili / Grade 2 Term 3 Primary Education / Grade 2 / Hygiene and Nutrition Primary Education / Grade 2 / Hygiene and Nutrition / Grade 2 Term 2 Primary Education / Grade 2 / E-books Primary Education / Grade 2 / E-books / Tusome Readers Primary Education / Grade 3 Primary Education / Grade 3 / Radio Lessons Primary Education / Grade 3 / Radio Lessons / Mathematics Primary Education / Grade 3 / Radio Lessons / Mathematics / Grade 3 Term 2 Primary Education / Grade 3 / Radio Lessons / Mathematics / Grade 3 Term 3 Primary Education / Grade 3 / Radio Lessons / English Primary Education / Grade 3 / Radio Lessons / English / Grade 3 Term 2 Primary Education / Grade 3 / Radio Lessons / English / Grade 3 Term 3 Primary Education / Grade 3 / Radio Lessons / Environmental Activities Primary Education / Grade 3 / Radio Lessons / Environmental Activities / Grade 3 Term 2 Primary Education / Grade 3 / Radio Lessons / Kiswahili Primary Education / Grade 3 / Radio Lessons / Kiswahili / Grade 3 Term 3 Primary Education / Grade 3 / Educhannel TV Lessons Primary Education / Grade 3 / Educhannel TV Lessons / Mathematics Primary Education / Grade 3 / Educhannel TV Lessons / English Primary Education / Grade 3 / Educhannel TV Lessons / Kiswahili Primary Education / Grade 3 / Educhannel TV Lessons / Hygiene and Nutrition Primary Education / Grade 3 / Educhannel TV Lessons / Environmental Activities Primary Education / Grade 3 / Interactive Digital Content Primary Education / Grade 3 / EBooks Primary Education / Grade 3 / Tusome English Video Lessons Primary Education / Grade 3 / Tusome English Video Lessons / Tusome English Grade 3 Lessons Primary Education / Grade 4 Primary Education / Grade 4 / Educhannel Tv Lessons Primary Education / Grade 4 / Educhannel Tv Lessons / Home Science Primary Education / Grade 4 / Educhannel Tv Lessons / Agriculture Primary Education / Grade 4 / Educhannel Tv Lessons / Music Primary Education / Grade 4 / Educhannel Tv Lessons / Physical Education Primary Education / Grade 4 / Educhannel Tv Lessons / Art and Craft Primary Education / Grade 4 / Educhannel Tv Lessons / Kenya Sign Language Primary Education / Grade 4 / Educhannel Tv Lessons / Mathematics Primary Education / Grade 4 / Educhannel Tv Lessons / Science and Technology Primary Education / Grade 4 / Educhannel Tv Lessons / Social Studies Primary Education / Grade 4 / Educhannel Tv Lessons / English Primary Education / Grade 4 / Educhannel Tv Lessons / Kiswahili Primary Education / Grade 4 / Educhannel Tv Lessons / Environmental Activity Primary Education / Grade 4 / Radio lessons Primary Education / Grade 4 / Radio lessons / Social Studies Primary Education / Grade 4 / Radio lessons / Social Studies / Grade 4 Term 2 Primary Education / Grade 4 / Radio lessons / Social Studies / Grade 4 Term 3 Primary Education / Grade 4 / Radio lessons / CRE Primary Education / Grade 4 / Radio lessons / CRE / Grade 4 Term 2 Primary Education / Grade 4 / Radio lessons / English Primary Education / Grade 4 / Radio lessons / English / Grade 4 Term 2 Primary Education / Grade 4 / Radio lessons / English / Grade 4 Term 3 Primary Education / Grade 4 / Radio lessons / Hygiene and Nutrition Primary Education / Grade 4 / Radio lessons / Hygiene and Nutrition / Grade 4 Term 1 Primary Education / Grade 4 / Radio lessons / IRE Primary Education / Grade 4 / Radio lessons / IRE / Grade 4 Term 2 Primary Education / Grade 4 / Radio lessons / Science and Technology Primary Education / Grade 4 / Radio lessons / Science and Technology / Grade 4 Term 3 Primary Education / Grade 4 / Radio lessons / Agriculture Primary Education / Grade 4 / Radio lessons / Agriculture / Grade 4 Term 3 Primary Education / Grade 4 / Radio lessons / Mathematics Primary Education / Grade 4 / Radio lessons / Mathematics / Grade 4 Term 3 Primary Education / Grade 4 / SNE Primary Education / Grade 4 / Interactive Digital Content Primary Education / Grade 5 Primary Education / Grade 5 / Educhannel Tv Lessons Primary Education / Grade 5 / Educhannel Tv Lessons / English Primary Education / Grade 5 / Educhannel Tv Lessons / Kiswahili Primary Education / Grade 5 / Educhannel Tv Lessons / Mathematics Primary Education / Grade 5 / Radio Lessons Primary Education / Grade 5 / Radio Lessons / English Primary Education / Grade 5 / Radio Lessons / Science and Technology Primary Education / Grade 5 / Radio Lessons / Agriculture Primary Education / Grade 5 / Radio Lessons / Social studies Primary Education / Grade 5 / Radio Lessons / Christian Religious Education Primary Education / Grade 5 / Radio Lessons / Mathematics Primary Education / Grade 5 / Interactive Digital Content Primary Education / Grade 6 Primary Education / Grade 6 / Radio Lessons Primary Education / Grade 6 / Radio Lessons / CRE Primary Education / Grade 6 / Radio Lessons / Social Studies Primary Education / Grade 6 / Radio Lessons / Science Primary Education / Grade 6 / Radio Lessons / Kiswahili Primary Education / Grade 6 / Radio Lessons / English Primary Education / Grade 6 / Radio Lessons / Mathematics Primary Education / Grade 6 / Educhannel TV Lessons Primary Education / Grade 6 / Educhannel TV Lessons / Kiswahili Primary Education / Grade 6 / Educhannel TV Lessons / Agriculture Primary Education / Grade 6 / Educhannel TV Lessons / Art and Craft Primary Education / Grade 6 / Educhannel TV Lessons / English Primary Education / Grade 6 / Educhannel TV Lessons / Home Science Primary Education / Grade 6 / Educhannel TV Lessons / Music Primary Education / Grade 6 / Educhannel TV Lessons / Science and technology Primary Education / Grade 6 / Educhannel TV Lessons / Physical health education Primary Education / Grade 6 / Interactive Digital Content Junior School Junior School / Grade 8 Junior School / Grade 8 / Educhannel Tv Lessons Junior School / Grade 8 / Radio Lessons Junior School / Grade 8 / Interactive Digital Content Junior School / Grade 7 Junior School / Grade 7 / Educhannel TV lessons Junior School / Grade 7 / Radio Lessons Junior School / Grade 7 / Radio Lessons / Mathematics Junior School / Grade 7 / Radio Lessons / Kiswahili Junior School / Grade 7 / Radio Lessons / English Junior School / Grade 7 / Radio Lessons / Christian Religious Education Junior School / Grade 7 / Radio Lessons / Integrated Science Junior School / Grade 7 / Radio Lessons / Social Studies Junior School / Grade 7 / Radio Lessons / Pre-Technical Studies Junior School / Grade 7 / Interactive Digital Content Secondary Education Secondary Education / Form 1 Secondary Education / Form 1 / Interactive Digital Content Secondary Education / Form 1 / Educhannel Tv Lessons Secondary Education / Form 1 / Educhannel Tv Lessons / Mathematics Secondary Education / Form 1 / Educhannel Tv Lessons / English Secondary Education / Form 1 / Educhannel Tv Lessons / Physics Secondary Education / Form 1 / Educhannel Tv Lessons / Biology Secondary Education / Form 1 / Educhannel Tv Lessons / Chemistry Secondary Education / Form 1 / Educhannel Tv Lessons / Kiswahili Secondary Education / Form 1 / Educhannel Tv Lessons / History and Government Secondary Education / Form 1 / Educhannel Tv Lessons / Business Studies Secondary Education / Form 1 / Radio Lessons Secondary Education / Form 1 / Ebooks Secondary Education / Form 2 Secondary Education / Form 2 / Interactive Digital Content Secondary Education / Form 2 / Educhannel Tv Lessons Secondary Education / Form 2 / Educhannel Tv Lessons / Physics Secondary Education / Form 2 / Radio Lessons Secondary Education / Form 2 / Radio Lessons / Biology Secondary Education / Form 3 Secondary Education / Form 3 / Interactive Digital Content Secondary Education / Form 3 / Educhannel Tv Lessons Secondary Education / Form 3 / Educhannel Tv Lessons / Mathematics Secondary Education / Form 3 / Educhannel Tv Lessons / English Secondary Education / Form 3 / Educhannel Tv Lessons / Kiswahili Secondary Education / Form 3 / Educhannel Tv Lessons / Biology Secondary Education / Form 3 / Educhannel Tv Lessons / Chemistry Secondary Education / Form 3 / Educhannel Tv Lessons / Physics Secondary Education / Form 3 / Educhannel Tv Lessons / Business Studies Secondary Education / Form 3 / Educhannel Tv Lessons / History and Government Secondary Education / Form 3 / Radio Lessons Secondary Education / Form 4 Secondary Education / Form 4 / Interactive Digital Content Secondary Education / Form 4 / Educhannel Tv Lessons Secondary Education / Form 4 / Educhannel Tv Lessons / Form 4 Mathematics Secondary Education / Form 4 / Educhannel Tv Lessons / Form 4 English Secondary Education / Form 4 / Educhannel Tv Lessons / Form 4 Physics Secondary Education / Form 4 / Educhannel Tv Lessons / Form 4 Biology Secondary Education / Form 4 / Educhannel Tv Lessons / Form 4 Kiswahili Secondary Education / Form 4 / Educhannel Tv Lessons / Form 4 Chemistry Secondary Education / Form 4 / Educhannel Tv Lessons / Form 4 History and Government Secondary Education / Form 4 / Educhannel Tv Lessons / Form 4 Business Studies Secondary Education / Form 4 / Radio Lessons Secondary Education / Form 4 / Radio Lessons / Mathematics Secondary Education / Form 4 / Radio Lessons / Mathematics / Form 4 Term 1 Secondary Education / Form 4 / Radio Lessons / Mathematics / Form 4 Term 2 Secondary Education / Form 4 / Radio Lessons / Mathematics / Form 4 Term 3 General Knowledge General Knowledge / VOA Connect General Knowledge / Ask the expert General Knowledge / Citizenship and Democracy General Knowledge / Digital Story General Knowledge / Impacted Educhannel Lessons Educhannel Lessons / English Educhannel Lessons / English / Transport and travel Educhannel Lessons / English / Pronunciation skills Educhannel Lessons / English / Listening and speaking Educhannel Lessons / English / Family Educhannel Lessons / English / Environment Educhannel Lessons / English / Drug and Substance Educhannel Lessons / Agriculture Educhannel Lessons / Biology Educhannel Lessons / Biology / Living Things Educhannel Lessons / Biology / Secretion and homeostasis Educhannel Lessons / Biology / Support and movement Educhannel Lessons / Business Studies Educhannel Lessons / Chemistry Educhannel Lessons / Earth Movement and Volcanicity Educhannel Lessons / Environmental Activities Educhannel Lessons / Geograpghy Educhannel Lessons / History Educhannel Lessons / History / Kenyan History Educhannel Lessons / Homescience Educhannel Lessons / Homescience / Basic care clothing Educhannel Lessons / Kiswahili Educhannel Lessons / Kiswahili / Primary Educhannel Lessons / Kiswahili / Primary / Darasa 4-5 Educhannel Lessons / Kiswahili / Secondary Educhannel Lessons / Kiswahili / Secondary / Isimu Jamii Educhannel Lessons / Kiswahili / Secondary / Sarufi Educhannel Lessons / Mathematics Educhannel Lessons / Mathematics / Secondary Educhannel Lessons / Mathematics / Secondary / Commercial Arithmetics Educhannel Lessons / Mathematics / Primary Educhannel Lessons / Mathematics / Primary / Class 5-8 Educhannel Lessons / Mathematics / Primary / Class 5-8 / Practical uses of Money Educhannel Lessons / Mathematics / Primary / Class 5-8 / Measurement Educhannel Lessons / Organic Chemistry Educhannel Lessons / Performing Music Educhannel Lessons / Homescience Educhannel Lessons / Homescience / Basic care of clothing Educhannel Lessons / Art and Craft Educhannel Lessons / Physics Educhannel Lessons / Physics / Thermodynamics Educhannel Lessons / Physics / Mechanics Educhannel Lessons / Physics / Electricity and Magnetism Educhannel Lessons / The Doyen Exposition Educhannel Lessons / Science Educhannel Lessons / Science / Making work easier Educhannel Lessons / Science / Living Things Educhannel Lessons / Science / Energy conservation Educhannel Lessons / Physical and Health Education Educhannel Lessons / Physical and Health Education / Grade 1-4 Open Education Resourses(OERs) Open Education Resourses(OERs) / Movement and Creative Activities Open Education Resourses(OERs) / 	Religious Education Activities Open Education Resourses(OERs) / Mathematical Activities Open Education Resourses(OERs) / Environmental Activities Open Education Resourses(OERs) / Kiswahili Language Open Education Resourses(OERs) / LTK | Concordia University Open Education Resourses(OERs) / Hygiene and Nutrition Open Education Resourses(OERs) / ENGLISH LANGUAGE ACTIVITIES Open Education Resourses(OERs) / Casio Materials Open Education Resourses(OERs) / Health Education Open Education Resourses(OERs) / Carbon Literacy Special Needs Education Special Needs Education / Grade 1 Special Needs Education / Grade 1 / Adapted Interactive Digital Content for Hearing Impaired(HI) Special Needs Education / Grade 1 / Adapted Interactive Digital Content for Hearing Impaired(HI) / English Activities Special Needs Education / Grade 1 / Adapted Interactive Digital Content for Hearing Impaired(HI) / Environmental Activities Special Needs Education / Grade 1 / Adapted Interactive Digital Content for Hearing Impaired(HI) / Creative Activities Special Needs Education / Grade 1 / Adapted Interactive Digital Content for Visual Impaired(VI) Special Needs Education / Grade 2 Special Needs Education / Grade 2 / Adapted Interactive Digital Content for Hearing Impaired(HI) Special Needs Education / Grade 2 / Adapted Interactive Digital Content for Hearing Impaired(HI) / Mathematics Grade 2 Special Needs Education / Grade 2 / Adapted Interactive Digital Content for Hearing Impaired(HI) / Environmental Activities Grade 2 Special Needs Education / Grade 2 / Adapted Interactive Digital Content for Hearing Impaired(HI) / Hygiene and Nutrition Grade 2 Special Needs Education / Grade 2 / Adapted Interactive Digital Content for Hearing Impaired(HI) / Christian Religious Education Grade 2 (HI) Special Needs Education / Grade 2 / Adapted Interactive Digital Content for Hearing Impaired(HI) / Literacy Activities Grade2 (HI) Special Needs Education / Grade 2 / Adapted Interactive Digital Content for Hearing Impaired(HI) / English Activities Grad2 H.I Special Needs Education / Grade 2 / Adapted Interactive Digital Content for Hearing Impaired(HI) / Creative Activities Grade2 -H.I Special Needs Education / Grade 2 / Adapted Interactive Digital Content for Visual Impaired(VI) Special Needs Education / Grade 2 / Adapted Interactive Digital Content for Visual Impaired(VI) / Mathematics Special Needs Education / Grade 2 / Adapted Interactive Digital Content for Visual Impaired(VI) / Kiswahili Special Needs Education / Grade 2 / Adapted Interactive Digital Content for Visual Impaired(VI) / English Special Needs Education / Grade 2 / Adapted Interactive Digital Content for Visual Impaired(VI) / Creative Activities Special Needs Education / Grade 2 / Adapted Interactive Digital Content for Visual Impaired(VI) / CRE Special Needs Education / Grade 3 Special Needs Education / Grade 3 / Adapted Interactive Digital Content for Learners with Hearing Impairment (HI) Special Needs Education / Grade 3 / Adapted Interactive Digital Content for Learners with Hearing Impairment (HI) / Visual Arts Special Needs Education / Grade 3 / Adapted Interactive Digital Content for Learners with Hearing Impairment (HI) / English Special Needs Education / Grade 3 / Adapted Interactive Digital Content for Learners with Hearing Impairment (HI) / Hygiene and Nutrition Special Needs Education / Grade 3 / Adapted Interactive Digital Content for Learners with Hearing Impairment (HI) / Music Special Needs Education / Grade 3 / Adapted Interactive Digital Content for Learners with Hearing Impairment (HI) / Mathematics Special Needs Education / Grade 3 / Adapted Interactive Digital Content for Learners with Hearing Impairment (HI) / Environmental Special Needs Education / Grade 3 / Adapted Interactive Digital Content for Learners with Hearing Impairment (HI) / CRE Special Needs Education / Grade 3 / Adapted Interactive Digital Content for Learners with Visual Impairment (VI) Special Needs Education / Grade 3 / Adapted Interactive Digital Content for Learners with Visual Impairment (VI) / Music Special Needs Education / Grade 3 / Adapted Interactive Digital Content for Learners with Visual Impairment (VI) / Mathematics Special Needs Education / Grade 3 / Adapted Interactive Digital Content for Learners with Visual Impairment (VI) / Visual Arts Special Needs Education / Grade 3 / Adapted Interactive Digital Content for Learners with Visual Impairment (VI) / Kiswahili Special Needs Education / Grade 3 / Adapted Interactive Digital Content for Learners with Visual Impairment (VI) / Hygiene and Nutrition Special Needs Education / Grade 3 / Adapted Interactive Digital Content for Learners with Visual Impairment (VI) / Environmental Special Needs Education / Grade 3 / Adapted Interactive Digital Content for Learners with Visual Impairment (VI) / English Special Needs Education / Grade 3 / Adapted Interactive Digital Content for Learners with Visual Impairment (VI) / CRE Special Needs Education / Grade 4 Special Needs Education / Grade 4 / Adapted Interactive Digital Content for Learners with Hearing Impairment (HI) Special Needs Education / Grade 4 / Adapted Interactive Digital Content for Learners with Hearing Impairment (HI) / Mathematics Special Needs Education / Grade 4 / Adapted Interactive Digital Content for Learners with Hearing Impairment (HI) / English Special Needs Education / Grade 4 / Adapted Interactive Digital Content for Learners with Hearing Impairment (HI) / Science and Technology Special Needs Education / Grade 4 / Adapted Interactive Digital Content for Learners with Hearing Impairment (HI) / Agriculture Special Needs Education / Grade 4 / Adapted Interactive Digital Content for Learners with Hearing Impairment (HI) / Social Studies Special Needs Education / Grade 4 / Adapted Interactive Digital Content for Learners with Hearing Impairment (HI) / Home Science Special Needs Education / Grade 4 / Adapted Interactive Digital Content for Learners with Hearing Impairment (HI) / Art and Craft Special Needs Education / Grade 4 / Adapted Interactive Digital Content for Learners with Hearing Impairment (HI) / Music Special Needs Education / Grade 4 / Adapted Interactive Digital Content for Learners with Hearing Impairment (HI) / Christian Religious Education (CRE) Special Needs Education / Grade 4 / Adapted Interactive Digital Content for Learners with Visual Impairment (VI) Special Needs Education / Grade 4 / Adapted Interactive Digital Content for Learners with Visual Impairment (VI) / Mathematics Special Needs Education / Grade 4 / Adapted Interactive Digital Content for Learners with Visual Impairment (VI) / English Special Needs Education / Grade 4 / Adapted Interactive Digital Content for Learners with Visual Impairment (VI) / Kiswahili Special Needs Education / Grade 4 / Adapted Interactive Digital Content for Learners with Visual Impairment (VI) / Science and Technology Special Needs Education / Grade 4 / Adapted Interactive Digital Content for Learners with Visual Impairment (VI) / Agriculture Special Needs Education / Grade 4 / Adapted Interactive Digital Content for Learners with Visual Impairment (VI) / Social Studies Special Needs Education / Grade 4 / Adapted Interactive Digital Content for Learners with Visual Impairment (VI) / Home Science Special Needs Education / Grade 4 / Adapted Interactive Digital Content for Learners with Visual Impairment (VI) / Art and Craft Special Needs Education / Grade 4 / Adapted Interactive Digital Content for Learners with Visual Impairment (VI) / Christian Religious Education (CRE) Special Needs Education / Grade 4 / Adapted Interactive Digital Content for Learners with Visual Impairment (VI) / Music Special Needs Education / Grade 5 Special Needs Education / Grade 5 / Adapted Interactive Digital Content for Learners with Hearing Impairment (HI) Special Needs Education / Grade 5 / Adapted Interactive Digital Content for Learners with Hearing Impairment (HI) / English Special Needs Education / Grade 5 / Adapted Interactive Digital Content for Learners with Hearing Impairment (HI) / Christian Religious Education Special Needs Education / Grade 5 / Adapted Interactive Digital Content for Learners with Hearing Impairment (HI) / Social Studies Special Needs Education / Grade 5 / Adapted Interactive Digital Content for Learners with Hearing Impairment (HI) / Agriculture and Nutrition Special Needs Education / Grade 5 / Adapted Interactive Digital Content for Learners with Hearing Impairment (HI) / Creative Arts Special Needs Education / Grade 5 / Adapted Interactive Digital Content for Learners with Hearing Impairment (HI) / Mathematics Special Needs Education / Grade 5 / Adapted Interactive Digital Content for Learners with Hearing Impairment (HI) / Science and Technology Special Needs Education / Grade 5 / Adapted Interactive Digital Content for Learners with Hearing Impairment (HI) / Islamic Religious Education Special Needs Education / Grade 5 / Adapted Interactive Digital Content for Learners with Visual Impairment (VI) Special Needs Education / Grade 5 / Adapted Interactive Digital Content for Learners with Visual Impairment (VI) / Creative Arts Special Needs Education / Grade 5 / Adapted Interactive Digital Content for Learners with Visual Impairment (VI) / Social Studies Special Needs Education / Grade 5 / Adapted Interactive Digital Content for Learners with Visual Impairment (VI) / Kiswahili Special Needs Education / Grade 5 / Adapted Interactive Digital Content for Learners with Visual Impairment (VI) / Christian Religious Education Special Needs Education / Grade 5 / Adapted Interactive Digital Content for Learners with Visual Impairment (VI) / Science and Technology Special Needs Education / Grade 5 / Adapted Interactive Digital Content for Learners with Visual Impairment (VI) / Agriculture and Nutrition Special Needs Education / Grade 5 / Adapted Interactive Digital Content for Learners with Visual Impairment (VI) / Islamic Religious Education Special Needs Education / Grade 5 / Adapted Interactive Digital Content for Learners with Visual Impairment (VI) / Mathematics Special Needs Education / Grade 5 / Adapted Interactive Digital Content for Learners with Visual Impairment (VI) / English Special Needs Education / Grade 6 Special Needs Education / Grade 6 / Adapted Interactive Digital Content for Learners with Hearing Impairment (HI) Special Needs Education / Grade 6 / Adapted Interactive Digital Content for Learners with Hearing Impairment (HI) / Science and Technology Special Needs Education / Grade 6 / Adapted Interactive Digital Content for Learners with Hearing Impairment (HI) / Christian Religious Education Special Needs Education / Grade 6 / Adapted Interactive Digital Content for Learners with Hearing Impairment (HI) / Creative Arts Special Needs Education / Grade 6 / Adapted Interactive Digital Content for Learners with Hearing Impairment (HI) / Islamic Religious Education Special Needs Education / Grade 6 / Adapted Interactive Digital Content for Learners with Hearing Impairment (HI) / English Special Needs Education / Grade 6 / Adapted Interactive Digital Content for Learners with Hearing Impairment (HI) / Social Studies Special Needs Education / Grade 6 / Adapted Interactive Digital Content for Learners with Hearing Impairment (HI) / Agriculture Special Needs Education / Grade 6 / Adapted Interactive Digital Content for Learners with Hearing Impairment (HI) / Mathematics Special Needs Education / Grade 6 / Adapted Interactive Digital Content for Learners with Visual Impairment (VI) Special Needs Education / Grade 6 / Adapted Interactive Digital Content for Learners with Visual Impairment (VI) / Christian Religious Education Special Needs Education / Grade 6 / Adapted Interactive Digital Content for Learners with Visual Impairment (VI) / Kiswahili Special Needs Education / Grade 6 / Adapted Interactive Digital Content for Learners with Visual Impairment (VI) / English Special Needs Education / Grade 6 / Adapted Interactive Digital Content for Learners with Visual Impairment (VI) / Creative Arts Special Needs Education / Grade 6 / Adapted Interactive Digital Content for Learners with Visual Impairment (VI) / Mathematics Special Needs Education / Grade 6 / Adapted Interactive Digital Content for Learners with Visual Impairment (VI) / Science and Technology Special Needs Education / Grade 6 / Adapted Interactive Digital Content for Learners with Visual Impairment (VI) / Islamic Religious Education Special Needs Education / Grade 6 / Adapted Interactive Digital Content for Learners with Visual Impairment (VI) / Social Studies Special Needs Education / Grade 6 / Adapted Interactive Digital Content for Learners with Visual Impairment (VI) / Agriculture and Nutrition Special Needs Education / Ebooks Special Needs Education / Videos Special Needs Education / Foundational and Stage-Based Special Needs Education / Prevocational Level Special Needs Education / Prevocational Level / Music Special Needs Education / Prevocational Level / Hindu Religious Education Special Needs Education / Prevocational Level / Christian Religious Education Special Needs Education / Prevocational Level / Physical Education Special Needs Education / Prevocational Level / Islamic Religious Education Special Needs Education / Prevocational Level / Social Studies Special Needs Education / Prevocational Level / Prevocational Skills 1 Special Needs Education / Prevocational Level / Prevocational Skills 2 Special Needs Education / Prevocational Level / Prevocational Skills 3 Accessible Digital Textbooks Interactive Simulations for Sciences and Mathematics Interactive Simulations for Sciences and Mathematics / Physics Interactive Simulations for Sciences and Mathematics / Chemistry Interactive Simulations for Sciences and Mathematics / Mathematics Information, Education and Communication(IEC) Materials Information, Education and Communication(IEC) Materials / Child Online Safety Information, Education and Communication(IEC) Materials / Child Road Safety Information, Education and Communication(IEC) Materials / Child Road Safety / Integration Matrices Information, Education and Communication(IEC) Materials / Child Road Safety / Integration Matrices / Early Years Education Information, Education and Communication(IEC) Materials / Child Road Safety / Integration Matrices / Upper Primary Information, Education and Communication(IEC) Materials / Child Road Safety / Integration Matrices / Junior School Information, Education and Communication(IEC) Materials / Child Road Safety / Integration Matrices / Senior School Information, Education and Communication(IEC) Materials / Child Road Safety / Information, Education and Communication(IEC) Materials on Child Road Safety Information, Education and Communication(IEC) Materials / Child Road Safety / Information, Education and Communication(IEC) Materials on Child Road Safety / Early Years Education Information, Education and Communication(IEC) Materials / Child Road Safety / Information, Education and Communication(IEC) Materials on Child Road Safety / Upper Primary Information, Education and Communication(IEC) Materials / Child Road Safety / Information, Education and Communication(IEC) Materials on Child Road Safety / Junior School Information, Education and Communication(IEC) Materials / Child Road Safety / Information, Education and Communication(IEC) Materials on Child Road Safety / Senior School Information, Education and Communication(IEC) Materials / Child Road Safety / Teacher's Handbook Information, Education and Communication(IEC) Materials / Financial Literacy Learners’ Toolkit Teacher Resources Teacher Resources / Educational Resources Materials Development Teacher Resources / Educational Resources Materials Development / CRE Teacher Resources / Educational Resources Materials Development / English Teacher Resources / Educational Resources Materials Development / Environment Teacher Resources / Educational Resources Materials Development / Foundations Teacher Resources / Educational Resources Materials Development / H.R.E Teacher Resources / Educational Resources Materials Development / Hygiene and Nutrition Teacher Resources / Educational Resources Materials Development / I.R.E Teacher Resources / Educational Resources Materials Development / Kiswahili Teacher Resources / Educational Resources Materials Development / Language Activities Teacher Resources / Educational Resources Materials Development / Literacy Skills Teacher Resources / Educational Resources Materials Development / Mathematics Teacher Resources / Educational Resources Materials Development / Movements and Arts Teacher Resources / Pre-Primary Teacher Radio Programmes Teacher Resources / CBC Courses Teacher Resources / Special Needs Educations Teacher Resources / Interactive Digital Content for Teacher Education Teacher Resources / Interactive Digital Content for Teacher Education / English Teacher Resources / Interactive Digital Content for Teacher Education / Music Teacher Resources / Interactive Digital Content for Teacher Education / Christian Religious Education Teacher Resources / Interactive Digital Content for Teacher Education / Art and Craft Teacher Resources / Interactive Digital Content for Teacher Education / Indigenous Languages Teacher Resources / Interactive Digital Content for Teacher Education / Home science Teacher Resources / Interactive Digital Content for Teacher Education / Science and Technology Teacher Resources / Interactive Digital Content for Teacher Education / Islamic Religious Education Teacher Resources / Interactive Digital Content for Teacher Education / Mandarin Teacher Resources / Interactive Digital Content for Teacher Education / Agriculture Teacher Resources / Interactive Digital Content for Teacher Education / Mathematics Teacher Resources / Interactive Digital Content for Teacher Education / French Teacher Resources / Interactive Digital Content for Teacher Education / Hindu Religious Education Teacher Resources / Interactive Digital Content for Teacher Education / Social Studies Teacher Resources / Interactive Digital Content for Teacher Education / Kiswahili Teacher Resources / Interactive Digital Content for Teacher Education / Physical Education Teacher Resources / Interactive Digital Content for Teacher Education / Arabic Parental Resources Financial Literacy Financial Literacy / Financial Literacy for Junior School Financial Literacy / Financial Literacy for Junior School / Taxation Financial Literacy / Financial Literacy for Senior School Financial Literacy / Financial Literacy for Senior School / Taxation Search lessons Search Expand allInteractive Digital ContentEduchannel Tv LessonsRadio Lessons Ebooks Interactive Digital ContentEduchannel Tv LessonsRadio Lessons Ebooks Digital Content | Kenya Education Cloud | Unlimited Learning Experiences Skip to main content (Login) Form 1 Home Lessons Secondary Education Form 1 Lesson categories: Pre-Primary Pre-Primary / Radio Lessons Pre-Primary / Educhannel Video Lessons Pre-Primary / Educhannel Video Lessons / Language Activities Pre-Primary / Educhannel Video Lessons / Mathematics Pre-Primary / Educhannel Video Lessons / Our School Pre-Primary / Educhannel Video Lessons / Picture Making Pre-Primary / Educhannel Video Lessons / Social Environment Pre-Primary / Educhannel Video Lessons / Pre-Primary 1 Pre-Primary / Educhannel Video Lessons / Pre-Primary 2 Pre-Primary / Interactive digital Content Pre-Primary / Ebooks Primary Education Primary Education / Grade 1 Primary Education / Grade 1 / Educhannel TV Lessons Primary Education / Grade 1 / Educhannel TV Lessons / English Primary Education / Grade 1 / Educhannel TV Lessons / Mathematics Primary Education / Grade 1 / Educhannel TV Lessons / Kiswahili Primary Education / Grade 1 / Educhannel TV Lessons / Kenya Sign Language(KSL) Primary Education / Grade 1 / Educhannel TV Lessons / Hygiene and nutrition Primary Education / Grade 1 / Educhannel TV Lessons / Environmental Activities Primary Education / Grade 1 / Interactive Digital Content Primary Education / Grade 1 / Radio Lessons Primary Education / Grade 1 / Radio Lessons / Mathematics Primary Education / Grade 1 / Radio Lessons / Mathematics / Grade 1 Term 2 Primary Education / Grade 1 / Radio Lessons / Mathematics / Grade 1 Term 3 Primary Education / Grade 1 / Radio Lessons / Kiswahili Primary Education / Grade 1 / Radio Lessons / Kiswahili / Grade 1 Term 2 Primary Education / Grade 1 / Radio Lessons / Kiswahili / Grade 1 Term 3 Primary Education / Grade 1 / Radio Lessons / English Primary Education / Grade 1 / Radio Lessons / English / Grade 1 Term 2 Primary Education / Grade 1 / Radio Lessons / English / Grade 1 Term 3 Primary Education / Grade 1 / Ebooks Primary Education / Grade 1 / Ebooks / Tusome readers Primary Education / Grade 1 / Ebooks / Indigenous Languages Primary Education / Grade 2 Primary Education / Grade 2 / Interactive Digital Content Primary Education / Grade 2 / Educhannel Tv Lessons Primary Education / Grade 2 / Educhannel Tv Lessons / Mathematics Primary Education / Grade 2 / Educhannel Tv Lessons / English Primary Education / Grade 2 / Radio Lessons Primary Education / Grade 2 / Radio Lessons / Mathematics Primary Education / Grade 2 / Radio Lessons / Mathematics / Grade 2 Term 2 Primary Education / Grade 2 / Radio Lessons / English Primary Education / Grade 2 / Radio Lessons / English / Grade 2 Term 2 Primary Education / Grade 2 / Radio Lessons / English / Grade 2 Term 3 Primary Education / Grade 2 / Radio Lessons / Kiswahili Primary Education / Grade 2 / Radio Lessons / Kiswahili / Grade 2 Term 3 Primary Education / Grade 2 / Hygiene and Nutrition Primary Education / Grade 2 / Hygiene and Nutrition / Grade 2 Term 2 Primary Education / Grade 2 / E-books Primary Education / Grade 2 / E-books / Tusome Readers Primary Education / Grade 3 Primary Education / Grade 3 / Radio Lessons Primary Education / Grade 3 / Radio Lessons / Mathematics Primary Education / Grade 3 / Radio Lessons / Mathematics / Grade 3 Term 2 Primary Education / Grade 3 / Radio Lessons / Mathematics / Grade 3 Term 3 Primary Education / Grade 3 / Radio Lessons / English Primary Education / Grade 3 / Radio Lessons / English / Grade 3 Term 2 Primary Education / Grade 3 / Radio Lessons / English / Grade 3 Term 3 Primary Education / Grade 3 / Radio Lessons / Environmental Activities Primary Education / Grade 3 / Radio Lessons / Environmental Activities / Grade 3 Term 2 Primary Education / Grade 3 / Radio Lessons / Kiswahili Primary Education / Grade 3 / Radio Lessons / Kiswahili / Grade 3 Term 3 Primary Education / Grade 3 / Educhannel TV Lessons Primary Education / Grade 3 / Educhannel TV Lessons / Mathematics Primary Education / Grade 3 / Educhannel TV Lessons / English Primary Education / Grade 3 / Educhannel TV Lessons / Kiswahili Primary Education / Grade 3 / Educhannel TV Lessons / Hygiene and Nutrition Primary Education / Grade 3 / Educhannel TV Lessons / Environmental Activities Primary Education / Grade 3 / Interactive Digital Content Primary Education / Grade 3 / EBooks Primary Education / Grade 3 / Tusome English Video Lessons Primary Education / Grade 3 / Tusome English Video Lessons / Tusome English Grade 3 Lessons Primary Education / Grade 4 Primary Education / Grade 4 / Educhannel Tv Lessons Primary Education / Grade 4 / Educhannel Tv Lessons / Home Science Primary Education / Grade 4 / Educhannel Tv Lessons / Agriculture Primary Education / Grade 4 / Educhannel Tv Lessons / Music Primary Education / Grade 4 / Educhannel Tv Lessons / Physical Education Primary Education / Grade 4 / Educhannel Tv Lessons / Art and Craft Primary Education / Grade 4 / Educhannel Tv Lessons / Kenya Sign Language Primary Education / Grade 4 / Educhannel Tv Lessons / Mathematics Primary Education / Grade 4 / Educhannel Tv Lessons / Science and Technology Primary Education / Grade 4 / Educhannel Tv Lessons / Social Studies Primary Education / Grade 4 / Educhannel Tv Lessons / English Primary Education / Grade 4 / Educhannel Tv Lessons / Kiswahili Primary Education / Grade 4 / Educhannel Tv Lessons / Environmental Activity Primary Education / Grade 4 / Radio lessons Primary Education / Grade 4 / Radio lessons / Social Studies Primary Education / Grade 4 / Radio lessons / Social Studies / Grade 4 Term 2 Primary Education / Grade 4 / Radio lessons / Social Studies / Grade 4 Term 3 Primary Education / Grade 4 / Radio lessons / CRE Primary Education / Grade 4 / Radio lessons / CRE / Grade 4 Term 2 Primary Education / Grade 4 / Radio lessons / English Primary Education / Grade 4 / Radio lessons / English / Grade 4 Term 2 Primary Education / Grade 4 / Radio lessons / English / Grade 4 Term 3 Primary Education / Grade 4 / Radio lessons / Hygiene and Nutrition Primary Education / Grade 4 / Radio lessons / Hygiene and Nutrition / Grade 4 Term 1 Primary Education / Grade 4 / Radio lessons / IRE Primary Education / Grade 4 / Radio lessons / IRE / Grade 4 Term 2 Primary Education / Grade 4 / Radio lessons / Science and Technology Primary Education / Grade 4 / Radio lessons / Science and Technology / Grade 4 Term 3 Primary Education / Grade 4 / Radio lessons / Agriculture Primary Education / Grade 4 / Radio lessons / Agriculture / Grade 4 Term 3 Primary Education / Grade 4 / Radio lessons / Mathematics Primary Education / Grade 4 / Radio lessons / Mathematics / Grade 4 Term 3 Primary Education / Grade 4 / SNE Primary Education / Grade 4 / Interactive Digital Content Primary Education / Grade 5 Primary Education / Grade 5 / Educhannel Tv Lessons Primary Education / Grade 5 / Educhannel Tv Lessons / English Primary Education / Grade 5 / Educhannel Tv Lessons / Kiswahili Primary Education / Grade 5 / Educhannel Tv Lessons / Mathematics Primary Education / Grade 5 / Radio Lessons Primary Education / Grade 5 / Radio Lessons / English Primary Education / Grade 5 / Radio Lessons / Science and Technology Primary Education / Grade 5 / Radio Lessons / Agriculture Primary Education / Grade 5 / Radio Lessons / Social studies Primary Education / Grade 5 / Radio Lessons / Christian Religious Education Primary Education / Grade 5 / Radio Lessons / Mathematics Primary Education / Grade 5 / Interactive Digital Content Primary Education / Grade 6 Primary Education / Grade 6 / Radio Lessons Primary Education / Grade 6 / Radio Lessons / CRE Primary Education / Grade 6 / Radio Lessons / Social Studies Primary Education / Grade 6 / Radio Lessons / Science Primary Education / Grade 6 / Radio Lessons / Kiswahili Primary Education / Grade 6 / Radio Lessons / English Primary Education / Grade 6 / Radio Lessons / Mathematics Primary Education / Grade 6 / Educhannel TV Lessons Primary Education / Grade 6 / Educhannel TV Lessons / Kiswahili Primary Education / Grade 6 / Educhannel TV Lessons / Agriculture Primary Education / Grade 6 / Educhannel TV Lessons / Art and Craft Primary Education / Grade 6 / Educhannel TV Lessons / English Primary Education / Grade 6 / Educhannel TV Lessons / Home Science Primary Education / Grade 6 / Educhannel TV Lessons / Music Primary Education / Grade 6 / Educhannel TV Lessons / Science and technology Primary Education / Grade 6 / Educhannel TV Lessons / Physical health education Primary Education / Grade 6 / Interactive Digital Content Junior School Junior School / Grade 8 Junior School / Grade 8 / Educhannel Tv Lessons Junior School / Grade 8 / Radio Lessons Junior School / Grade 8 / Interactive Digital Content Junior School / Grade 7 Junior School / Grade 7 / Educhannel TV lessons Junior School / Grade 7 / Radio Lessons Junior School / Grade 7 / Radio Lessons / Mathematics Junior School / Grade 7 / Radio Lessons / Kiswahili Junior School / Grade 7 / Radio Lessons / English Junior School / Grade 7 / Radio Lessons / Christian Religious Education Junior School / Grade 7 / Radio Lessons / Integrated Science Junior School / Grade 7 / Radio Lessons / Social Studies Junior School / Grade 7 / Radio Lessons / Pre-Technical Studies Junior School / Grade 7 / Interactive Digital Content Secondary Education Secondary Education / Form 1 Secondary Education / Form 1 / Interactive Digital Content Secondary Education / Form 1 / Educhannel Tv Lessons Secondary Education / Form 1 / Educhannel Tv Lessons / Mathematics Secondary Education / Form 1 / Educhannel Tv Lessons / English Secondary Education / Form 1 / Educhannel Tv Lessons / Physics Secondary Education / Form 1 / Educhannel Tv Lessons / Biology Secondary Education / Form 1 / Educhannel Tv Lessons / Chemistry Secondary Education / Form 1 / Educhannel Tv Lessons / Kiswahili Secondary Education / Form 1 / Educhannel Tv Lessons / History and Government Secondary Education / Form 1 / Educhannel Tv Lessons / Business Studies Secondary Education / Form 1 / Radio Lessons Secondary Education / Form 1 / Ebooks Secondary Education / Form 2 Secondary Education / Form 2 / Interactive Digital Content Secondary Education / Form 2 / Educhannel Tv Lessons Secondary Education / Form 2 / Educhannel Tv Lessons / Physics Secondary Education / Form 2 / Radio Lessons Secondary Education / Form 2 / Radio Lessons / Biology Secondary Education / Form 3 Secondary Education / Form 3 / Interactive Digital Content Secondary Education / Form 3 / Educhannel Tv Lessons Secondary Education / Form 3 / Educhannel Tv Lessons / Mathematics Secondary Education / Form 3 / Educhannel Tv Lessons / English Secondary Education / Form 3 / Educhannel Tv Lessons / Kiswahili Secondary Education / Form 3 / Educhannel Tv Lessons / Biology Secondary Education / Form 3 / Educhannel Tv Lessons / Chemistry Secondary Education / Form 3 / Educhannel Tv Lessons / Physics Secondary Education / Form 3 / Educhannel Tv Lessons / Business Studies Secondary Education / Form 3 / Educhannel Tv Lessons / History and Government Secondary Education / Form 3 / Radio Lessons Secondary Education / Form 4 Secondary Education / Form 4 / Interactive Digital Content Secondary Education / Form 4 / Educhannel Tv Lessons Secondary Education / Form 4 / Educhannel Tv Lessons / Form 4 Mathematics Secondary Education / Form 4 / Educhannel Tv Lessons / Form 4 English Secondary Education / Form 4 / Educhannel Tv Lessons / Form 4 Physics Secondary Education / Form 4 / Educhannel Tv Lessons / Form 4 Biology Secondary Education / Form 4 / Educhannel Tv Lessons / Form 4 Kiswahili Secondary Education / Form 4 / Educhannel Tv Lessons / Form 4 Chemistry Secondary Education / Form 4 / Educhannel Tv Lessons / Form 4 History and Government Secondary Education / Form 4 / Educhannel Tv Lessons / Form 4 Business Studies Secondary Education / Form 4 / Radio Lessons Secondary Education / Form 4 / Radio Lessons / Mathematics Secondary Education / Form 4 / Radio Lessons / Mathematics / Form 4 Term 1 Secondary Education / Form 4 / Radio Lessons / Mathematics / Form 4 Term 2 Secondary Education / Form 4 / Radio Lessons / Mathematics / Form 4 Term 3 General Knowledge General Knowledge / VOA Connect General Knowledge / Ask the expert General Knowledge / Citizenship and Democracy General Knowledge / Digital Story General Knowledge / Impacted Educhannel Lessons Educhannel Lessons / English Educhannel Lessons / English / Transport and travel Educhannel Lessons / English / Pronunciation skills Educhannel Lessons / English / Listening and speaking Educhannel Lessons / English / Family Educhannel Lessons / English / Environment Educhannel Lessons / English / Drug and Substance Educhannel Lessons / Agriculture Educhannel Lessons / Biology Educhannel Lessons / Biology / Living Things Educhannel Lessons / Biology / Secretion and homeostasis Educhannel Lessons / Biology / Support and movement Educhannel Lessons / Business Studies Educhannel Lessons / Chemistry Educhannel Lessons / Earth Movement and Volcanicity Educhannel Lessons / Environmental Activities Educhannel Lessons / Geograpghy Educhannel Lessons / History Educhannel Lessons / History / Kenyan History Educhannel Lessons / Homescience Educhannel Lessons / Homescience / Basic care clothing Educhannel Lessons / Kiswahili Educhannel Lessons / Kiswahili / Primary Educhannel Lessons / Kiswahili / Primary / Darasa 4-5 Educhannel Lessons / Kiswahili / Secondary Educhannel Lessons / Kiswahili / Secondary / Isimu Jamii Educhannel Lessons / Kiswahili / Secondary / Sarufi Educhannel Lessons / Mathematics Educhannel Lessons / Mathematics / Secondary Educhannel Lessons / Mathematics / Secondary / Commercial Arithmetics Educhannel Lessons / Mathematics / Primary Educhannel Lessons / Mathematics / Primary / Class 5-8 Educhannel Lessons / Mathematics / Primary / Class 5-8 / Practical uses of Money Educhannel Lessons / Mathematics / Primary / Class 5-8 / Measurement Educhannel Lessons / Organic Chemistry Educhannel Lessons / Performing Music Educhannel Lessons / Homescience Educhannel Lessons / Homescience / Basic care of clothing Educhannel Lessons / Art and Craft Educhannel Lessons / Physics Educhannel Lessons / Physics / Thermodynamics Educhannel Lessons / Physics / Mechanics Educhannel Lessons / Physics / Electricity and Magnetism Educhannel Lessons / The Doyen Exposition Educhannel Lessons / Science Educhannel Lessons / Science / Making work easier Educhannel Lessons / Science / Living Things Educhannel Lessons / Science / Energy conservation Educhannel Lessons / Physical and Health Education Educhannel Lessons / Physical and Health Education / Grade 1-4 Open Education Resourses(OERs) Open Education Resourses(OERs) / Movement and Creative Activities Open Education Resourses(OERs) / 	Religious Education Activities Open Education Resourses(OERs) / Mathematical Activities Open Education Resourses(OERs) / Environmental Activities Open Education Resourses(OERs) / Kiswahili Language Open Education Resourses(OERs) / LTK | Concordia University Open Education Resourses(OERs) / Hygiene and Nutrition Open Education Resourses(OERs) / ENGLISH LANGUAGE ACTIVITIES Open Education Resourses(OERs) / Casio Materials Open Education Resourses(OERs) / Health Education Open Education Resourses(OERs) / Carbon Literacy Special Needs Education Special Needs Education / Grade 1 Special Needs Education / Grade 1 / Adapted Interactive Digital Content for Hearing Impaired(HI) Special Needs Education / Grade 1 / Adapted Interactive Digital Content for Hearing Impaired(HI) / English Activities Special Needs Education / Grade 1 / Adapted Interactive Digital Content for Hearing Impaired(HI) / Environmental Activities Special Needs Education / Grade 1 / Adapted Interactive Digital Content for Hearing Impaired(HI) / Creative Activities Special Needs Education / Grade 1 / Adapted Interactive Digital Content for Visual Impaired(VI) Special Needs Education / Grade 2 Special Needs Education / Grade 2 / Adapted Interactive Digital Content for Hearing Impaired(HI) Special Needs Education / Grade 2 / Adapted Interactive Digital Content for Hearing Impaired(HI) / Mathematics Grade 2 Special Needs Education / Grade 2 / Adapted Interactive Digital Content for Hearing Impaired(HI) / Environmental Activities Grade 2 Special Needs Education / Grade 2 / Adapted Interactive Digital Content for Hearing Impaired(HI) / Hygiene and Nutrition Grade 2 Special Needs Education / Grade 2 / Adapted Interactive Digital Content for Hearing Impaired(HI) / Christian Religious Education Grade 2 (HI) Special Needs Education / Grade 2 / Adapted Interactive Digital Content for Hearing Impaired(HI) / Literacy Activities Grade2 (HI) Special Needs Education / Grade 2 / Adapted Interactive Digital Content for Hearing Impaired(HI) / English Activities Grad2 H.I Special Needs Education / Grade 2 / Adapted Interactive Digital Content for Hearing Impaired(HI) / Creative Activities Grade2 -H.I Special Needs Education / Grade 2 / Adapted Interactive Digital Content for Visual Impaired(VI) Special Needs Education / Grade 2 / Adapted Interactive Digital Content for Visual Impaired(VI) / Mathematics Special Needs Education / Grade 2 / Adapted Interactive Digital Content for Visual Impaired(VI) / Kiswahili Special Needs Education / Grade 2 / Adapted Interactive Digital Content for Visual Impaired(VI) / English Special Needs Education / Grade 2 / Adapted Interactive Digital Content for Visual Impaired(VI) / Creative Activities Special Needs Education / Grade 2 / Adapted Interactive Digital Content for Visual Impaired(VI) / CRE Special Needs Education / Grade 3 Special Needs Education / Grade 3 / Adapted Interactive Digital Content for Learners with Hearing Impairment (HI) Special Needs Education / Grade 3 / Adapted Interactive Digital Content for Learners with Hearing Impairment (HI) / Visual Arts Special Needs Education / Grade 3 / Adapted Interactive Digital Content for Learners with Hearing Impairment (HI) / English Special Needs Education / Grade 3 / Adapted Interactive Digital Content for Learners with Hearing Impairment (HI) / Hygiene and Nutrition Special Needs Education / Grade 3 / Adapted Interactive Digital Content for Learners with Hearing Impairment (HI) / Music Special Needs Education / Grade 3 / Adapted Interactive Digital Content for Learners with Hearing Impairment (HI) / Mathematics Special Needs Education / Grade 3 / Adapted Interactive Digital Content for Learners with Hearing Impairment (HI) / Environmental Special Needs Education / Grade 3 / Adapted Interactive Digital Content for Learners with Hearing Impairment (HI) / CRE Special Needs Education / Grade 3 / Adapted Interactive Digital Content for Learners with Visual Impairment (VI) Special Needs Education / Grade 3 / Adapted Interactive Digital Content for Learners with Visual Impairment (VI) / Music Special Needs Education / Grade 3 / Adapted Interactive Digital Content for Learners with Visual Impairment (VI) / Mathematics Special Needs Education / Grade 3 / Adapted Interactive Digital Content for Learners with Visual Impairment (VI) / Visual Arts Special Needs Education / Grade 3 / Adapted Interactive Digital Content for Learners with Visual Impairment (VI) / Kiswahili Special Needs Education / Grade 3 / Adapted Interactive Digital Content for Learners with Visual Impairment (VI) / Hygiene and Nutrition Special Needs Education / Grade 3 / Adapted Interactive Digital Content for Learners with Visual Impairment (VI) / Environmental Special Needs Education / Grade 3 / Adapted Interactive Digital Content for Learners with Visual Impairment (VI) / English Special Needs Education / Grade 3 / Adapted Interactive Digital Content for Learners with Visual Impairment (VI) / CRE Special Needs Education / Grade 4 Special Needs Education / Grade 4 / Adapted Interactive Digital Content for Learners with Hearing Impairment (HI) Special Needs Education / Grade 4 / Adapted Interactive Digital Content for Learners with Hearing Impairment (HI) / Mathematics Special Needs Education / Grade 4 / Adapted Interactive Digital Content for Learners with Hearing Impairment (HI) / English Special Needs Education / Grade 4 / Adapted Interactive Digital Content for Learners with Hearing Impairment (HI) / Science and Technology Special Needs Education / Grade 4 / Adapted Interactive Digital Content for Learners with Hearing Impairment (HI) / Agriculture Special Needs Education / Grade 4 / Adapted Interactive Digital Content for Learners with Hearing Impairment (HI) / Social Studies Special Needs Education / Grade 4 / Adapted Interactive Digital Content for Learners with Hearing Impairment (HI) / Home Science Special Needs Education / Grade 4 / Adapted Interactive Digital Content for Learners with Hearing Impairment (HI) / Art and Craft Special Needs Education / Grade 4 / Adapted Interactive Digital Content for Learners with Hearing Impairment (HI) / Music Special Needs Education / Grade 4 / Adapted Interactive Digital Content for Learners with Hearing Impairment (HI) / Christian Religious Education (CRE) Special Needs Education / Grade 4 / Adapted Interactive Digital Content for Learners with Visual Impairment (VI) Special Needs Education / Grade 4 / Adapted Interactive Digital Content for Learners with Visual Impairment (VI) / Mathematics Special Needs Education / Grade 4 / Adapted Interactive Digital Content for Learners with Visual Impairment (VI) / English Special Needs Education / Grade 4 / Adapted Interactive Digital Content for Learners with Visual Impairment (VI) / Kiswahili Special Needs Education / Grade 4 / Adapted Interactive Digital Content for Learners with Visual Impairment (VI) / Science and Technology Special Needs Education / Grade 4 / Adapted Interactive Digital Content for Learners with Visual Impairment (VI) / Agriculture Special Needs Education / Grade 4 / Adapted Interactive Digital Content for Learners with Visual Impairment (VI) / Social Studies Special Needs Education / Grade 4 / Adapted Interactive Digital Content for Learners with Visual Impairment (VI) / Home Science Special Needs Education / Grade 4 / Adapted Interactive Digital Content for Learners with Visual Impairment (VI) / Art and Craft Special Needs Education / Grade 4 / Adapted Interactive Digital Content for Learners with Visual Impairment (VI) / Christian Religious Education (CRE) Special Needs Education / Grade 4 / Adapted Interactive Digital Content for Learners with Visual Impairment (VI) / Music Special Needs Education / Grade 5 Special Needs Education / Grade 5 / Adapted Interactive Digital Content for Learners with Hearing Impairment (HI) Special Needs Education / Grade 5 / Adapted Interactive Digital Content for Learners with Hearing Impairment (HI) / English Special Needs Education / Grade 5 / Adapted Interactive Digital Content for Learners with Hearing Impairment (HI) / Christian Religious Education Special Needs Education / Grade 5 / Adapted Interactive Digital Content for Learners with Hearing Impairment (HI) / Social Studies Special Needs Education / Grade 5 / Adapted Interactive Digital Content for Learners with Hearing Impairment (HI) / Agriculture and Nutrition Special Needs Education / Grade 5 / Adapted Interactive Digital Content for Learners with Hearing Impairment (HI) / Creative Arts Special Needs Education / Grade 5 / Adapted Interactive Digital Content for Learners with Hearing Impairment (HI) / Mathematics Special Needs Education / Grade 5 / Adapted Interactive Digital Content for Learners with Hearing Impairment (HI) / Science and Technology Special Needs Education / Grade 5 / Adapted Interactive Digital Content for Learners with Hearing Impairment (HI) / Islamic Religious Education Special Needs Education / Grade 5 / Adapted Interactive Digital Content for Learners with Visual Impairment (VI) Special Needs Education / Grade 5 / Adapted Interactive Digital Content for Learners with Visual Impairment (VI) / Creative Arts Special Needs Education / Grade 5 / Adapted Interactive Digital Content for Learners with Visual Impairment (VI) / Social Studies Special Needs Education / Grade 5 / Adapted Interactive Digital Content for Learners with Visual Impairment (VI) / Kiswahili Special Needs Education / Grade 5 / Adapted Interactive Digital Content for Learners with Visual Impairment (VI) / Christian Religious Education Special Needs Education / Grade 5 / Adapted Interactive Digital Content for Learners with Visual Impairment (VI) / Science and Technology Special Needs Education / Grade 5 / Adapted Interactive Digital Content for Learners with Visual Impairment (VI) / Agriculture and Nutrition Special Needs Education / Grade 5 / Adapted Interactive Digital Content for Learners with Visual Impairment (VI) / Islamic Religious Education Special Needs Education / Grade 5 / Adapted Interactive Digital Content for Learners with Visual Impairment (VI) / Mathematics Special Needs Education / Grade 5 / Adapted Interactive Digital Content for Learners with Visual Impairment (VI) / English Special Needs Education / Grade 6 Special Needs Education / Grade 6 / Adapted Interactive Digital Content for Learners with Hearing Impairment (HI) Special Needs Education / Grade 6 / Adapted Interactive Digital Content for Learners with Hearing Impairment (HI) / Science and Technology Special Needs Education / Grade 6 / Adapted Interactive Digital Content for Learners with Hearing Impairment (HI) / Christian Religious Education Special Needs Education / Grade 6 / Adapted Interactive Digital Content for Learners with Hearing Impairment (HI) / Creative Arts Special Needs Education / Grade 6 / Adapted Interactive Digital Content for Learners with Hearing Impairment (HI) / Islamic Religious Education Special Needs Education / Grade 6 / Adapted Interactive Digital Content for Learners with Hearing Impairment (HI) / English Special Needs Education / Grade 6 / Adapted Interactive Digital Content for Learners with Hearing Impairment (HI) / Social Studies Special Needs Education / Grade 6 / Adapted Interactive Digital Content for Learners with Hearing Impairment (HI) / Agriculture Special Needs Education / Grade 6 / Adapted Interactive Digital Content for Learners with Hearing Impairment (HI) / Mathematics Special Needs Education / Grade 6 / Adapted Interactive Digital Content for Learners with Visual Impairment (VI) Special Needs Education / Grade 6 / Adapted Interactive Digital Content for Learners with Visual Impairment (VI) / Christian Religious Education Special Needs Education / Grade 6 / Adapted Interactive Digital Content for Learners with Visual Impairment (VI) / Kiswahili Special Needs Education / Grade 6 / Adapted Interactive Digital Content for Learners with Visual Impairment (VI) / English Special Needs Education / Grade 6 / Adapted Interactive Digital Content for Learners with Visual Impairment (VI) / Creative Arts Special Needs Education / Grade 6 / Adapted Interactive Digital Content for Learners with Visual Impairment (VI) / Mathematics Special Needs Education / Grade 6 / Adapted Interactive Digital Content for Learners with Visual Impairment (VI) / Science and Technology Special Needs Education / Grade 6 / Adapted Interactive Digital Content for Learners with Visual Impairment (VI) / Islamic Religious Education Special Needs Education / Grade 6 / Adapted Interactive Digital Content for Learners with Visual Impairment (VI) / Social Studies Special Needs Education / Grade 6 / Adapted Interactive Digital Content for Learners with Visual Impairment (VI) / Agriculture and Nutrition Special Needs Education / Ebooks Special Needs Education / Videos Special Needs Education / Foundational and Stage-Based Special Needs Education / Prevocational Level Special Needs Education / Prevocational Level / Music Special Needs Education / Prevocational Level / Hindu Religious Education Special Needs Education / Prevocational Level / Christian Religious Education Special Needs Education / Prevocational Level / Physical Education Special Needs Education / Prevocational Level / Islamic Religious Education Special Needs Education / Prevocational Level / Social Studies Special Needs Education / Prevocational Level / Prevocational Skills 1 Special Needs Education / Prevocational Level / Prevocational Skills 2 Special Needs Education / Prevocational Level / Prevocational Skills 3 Accessible Digital Textbooks Interactive Simulations for Sciences and Mathematics Interactive Simulations for Sciences and Mathematics / Physics Interactive Simulations for Sciences and Mathematics / Chemistry Interactive Simulations for Sciences and Mathematics / Mathematics Information, Education and Communication(IEC) Materials Information, Education and Communication(IEC) Materials / Child Online Safety Information, Education and Communication(IEC) Materials / Child Road Safety Information, Education and Communication(IEC) Materials / Child Road Safety / Integration Matrices Information, Education and Communication(IEC) Materials / Child Road Safety / Integration Matrices / Early Years Education Information, Education and Communication(IEC) Materials / Child Road Safety / Integration Matrices / Upper Primary Information, Education and Communication(IEC) Materials / Child Road Safety / Integration Matrices / Junior School Information, Education and Communication(IEC) Materials / Child Road Safety / Integration Matrices / Senior School Information, Education and Communication(IEC) Materials / Child Road Safety / Information, Education and Communication(IEC) Materials on Child Road Safety Information, Education and Communication(IEC) Materials / Child Road Safety / Information, Education and Communication(IEC) Materials on Child Road Safety / Early Years Education Information, Education and Communication(IEC) Materials / Child Road Safety / Information, Education and Communication(IEC) Materials on Child Road Safety / Upper Primary Information, Education and Communication(IEC) Materials / Child Road Safety / Information, Education and Communication(IEC) Materials on Child Road Safety / Junior School Information, Education and Communication(IEC) Materials / Child Road Safety / Information, Education and Communication(IEC) Materials on Child Road Safety / Senior School Information, Education and Communication(IEC) Materials / Child Road Safety / Teacher's Handbook Information, Education and Communication(IEC) Materials / Financial Literacy Learners’ Toolkit Teacher Resources Teacher Resources / Educational Resources Materials Development Teacher Resources / Educational Resources Materials Development / CRE Teacher Resources / Educational Resources Materials Development / English Teacher Resources / Educational Resources Materials Development / Environment Teacher Resources / Educational Resources Materials Development / Foundations Teacher Resources / Educational Resources Materials Development / H.R.E Teacher Resources / Educational Resources Materials Development / Hygiene and Nutrition Teacher Resources / Educational Resources Materials Development / I.R.E Teacher Resources / Educational Resources Materials Development / Kiswahili Teacher Resources / Educational Resources Materials Development / Language Activities Teacher Resources / Educational Resources Materials Development / Literacy Skills Teacher Resources / Educational Resources Materials Development / Mathematics Teacher Resources / Educational Resources Materials Development / Movements and Arts Teacher Resources / Pre-Primary Teacher Radio Programmes Teacher Resources / CBC Courses Teacher Resources / Special Needs Educations Teacher Resources / Interactive Digital Content for Teacher Education Teacher Resources / Interactive Digital Content for Teacher Education / English Teacher Resources / Interactive Digital Content for Teacher Education / Music Teacher Resources / Interactive Digital Content for Teacher Education / Christian Religious Education Teacher Resources / Interactive Digital Content for Teacher Education / Art and Craft Teacher Resources / Interactive Digital Content for Teacher Education / Indigenous Languages Teacher Resources / Interactive Digital Content for Teacher Education / Home science Teacher Resources / Interactive Digital Content for Teacher Education / Science and Technology Teacher Resources / Interactive Digital Content for Teacher Education / Islamic Religious Education Teacher Resources / Interactive Digital Content for Teacher Education / Mandarin Teacher Resources / Interactive Digital Content for Teacher Education / Agriculture Teacher Resources / Interactive Digital Content for Teacher Education / Mathematics Teacher Resources / Interactive Digital Content for Teacher Education / French Teacher Resources / Interactive Digital Content for Teacher Education / Hindu Religious Education Teacher Resources / Interactive Digital Content for Teacher Education / Social Studies Teacher Resources / Interactive Digital Content for Teacher Education / Kiswahili Teacher Resources / Interactive Digital Content for Teacher Education / Physical Education Teacher Resources / Interactive Digital Content for Teacher Education / Arabic Parental Resources Financial Literacy Financial Literacy / Financial Literacy for Junior School Financial Literacy / Financial Literacy for Junior School / Taxation Financial Literacy / Financial Literacy for Senior School Financial Literacy / Financial Literacy for Senior School / Taxation Search lessons Search Expand allInteractive Digital ContentEduchannel Tv LessonsRadio Lessons Ebooks Home Calendar Pre-primary Pre-Primary 1 Pre-Primary 2 Primary Grade 1 Grade 2 Grade 3 Grade 4 Grade 5 Grade 6 Secondary Grade 7 Grade 8 Form 1 Form 2 Form 3 Form 4 OER's SNE The Kenya Education Cloud (KEC) is a digital platform designed to enhance teaching and learning in Kenya by providing a wide range of digital educational resources. Serving as a centralized hub for e-learning, it promotes access to interactive content, supports modern pedagogical methods, and fosters collaboration among educators and learners. External Links Ministry of Education Kenya National Examinations Council Teachers Service Commission Kenya Kenya Institute of Special Education (KISE) ICT Authority TVET Authority Elimika Additional Resources Accessible Digital Textbook (ADT) Curriculum Reports Parental Resources Child Online Protection Guidelines Our Contacts Kenya Institute of Curriculum DevelopmentDesai Rd, Off Muranga Rd,Nairobi, Kenya. Telephone Contacts+254 729327331 +254 729327334 Email Addressinfo@kicd.ac.ke Kenya Education Cloud © 2024. All rights reserved. Privacy Policy Terms & Conditions (Login) Data retention summary","['mathematics', 'english', 'kiswahili', 'biology', 'chemistry', 'physics', 'geography', 'history', 'business', 'computer', 'agriculture', 'home_science', 'art', 'music', 'physical_education', 'religious_education']",form_1,cbc,[],2025-09-08T00:49:38.091863,unknown,secondary,,form_1,
https://www.linkedin.com/shareArticle?mini=true&url=https%3A%2F%2Foer.kec.ac.ke%2F&title=Main,Sign in,"Login to LinkedIn to keep in touch with people you know, share ideas, and build your career.","Sign in LinkedIn Login, Sign in | LinkedIn Sign in Sign in with Apple Sign in with a passkey or Email or phone Password Show Forgot password? Keep me logged in Sign in We’ve emailed a one-time link to your primary email address Click on the link to sign in instantly to your LinkedIn account. If you don’t see the email in your inbox, check your spam folder. Resend email Back New to LinkedIn? Join now Agree & Join LinkedIn By clicking Continue, you agree to LinkedIn’s User Agreement, Privacy Policy, and Cookie Policy. LinkedIn © 2025 User Agreement Privacy Policy Community Guidelines Cookie Policy Copyright Policy Send Feedback Language العربية (Arabic) বাংলা (Bangla) Čeština (Czech) Dansk (Danish) Deutsch (German) Ελληνικά (Greek) English (English) Español (Spanish) فارسی (Persian) Suomi (Finnish) Français (French) हिंदी (Hindi) Magyar (Hungarian) Bahasa Indonesia (Indonesian) Italiano (Italian) עברית (Hebrew) 日本語 (Japanese) 한국어 (Korean) मराठी (Marathi) Bahasa Malaysia (Malay) Nederlands (Dutch) Norsk (Norwegian) ਪੰਜਾਬੀ (Punjabi) Polski (Polish) Português (Portuguese) Română (Romanian) Русский (Russian) Svenska (Swedish) తెలుగు (Telugu) ภาษาไทย (Thai) Tagalog (Tagalog) Türkçe (Turkish) Українська (Ukrainian) Tiếng Việt (Vietnamese) 简体中文 (Chinese (Simplified)) 正體中文 (Chinese (Traditional))",['english'],unknown,unknown,[],2025-09-08T00:49:38.891634,unknown,,,,
https://lms.kec.ac.ke/course/index.php?categoryid=71,Educhannel Video Lessons,"Kenya Education Cloud is your ultimate digital learning hub, providing access to curated e-learning resources, educational tools, and innovative content for students, teachers, and institutions.","Educhannel Video Lessons Home Lessons Pre-Primary Educhannel Video Lessons Lesson categories: Pre-Primary Pre-Primary / Radio Lessons Pre-Primary / Educhannel Video Lessons Pre-Primary / Educhannel Video Lessons / Language Activities Pre-Primary / Educhannel Video Lessons / Mathematics Pre-Primary / Educhannel Video Lessons / Our School Pre-Primary / Educhannel Video Lessons / Picture Making Pre-Primary / Educhannel Video Lessons / Social Environment Pre-Primary / Educhannel Video Lessons / Pre-Primary 1 Pre-Primary / Educhannel Video Lessons / Pre-Primary 2 Pre-Primary / Interactive digital Content Pre-Primary / Ebooks Primary Education Primary Education / Grade 1 Primary Education / Grade 1 / Educhannel TV Lessons Primary Education / Grade 1 / Educhannel TV Lessons / English Primary Education / Grade 1 / Educhannel TV Lessons / Mathematics Primary Education / Grade 1 / Educhannel TV Lessons / Kiswahili Primary Education / Grade 1 / Educhannel TV Lessons / Kenya Sign Language(KSL) Primary Education / Grade 1 / Educhannel TV Lessons / Hygiene and nutrition Primary Education / Grade 1 / Educhannel TV Lessons / Environmental Activities Primary Education / Grade 1 / Interactive Digital Content Primary Education / Grade 1 / Radio Lessons Primary Education / Grade 1 / Radio Lessons / Mathematics Primary Education / Grade 1 / Radio Lessons / Mathematics / Grade 1 Term 2 Primary Education / Grade 1 / Radio Lessons / Mathematics / Grade 1 Term 3 Primary Education / Grade 1 / Radio Lessons / Kiswahili Primary Education / Grade 1 / Radio Lessons / Kiswahili / Grade 1 Term 2 Primary Education / Grade 1 / Radio Lessons / Kiswahili / Grade 1 Term 3 Primary Education / Grade 1 / Radio Lessons / English Primary Education / Grade 1 / Radio Lessons / English / Grade 1 Term 2 Primary Education / Grade 1 / Radio Lessons / English / Grade 1 Term 3 Primary Education / Grade 1 / Ebooks Primary Education / Grade 1 / Ebooks / Tusome readers Primary Education / Grade 1 / Ebooks / Indigenous Languages Primary Education / Grade 2 Primary Education / Grade 2 / Interactive Digital Content Primary Education / Grade 2 / Educhannel Tv Lessons Primary Education / Grade 2 / Educhannel Tv Lessons / Mathematics Primary Education / Grade 2 / Educhannel Tv Lessons / English Primary Education / Grade 2 / Radio Lessons Primary Education / Grade 2 / Radio Lessons / Mathematics Primary Education / Grade 2 / Radio Lessons / Mathematics / Grade 2 Term 2 Primary Education / Grade 2 / Radio Lessons / English Primary Education / Grade 2 / Radio Lessons / English / Grade 2 Term 2 Primary Education / Grade 2 / Radio Lessons / English / Grade 2 Term 3 Primary Education / Grade 2 / Radio Lessons / Kiswahili Primary Education / Grade 2 / Radio Lessons / Kiswahili / Grade 2 Term 3 Primary Education / Grade 2 / Hygiene and Nutrition Primary Education / Grade 2 / Hygiene and Nutrition / Grade 2 Term 2 Primary Education / Grade 2 / E-books Primary Education / Grade 2 / E-books / Tusome Readers Primary Education / Grade 3 Primary Education / Grade 3 / Radio Lessons Primary Education / Grade 3 / Radio Lessons / Mathematics Primary Education / Grade 3 / Radio Lessons / Mathematics / Grade 3 Term 2 Primary Education / Grade 3 / Radio Lessons / Mathematics / Grade 3 Term 3 Primary Education / Grade 3 / Radio Lessons / English Primary Education / Grade 3 / Radio Lessons / English / Grade 3 Term 2 Primary Education / Grade 3 / Radio Lessons / English / Grade 3 Term 3 Primary Education / Grade 3 / Radio Lessons / Environmental Activities Primary Education / Grade 3 / Radio Lessons / Environmental Activities / Grade 3 Term 2 Primary Education / Grade 3 / Radio Lessons / Kiswahili Primary Education / Grade 3 / Radio Lessons / Kiswahili / Grade 3 Term 3 Primary Education / Grade 3 / Educhannel TV Lessons Primary Education / Grade 3 / Educhannel TV Lessons / Mathematics Primary Education / Grade 3 / Educhannel TV Lessons / English Primary Education / Grade 3 / Educhannel TV Lessons / Kiswahili Primary Education / Grade 3 / Educhannel TV Lessons / Hygiene and Nutrition Primary Education / Grade 3 / Educhannel TV Lessons / Environmental Activities Primary Education / Grade 3 / Interactive Digital Content Primary Education / Grade 3 / EBooks Primary Education / Grade 3 / Tusome English Video Lessons Primary Education / Grade 3 / Tusome English Video Lessons / Tusome English Grade 3 Lessons Primary Education / Grade 4 Primary Education / Grade 4 / Educhannel Tv Lessons Primary Education / Grade 4 / Educhannel Tv Lessons / Home Science Primary Education / Grade 4 / Educhannel Tv Lessons / Agriculture Primary Education / Grade 4 / Educhannel Tv Lessons / Music Primary Education / Grade 4 / Educhannel Tv Lessons / Physical Education Primary Education / Grade 4 / Educhannel Tv Lessons / Art and Craft Primary Education / Grade 4 / Educhannel Tv Lessons / Kenya Sign Language Primary Education / Grade 4 / Educhannel Tv Lessons / Mathematics Primary Education / Grade 4 / Educhannel Tv Lessons / Science and Technology Primary Education / Grade 4 / Educhannel Tv Lessons / Social Studies Primary Education / Grade 4 / Educhannel Tv Lessons / English Primary Education / Grade 4 / Educhannel Tv Lessons / Kiswahili Primary Education / Grade 4 / Educhannel Tv Lessons / Environmental Activity Primary Education / Grade 4 / Radio lessons Primary Education / Grade 4 / Radio lessons / Social Studies Primary Education / Grade 4 / Radio lessons / Social Studies / Grade 4 Term 2 Primary Education / Grade 4 / Radio lessons / Social Studies / Grade 4 Term 3 Primary Education / Grade 4 / Radio lessons / CRE Primary Education / Grade 4 / Radio lessons / CRE / Grade 4 Term 2 Primary Education / Grade 4 / Radio lessons / English Primary Education / Grade 4 / Radio lessons / English / Grade 4 Term 2 Primary Education / Grade 4 / Radio lessons / English / Grade 4 Term 3 Primary Education / Grade 4 / Radio lessons / Hygiene and Nutrition Primary Education / Grade 4 / Radio lessons / Hygiene and Nutrition / Grade 4 Term 1 Primary Education / Grade 4 / Radio lessons / IRE Primary Education / Grade 4 / Radio lessons / IRE / Grade 4 Term 2 Primary Education / Grade 4 / Radio lessons / Science and Technology Primary Education / Grade 4 / Radio lessons / Science and Technology / Grade 4 Term 3 Primary Education / Grade 4 / Radio lessons / Agriculture Primary Education / Grade 4 / Radio lessons / Agriculture / Grade 4 Term 3 Primary Education / Grade 4 / Radio lessons / Mathematics Primary Education / Grade 4 / Radio lessons / Mathematics / Grade 4 Term 3 Primary Education / Grade 4 / SNE Primary Education / Grade 4 / Interactive Digital Content Primary Education / Grade 5 Primary Education / Grade 5 / Educhannel Tv Lessons Primary Education / Grade 5 / Educhannel Tv Lessons / English Primary Education / Grade 5 / Educhannel Tv Lessons / Kiswahili Primary Education / Grade 5 / Educhannel Tv Lessons / Mathematics Primary Education / Grade 5 / Radio Lessons Primary Education / Grade 5 / Radio Lessons / English Primary Education / Grade 5 / Radio Lessons / Science and Technology Primary Education / Grade 5 / Radio Lessons / Agriculture Primary Education / Grade 5 / Radio Lessons / Social studies Primary Education / Grade 5 / Radio Lessons / Christian Religious Education Primary Education / Grade 5 / Radio Lessons / Mathematics Primary Education / Grade 5 / Interactive Digital Content Primary Education / Grade 6 Primary Education / Grade 6 / Radio Lessons Primary Education / Grade 6 / Radio Lessons / CRE Primary Education / Grade 6 / Radio Lessons / Social Studies Primary Education / Grade 6 / Radio Lessons / Science Primary Education / Grade 6 / Radio Lessons / Kiswahili Primary Education / Grade 6 / Radio Lessons / English Primary Education / Grade 6 / Radio Lessons / Mathematics Primary Education / Grade 6 / Educhannel TV Lessons Primary Education / Grade 6 / Educhannel TV Lessons / Kiswahili Primary Education / Grade 6 / Educhannel TV Lessons / Agriculture Primary Education / Grade 6 / Educhannel TV Lessons / Art and Craft Primary Education / Grade 6 / Educhannel TV Lessons / English Primary Education / Grade 6 / Educhannel TV Lessons / Home Science Primary Education / Grade 6 / Educhannel TV Lessons / Music Primary Education / Grade 6 / Educhannel TV Lessons / Science and technology Primary Education / Grade 6 / Educhannel TV Lessons / Physical health education Primary Education / Grade 6 / Interactive Digital Content Junior School Junior School / Grade 8 Junior School / Grade 8 / Educhannel Tv Lessons Junior School / Grade 8 / Radio Lessons Junior School / Grade 8 / Interactive Digital Content Junior School / Grade 7 Junior School / Grade 7 / Educhannel TV lessons Junior School / Grade 7 / Radio Lessons Junior School / Grade 7 / Radio Lessons / Mathematics Junior School / Grade 7 / Radio Lessons / Kiswahili Junior School / Grade 7 / Radio Lessons / English Junior School / Grade 7 / Radio Lessons / Christian Religious Education Junior School / Grade 7 / Radio Lessons / Integrated Science Junior School / Grade 7 / Radio Lessons / Social Studies Junior School / Grade 7 / Radio Lessons / Pre-Technical Studies Junior School / Grade 7 / Interactive Digital Content Secondary Education Secondary Education / Form 1 Secondary Education / Form 1 / Interactive Digital Content Secondary Education / Form 1 / Educhannel Tv Lessons Secondary Education / Form 1 / Educhannel Tv Lessons / Mathematics Secondary Education / Form 1 / Educhannel Tv Lessons / English Secondary Education / Form 1 / Educhannel Tv Lessons / Physics Secondary Education / Form 1 / Educhannel Tv Lessons / Biology Secondary Education / Form 1 / Educhannel Tv Lessons / Chemistry Secondary Education / Form 1 / Educhannel Tv Lessons / Kiswahili Secondary Education / Form 1 / Educhannel Tv Lessons / History and Government Secondary Education / Form 1 / Educhannel Tv Lessons / Business Studies Secondary Education / Form 1 / Radio Lessons Secondary Education / Form 1 / Ebooks Secondary Education / Form 2 Secondary Education / Form 2 / Interactive Digital Content Secondary Education / Form 2 / Educhannel Tv Lessons Secondary Education / Form 2 / Educhannel Tv Lessons / Physics Secondary Education / Form 2 / Radio Lessons Secondary Education / Form 2 / Radio Lessons / Biology Secondary Education / Form 3 Secondary Education / Form 3 / Interactive Digital Content Secondary Education / Form 3 / Educhannel Tv Lessons Secondary Education / Form 3 / Educhannel Tv Lessons / Mathematics Secondary Education / Form 3 / Educhannel Tv Lessons / English Secondary Education / Form 3 / Educhannel Tv Lessons / Kiswahili Secondary Education / Form 3 / Educhannel Tv Lessons / Biology Secondary Education / Form 3 / Educhannel Tv Lessons / Chemistry Secondary Education / Form 3 / Educhannel Tv Lessons / Physics Secondary Education / Form 3 / Educhannel Tv Lessons / Business Studies Secondary Education / Form 3 / Educhannel Tv Lessons / History and Government Secondary Education / Form 3 / Radio Lessons Secondary Education / Form 4 Secondary Education / Form 4 / Interactive Digital Content Secondary Education / Form 4 / Educhannel Tv Lessons Secondary Education / Form 4 / Educhannel Tv Lessons / Form 4 Mathematics Secondary Education / Form 4 / Educhannel Tv Lessons / Form 4 English Secondary Education / Form 4 / Educhannel Tv Lessons / Form 4 Physics Secondary Education / Form 4 / Educhannel Tv Lessons / Form 4 Biology Secondary Education / Form 4 / Educhannel Tv Lessons / Form 4 Kiswahili Secondary Education / Form 4 / Educhannel Tv Lessons / Form 4 Chemistry Secondary Education / Form 4 / Educhannel Tv Lessons / Form 4 History and Government Secondary Education / Form 4 / Educhannel Tv Lessons / Form 4 Business Studies Secondary Education / Form 4 / Radio Lessons Secondary Education / Form 4 / Radio Lessons / Mathematics Secondary Education / Form 4 / Radio Lessons / Mathematics / Form 4 Term 1 Secondary Education / Form 4 / Radio Lessons / Mathematics / Form 4 Term 2 Secondary Education / Form 4 / Radio Lessons / Mathematics / Form 4 Term 3 General Knowledge General Knowledge / VOA Connect General Knowledge / Ask the expert General Knowledge / Citizenship and Democracy General Knowledge / Digital Story General Knowledge / Impacted Educhannel Lessons Educhannel Lessons / English Educhannel Lessons / English / Transport and travel Educhannel Lessons / English / Pronunciation skills Educhannel Lessons / English / Listening and speaking Educhannel Lessons / English / Family Educhannel Lessons / English / Environment Educhannel Lessons / English / Drug and Substance Educhannel Lessons / Agriculture Educhannel Lessons / Biology Educhannel Lessons / Biology / Living Things Educhannel Lessons / Biology / Secretion and homeostasis Educhannel Lessons / Biology / Support and movement Educhannel Lessons / Business Studies Educhannel Lessons / Chemistry Educhannel Lessons / Earth Movement and Volcanicity Educhannel Lessons / Environmental Activities Educhannel Lessons / Geograpghy Educhannel Lessons / History Educhannel Lessons / History / Kenyan History Educhannel Lessons / Homescience Educhannel Lessons / Homescience / Basic care clothing Educhannel Lessons / Kiswahili Educhannel Lessons / Kiswahili / Primary Educhannel Lessons / Kiswahili / Primary / Darasa 4-5 Educhannel Lessons / Kiswahili / Secondary Educhannel Lessons / Kiswahili / Secondary / Isimu Jamii Educhannel Lessons / Kiswahili / Secondary / Sarufi Educhannel Lessons / Mathematics Educhannel Lessons / Mathematics / Secondary Educhannel Lessons / Mathematics / Secondary / Commercial Arithmetics Educhannel Lessons / Mathematics / Primary Educhannel Lessons / Mathematics / Primary / Class 5-8 Educhannel Lessons / Mathematics / Primary / Class 5-8 / Practical uses of Money Educhannel Lessons / Mathematics / Primary / Class 5-8 / Measurement Educhannel Lessons / Organic Chemistry Educhannel Lessons / Performing Music Educhannel Lessons / Homescience Educhannel Lessons / Homescience / Basic care of clothing Educhannel Lessons / Art and Craft Educhannel Lessons / Physics Educhannel Lessons / Physics / Thermodynamics Educhannel Lessons / Physics / Mechanics Educhannel Lessons / Physics / Electricity and Magnetism Educhannel Lessons / The Doyen Exposition Educhannel Lessons / Science Educhannel Lessons / Science / Making work easier Educhannel Lessons / Science / Living Things Educhannel Lessons / Science / Energy conservation Educhannel Lessons / Physical and Health Education Educhannel Lessons / Physical and Health Education / Grade 1-4 Open Education Resourses(OERs) Open Education Resourses(OERs) / Movement and Creative Activities Open Education Resourses(OERs) / 	Religious Education Activities Open Education Resourses(OERs) / Mathematical Activities Open Education Resourses(OERs) / Environmental Activities Open Education Resourses(OERs) / Kiswahili Language Open Education Resourses(OERs) / LTK | Concordia University Open Education Resourses(OERs) / Hygiene and Nutrition Open Education Resourses(OERs) / ENGLISH LANGUAGE ACTIVITIES Open Education Resourses(OERs) / Casio Materials Open Education Resourses(OERs) / Health Education Open Education Resourses(OERs) / Carbon Literacy Special Needs Education Special Needs Education / Grade 1 Special Needs Education / Grade 1 / Adapted Interactive Digital Content for Hearing Impaired(HI) Special Needs Education / Grade 1 / Adapted Interactive Digital Content for Hearing Impaired(HI) / English Activities Special Needs Education / Grade 1 / Adapted Interactive Digital Content for Hearing Impaired(HI) / Environmental Activities Special Needs Education / Grade 1 / Adapted Interactive Digital Content for Hearing Impaired(HI) / Creative Activities Special Needs Education / Grade 1 / Adapted Interactive Digital Content for Visual Impaired(VI) Special Needs Education / Grade 2 Special Needs Education / Grade 2 / Adapted Interactive Digital Content for Hearing Impaired(HI) Special Needs Education / Grade 2 / Adapted Interactive Digital Content for Hearing Impaired(HI) / Mathematics Grade 2 Special Needs Education / Grade 2 / Adapted Interactive Digital Content for Hearing Impaired(HI) / Environmental Activities Grade 2 Special Needs Education / Grade 2 / Adapted Interactive Digital Content for Hearing Impaired(HI) / Hygiene and Nutrition Grade 2 Special Needs Education / Grade 2 / Adapted Interactive Digital Content for Hearing Impaired(HI) / Christian Religious Education Grade 2 (HI) Special Needs Education / Grade 2 / Adapted Interactive Digital Content for Hearing Impaired(HI) / Literacy Activities Grade2 (HI) Special Needs Education / Grade 2 / Adapted Interactive Digital Content for Hearing Impaired(HI) / English Activities Grad2 H.I Special Needs Education / Grade 2 / Adapted Interactive Digital Content for Hearing Impaired(HI) / Creative Activities Grade2 -H.I Special Needs Education / Grade 2 / Adapted Interactive Digital Content for Visual Impaired(VI) Special Needs Education / Grade 2 / Adapted Interactive Digital Content for Visual Impaired(VI) / Mathematics Special Needs Education / Grade 2 / Adapted Interactive Digital Content for Visual Impaired(VI) / Kiswahili Special Needs Education / Grade 2 / Adapted Interactive Digital Content for Visual Impaired(VI) / English Special Needs Education / Grade 2 / Adapted Interactive Digital Content for Visual Impaired(VI) / Creative Activities Special Needs Education / Grade 2 / Adapted Interactive Digital Content for Visual Impaired(VI) / CRE Special Needs Education / Grade 3 Special Needs Education / Grade 3 / Adapted Interactive Digital Content for Learners with Hearing Impairment (HI) Special Needs Education / Grade 3 / Adapted Interactive Digital Content for Learners with Hearing Impairment (HI) / Visual Arts Special Needs Education / Grade 3 / Adapted Interactive Digital Content for Learners with Hearing Impairment (HI) / English Special Needs Education / Grade 3 / Adapted Interactive Digital Content for Learners with Hearing Impairment (HI) / Hygiene and Nutrition Special Needs Education / Grade 3 / Adapted Interactive Digital Content for Learners with Hearing Impairment (HI) / Music Special Needs Education / Grade 3 / Adapted Interactive Digital Content for Learners with Hearing Impairment (HI) / Mathematics Special Needs Education / Grade 3 / Adapted Interactive Digital Content for Learners with Hearing Impairment (HI) / Environmental Special Needs Education / Grade 3 / Adapted Interactive Digital Content for Learners with Hearing Impairment (HI) / CRE Special Needs Education / Grade 3 / Adapted Interactive Digital Content for Learners with Visual Impairment (VI) Special Needs Education / Grade 3 / Adapted Interactive Digital Content for Learners with Visual Impairment (VI) / Music Special Needs Education / Grade 3 / Adapted Interactive Digital Content for Learners with Visual Impairment (VI) / Mathematics Special Needs Education / Grade 3 / Adapted Interactive Digital Content for Learners with Visual Impairment (VI) / Visual Arts Special Needs Education / Grade 3 / Adapted Interactive Digital Content for Learners with Visual Impairment (VI) / Kiswahili Special Needs Education / Grade 3 / Adapted Interactive Digital Content for Learners with Visual Impairment (VI) / Hygiene and Nutrition Special Needs Education / Grade 3 / Adapted Interactive Digital Content for Learners with Visual Impairment (VI) / Environmental Special Needs Education / Grade 3 / Adapted Interactive Digital Content for Learners with Visual Impairment (VI) / English Special Needs Education / Grade 3 / Adapted Interactive Digital Content for Learners with Visual Impairment (VI) / CRE Special Needs Education / Grade 4 Special Needs Education / Grade 4 / Adapted Interactive Digital Content for Learners with Hearing Impairment (HI) Special Needs Education / Grade 4 / Adapted Interactive Digital Content for Learners with Hearing Impairment (HI) / Mathematics Special Needs Education / Grade 4 / Adapted Interactive Digital Content for Learners with Hearing Impairment (HI) / English Special Needs Education / Grade 4 / Adapted Interactive Digital Content for Learners with Hearing Impairment (HI) / Science and Technology Special Needs Education / Grade 4 / Adapted Interactive Digital Content for Learners with Hearing Impairment (HI) / Agriculture Special Needs Education / Grade 4 / Adapted Interactive Digital Content for Learners with Hearing Impairment (HI) / Social Studies Special Needs Education / Grade 4 / Adapted Interactive Digital Content for Learners with Hearing Impairment (HI) / Home Science Special Needs Education / Grade 4 / Adapted Interactive Digital Content for Learners with Hearing Impairment (HI) / Art and Craft Special Needs Education / Grade 4 / Adapted Interactive Digital Content for Learners with Hearing Impairment (HI) / Music Special Needs Education / Grade 4 / Adapted Interactive Digital Content for Learners with Hearing Impairment (HI) / Christian Religious Education (CRE) Special Needs Education / Grade 4 / Adapted Interactive Digital Content for Learners with Visual Impairment (VI) Special Needs Education / Grade 4 / Adapted Interactive Digital Content for Learners with Visual Impairment (VI) / Mathematics Special Needs Education / Grade 4 / Adapted Interactive Digital Content for Learners with Visual Impairment (VI) / English Special Needs Education / Grade 4 / Adapted Interactive Digital Content for Learners with Visual Impairment (VI) / Kiswahili Special Needs Education / Grade 4 / Adapted Interactive Digital Content for Learners with Visual Impairment (VI) / Science and Technology Special Needs Education / Grade 4 / Adapted Interactive Digital Content for Learners with Visual Impairment (VI) / Agriculture Special Needs Education / Grade 4 / Adapted Interactive Digital Content for Learners with Visual Impairment (VI) / Social Studies Special Needs Education / Grade 4 / Adapted Interactive Digital Content for Learners with Visual Impairment (VI) / Home Science Special Needs Education / Grade 4 / Adapted Interactive Digital Content for Learners with Visual Impairment (VI) / Art and Craft Special Needs Education / Grade 4 / Adapted Interactive Digital Content for Learners with Visual Impairment (VI) / Christian Religious Education (CRE) Special Needs Education / Grade 4 / Adapted Interactive Digital Content for Learners with Visual Impairment (VI) / Music Special Needs Education / Grade 5 Special Needs Education / Grade 5 / Adapted Interactive Digital Content for Learners with Hearing Impairment (HI) Special Needs Education / Grade 5 / Adapted Interactive Digital Content for Learners with Hearing Impairment (HI) / English Special Needs Education / Grade 5 / Adapted Interactive Digital Content for Learners with Hearing Impairment (HI) / Christian Religious Education Special Needs Education / Grade 5 / Adapted Interactive Digital Content for Learners with Hearing Impairment (HI) / Social Studies Special Needs Education / Grade 5 / Adapted Interactive Digital Content for Learners with Hearing Impairment (HI) / Agriculture and Nutrition Special Needs Education / Grade 5 / Adapted Interactive Digital Content for Learners with Hearing Impairment (HI) / Creative Arts Special Needs Education / Grade 5 / Adapted Interactive Digital Content for Learners with Hearing Impairment (HI) / Mathematics Special Needs Education / Grade 5 / Adapted Interactive Digital Content for Learners with Hearing Impairment (HI) / Science and Technology Special Needs Education / Grade 5 / Adapted Interactive Digital Content for Learners with Hearing Impairment (HI) / Islamic Religious Education Special Needs Education / Grade 5 / Adapted Interactive Digital Content for Learners with Visual Impairment (VI) Special Needs Education / Grade 5 / Adapted Interactive Digital Content for Learners with Visual Impairment (VI) / Creative Arts Special Needs Education / Grade 5 / Adapted Interactive Digital Content for Learners with Visual Impairment (VI) / Social Studies Special Needs Education / Grade 5 / Adapted Interactive Digital Content for Learners with Visual Impairment (VI) / Kiswahili Special Needs Education / Grade 5 / Adapted Interactive Digital Content for Learners with Visual Impairment (VI) / Christian Religious Education Special Needs Education / Grade 5 / Adapted Interactive Digital Content for Learners with Visual Impairment (VI) / Science and Technology Special Needs Education / Grade 5 / Adapted Interactive Digital Content for Learners with Visual Impairment (VI) / Agriculture and Nutrition Special Needs Education / Grade 5 / Adapted Interactive Digital Content for Learners with Visual Impairment (VI) / Islamic Religious Education Special Needs Education / Grade 5 / Adapted Interactive Digital Content for Learners with Visual Impairment (VI) / Mathematics Special Needs Education / Grade 5 / Adapted Interactive Digital Content for Learners with Visual Impairment (VI) / English Special Needs Education / Grade 6 Special Needs Education / Grade 6 / Adapted Interactive Digital Content for Learners with Hearing Impairment (HI) Special Needs Education / Grade 6 / Adapted Interactive Digital Content for Learners with Hearing Impairment (HI) / Science and Technology Special Needs Education / Grade 6 / Adapted Interactive Digital Content for Learners with Hearing Impairment (HI) / Christian Religious Education Special Needs Education / Grade 6 / Adapted Interactive Digital Content for Learners with Hearing Impairment (HI) / Creative Arts Special Needs Education / Grade 6 / Adapted Interactive Digital Content for Learners with Hearing Impairment (HI) / Islamic Religious Education Special Needs Education / Grade 6 / Adapted Interactive Digital Content for Learners with Hearing Impairment (HI) / English Special Needs Education / Grade 6 / Adapted Interactive Digital Content for Learners with Hearing Impairment (HI) / Social Studies Special Needs Education / Grade 6 / Adapted Interactive Digital Content for Learners with Hearing Impairment (HI) / Agriculture Special Needs Education / Grade 6 / Adapted Interactive Digital Content for Learners with Hearing Impairment (HI) / Mathematics Special Needs Education / Grade 6 / Adapted Interactive Digital Content for Learners with Visual Impairment (VI) Special Needs Education / Grade 6 / Adapted Interactive Digital Content for Learners with Visual Impairment (VI) / Christian Religious Education Special Needs Education / Grade 6 / Adapted Interactive Digital Content for Learners with Visual Impairment (VI) / Kiswahili Special Needs Education / Grade 6 / Adapted Interactive Digital Content for Learners with Visual Impairment (VI) / English Special Needs Education / Grade 6 / Adapted Interactive Digital Content for Learners with Visual Impairment (VI) / Creative Arts Special Needs Education / Grade 6 / Adapted Interactive Digital Content for Learners with Visual Impairment (VI) / Mathematics Special Needs Education / Grade 6 / Adapted Interactive Digital Content for Learners with Visual Impairment (VI) / Science and Technology Special Needs Education / Grade 6 / Adapted Interactive Digital Content for Learners with Visual Impairment (VI) / Islamic Religious Education Special Needs Education / Grade 6 / Adapted Interactive Digital Content for Learners with Visual Impairment (VI) / Social Studies Special Needs Education / Grade 6 / Adapted Interactive Digital Content for Learners with Visual Impairment (VI) / Agriculture and Nutrition Special Needs Education / Ebooks Special Needs Education / Videos Special Needs Education / Foundational and Stage-Based Special Needs Education / Prevocational Level Special Needs Education / Prevocational Level / Music Special Needs Education / Prevocational Level / Hindu Religious Education Special Needs Education / Prevocational Level / Christian Religious Education Special Needs Education / Prevocational Level / Physical Education Special Needs Education / Prevocational Level / Islamic Religious Education Special Needs Education / Prevocational Level / Social Studies Special Needs Education / Prevocational Level / Prevocational Skills 1 Special Needs Education / Prevocational Level / Prevocational Skills 2 Special Needs Education / Prevocational Level / Prevocational Skills 3 Accessible Digital Textbooks Interactive Simulations for Sciences and Mathematics Interactive Simulations for Sciences and Mathematics / Physics Interactive Simulations for Sciences and Mathematics / Chemistry Interactive Simulations for Sciences and Mathematics / Mathematics Information, Education and Communication(IEC) Materials Information, Education and Communication(IEC) Materials / Child Online Safety Information, Education and Communication(IEC) Materials / Child Road Safety Information, Education and Communication(IEC) Materials / Child Road Safety / Integration Matrices Information, Education and Communication(IEC) Materials / Child Road Safety / Integration Matrices / Early Years Education Information, Education and Communication(IEC) Materials / Child Road Safety / Integration Matrices / Upper Primary Information, Education and Communication(IEC) Materials / Child Road Safety / Integration Matrices / Junior School Information, Education and Communication(IEC) Materials / Child Road Safety / Integration Matrices / Senior School Information, Education and Communication(IEC) Materials / Child Road Safety / Information, Education and Communication(IEC) Materials on Child Road Safety Information, Education and Communication(IEC) Materials / Child Road Safety / Information, Education and Communication(IEC) Materials on Child Road Safety / Early Years Education Information, Education and Communication(IEC) Materials / Child Road Safety / Information, Education and Communication(IEC) Materials on Child Road Safety / Upper Primary Information, Education and Communication(IEC) Materials / Child Road Safety / Information, Education and Communication(IEC) Materials on Child Road Safety / Junior School Information, Education and Communication(IEC) Materials / Child Road Safety / Information, Education and Communication(IEC) Materials on Child Road Safety / Senior School Information, Education and Communication(IEC) Materials / Child Road Safety / Teacher's Handbook Information, Education and Communication(IEC) Materials / Financial Literacy Learners’ Toolkit Teacher Resources Teacher Resources / Educational Resources Materials Development Teacher Resources / Educational Resources Materials Development / CRE Teacher Resources / Educational Resources Materials Development / English Teacher Resources / Educational Resources Materials Development / Environment Teacher Resources / Educational Resources Materials Development / Foundations Teacher Resources / Educational Resources Materials Development / H.R.E Teacher Resources / Educational Resources Materials Development / Hygiene and Nutrition Teacher Resources / Educational Resources Materials Development / I.R.E Teacher Resources / Educational Resources Materials Development / Kiswahili Teacher Resources / Educational Resources Materials Development / Language Activities Teacher Resources / Educational Resources Materials Development / Literacy Skills Teacher Resources / Educational Resources Materials Development / Mathematics Teacher Resources / Educational Resources Materials Development / Movements and Arts Teacher Resources / Pre-Primary Teacher Radio Programmes Teacher Resources / CBC Courses Teacher Resources / Special Needs Educations Teacher Resources / Interactive Digital Content for Teacher Education Teacher Resources / Interactive Digital Content for Teacher Education / English Teacher Resources / Interactive Digital Content for Teacher Education / Music Teacher Resources / Interactive Digital Content for Teacher Education / Christian Religious Education Teacher Resources / Interactive Digital Content for Teacher Education / Art and Craft Teacher Resources / Interactive Digital Content for Teacher Education / Indigenous Languages Teacher Resources / Interactive Digital Content for Teacher Education / Home science Teacher Resources / Interactive Digital Content for Teacher Education / Science and Technology Teacher Resources / Interactive Digital Content for Teacher Education / Islamic Religious Education Teacher Resources / Interactive Digital Content for Teacher Education / Mandarin Teacher Resources / Interactive Digital Content for Teacher Education / Agriculture Teacher Resources / Interactive Digital Content for Teacher Education / Mathematics Teacher Resources / Interactive Digital Content for Teacher Education / French Teacher Resources / Interactive Digital Content for Teacher Education / Hindu Religious Education Teacher Resources / Interactive Digital Content for Teacher Education / Social Studies Teacher Resources / Interactive Digital Content for Teacher Education / Kiswahili Teacher Resources / Interactive Digital Content for Teacher Education / Physical Education Teacher Resources / Interactive Digital Content for Teacher Education / Arabic Parental Resources Financial Literacy Financial Literacy / Financial Literacy for Junior School Financial Literacy / Financial Literacy for Junior School / Taxation Financial Literacy / Financial Literacy for Senior School Financial Literacy / Financial Literacy for Senior School / Taxation Search lessons Search Expand allLanguage ActivitiesMathematicsOur SchoolPicture MakingSocial EnvironmentPre-Primary 1Pre-Primary 2Pre-Primary Social ActivitiesPre-Primary Creative Arts ActivitiesPre-Premary Kibaoni Part 2Pre-Primary KibaoniPre-Primary Mathematics Language ActivitiesMathematicsOur SchoolPicture MakingSocial EnvironmentPre-Primary 1Pre-Primary 2Pre-Primary Social ActivitiesPre-Primary Creative Arts ActivitiesPre-Premary Kibaoni Part 2Pre-Primary KibaoniPre-Primary Mathematics Pre-Primary Social Activities Pre-Primary Creative Arts Activities Pre-Premary Kibaoni Part 2 Pre-Primary Kibaoni Pre-Primary Mathematics Digital Content | Kenya Education Cloud | Unlimited Learning Experiences Skip to main content (Login) Educhannel Video Lessons Home Lessons Pre-Primary Educhannel Video Lessons Lesson categories: Pre-Primary Pre-Primary / Radio Lessons Pre-Primary / Educhannel Video Lessons Pre-Primary / Educhannel Video Lessons / Language Activities Pre-Primary / Educhannel Video Lessons / Mathematics Pre-Primary / Educhannel Video Lessons / Our School Pre-Primary / Educhannel Video Lessons / Picture Making Pre-Primary / Educhannel Video Lessons / Social Environment Pre-Primary / Educhannel Video Lessons / Pre-Primary 1 Pre-Primary / Educhannel Video Lessons / Pre-Primary 2 Pre-Primary / Interactive digital Content Pre-Primary / Ebooks Primary Education Primary Education / Grade 1 Primary Education / Grade 1 / Educhannel TV Lessons Primary Education / Grade 1 / Educhannel TV Lessons / English Primary Education / Grade 1 / Educhannel TV Lessons / Mathematics Primary Education / Grade 1 / Educhannel TV Lessons / Kiswahili Primary Education / Grade 1 / Educhannel TV Lessons / Kenya Sign Language(KSL) Primary Education / Grade 1 / Educhannel TV Lessons / Hygiene and nutrition Primary Education / Grade 1 / Educhannel TV Lessons / Environmental Activities Primary Education / Grade 1 / Interactive Digital Content Primary Education / Grade 1 / Radio Lessons Primary Education / Grade 1 / Radio Lessons / Mathematics Primary Education / Grade 1 / Radio Lessons / Mathematics / Grade 1 Term 2 Primary Education / Grade 1 / Radio Lessons / Mathematics / Grade 1 Term 3 Primary Education / Grade 1 / Radio Lessons / Kiswahili Primary Education / Grade 1 / Radio Lessons / Kiswahili / Grade 1 Term 2 Primary Education / Grade 1 / Radio Lessons / Kiswahili / Grade 1 Term 3 Primary Education / Grade 1 / Radio Lessons / English Primary Education / Grade 1 / Radio Lessons / English / Grade 1 Term 2 Primary Education / Grade 1 / Radio Lessons / English / Grade 1 Term 3 Primary Education / Grade 1 / Ebooks Primary Education / Grade 1 / Ebooks / Tusome readers Primary Education / Grade 1 / Ebooks / Indigenous Languages Primary Education / Grade 2 Primary Education / Grade 2 / Interactive Digital Content Primary Education / Grade 2 / Educhannel Tv Lessons Primary Education / Grade 2 / Educhannel Tv Lessons / Mathematics Primary Education / Grade 2 / Educhannel Tv Lessons / English Primary Education / Grade 2 / Radio Lessons Primary Education / Grade 2 / Radio Lessons / Mathematics Primary Education / Grade 2 / Radio Lessons / Mathematics / Grade 2 Term 2 Primary Education / Grade 2 / Radio Lessons / English Primary Education / Grade 2 / Radio Lessons / English / Grade 2 Term 2 Primary Education / Grade 2 / Radio Lessons / English / Grade 2 Term 3 Primary Education / Grade 2 / Radio Lessons / Kiswahili Primary Education / Grade 2 / Radio Lessons / Kiswahili / Grade 2 Term 3 Primary Education / Grade 2 / Hygiene and Nutrition Primary Education / Grade 2 / Hygiene and Nutrition / Grade 2 Term 2 Primary Education / Grade 2 / E-books Primary Education / Grade 2 / E-books / Tusome Readers Primary Education / Grade 3 Primary Education / Grade 3 / Radio Lessons Primary Education / Grade 3 / Radio Lessons / Mathematics Primary Education / Grade 3 / Radio Lessons / Mathematics / Grade 3 Term 2 Primary Education / Grade 3 / Radio Lessons / Mathematics / Grade 3 Term 3 Primary Education / Grade 3 / Radio Lessons / English Primary Education / Grade 3 / Radio Lessons / English / Grade 3 Term 2 Primary Education / Grade 3 / Radio Lessons / English / Grade 3 Term 3 Primary Education / Grade 3 / Radio Lessons / Environmental Activities Primary Education / Grade 3 / Radio Lessons / Environmental Activities / Grade 3 Term 2 Primary Education / Grade 3 / Radio Lessons / Kiswahili Primary Education / Grade 3 / Radio Lessons / Kiswahili / Grade 3 Term 3 Primary Education / Grade 3 / Educhannel TV Lessons Primary Education / Grade 3 / Educhannel TV Lessons / Mathematics Primary Education / Grade 3 / Educhannel TV Lessons / English Primary Education / Grade 3 / Educhannel TV Lessons / Kiswahili Primary Education / Grade 3 / Educhannel TV Lessons / Hygiene and Nutrition Primary Education / Grade 3 / Educhannel TV Lessons / Environmental Activities Primary Education / Grade 3 / Interactive Digital Content Primary Education / Grade 3 / EBooks Primary Education / Grade 3 / Tusome English Video Lessons Primary Education / Grade 3 / Tusome English Video Lessons / Tusome English Grade 3 Lessons Primary Education / Grade 4 Primary Education / Grade 4 / Educhannel Tv Lessons Primary Education / Grade 4 / Educhannel Tv Lessons / Home Science Primary Education / Grade 4 / Educhannel Tv Lessons / Agriculture Primary Education / Grade 4 / Educhannel Tv Lessons / Music Primary Education / Grade 4 / Educhannel Tv Lessons / Physical Education Primary Education / Grade 4 / Educhannel Tv Lessons / Art and Craft Primary Education / Grade 4 / Educhannel Tv Lessons / Kenya Sign Language Primary Education / Grade 4 / Educhannel Tv Lessons / Mathematics Primary Education / Grade 4 / Educhannel Tv Lessons / Science and Technology Primary Education / Grade 4 / Educhannel Tv Lessons / Social Studies Primary Education / Grade 4 / Educhannel Tv Lessons / English Primary Education / Grade 4 / Educhannel Tv Lessons / Kiswahili Primary Education / Grade 4 / Educhannel Tv Lessons / Environmental Activity Primary Education / Grade 4 / Radio lessons Primary Education / Grade 4 / Radio lessons / Social Studies Primary Education / Grade 4 / Radio lessons / Social Studies / Grade 4 Term 2 Primary Education / Grade 4 / Radio lessons / Social Studies / Grade 4 Term 3 Primary Education / Grade 4 / Radio lessons / CRE Primary Education / Grade 4 / Radio lessons / CRE / Grade 4 Term 2 Primary Education / Grade 4 / Radio lessons / English Primary Education / Grade 4 / Radio lessons / English / Grade 4 Term 2 Primary Education / Grade 4 / Radio lessons / English / Grade 4 Term 3 Primary Education / Grade 4 / Radio lessons / Hygiene and Nutrition Primary Education / Grade 4 / Radio lessons / Hygiene and Nutrition / Grade 4 Term 1 Primary Education / Grade 4 / Radio lessons / IRE Primary Education / Grade 4 / Radio lessons / IRE / Grade 4 Term 2 Primary Education / Grade 4 / Radio lessons / Science and Technology Primary Education / Grade 4 / Radio lessons / Science and Technology / Grade 4 Term 3 Primary Education / Grade 4 / Radio lessons / Agriculture Primary Education / Grade 4 / Radio lessons / Agriculture / Grade 4 Term 3 Primary Education / Grade 4 / Radio lessons / Mathematics Primary Education / Grade 4 / Radio lessons / Mathematics / Grade 4 Term 3 Primary Education / Grade 4 / SNE Primary Education / Grade 4 / Interactive Digital Content Primary Education / Grade 5 Primary Education / Grade 5 / Educhannel Tv Lessons Primary Education / Grade 5 / Educhannel Tv Lessons / English Primary Education / Grade 5 / Educhannel Tv Lessons / Kiswahili Primary Education / Grade 5 / Educhannel Tv Lessons / Mathematics Primary Education / Grade 5 / Radio Lessons Primary Education / Grade 5 / Radio Lessons / English Primary Education / Grade 5 / Radio Lessons / Science and Technology Primary Education / Grade 5 / Radio Lessons / Agriculture Primary Education / Grade 5 / Radio Lessons / Social studies Primary Education / Grade 5 / Radio Lessons / Christian Religious Education Primary Education / Grade 5 / Radio Lessons / Mathematics Primary Education / Grade 5 / Interactive Digital Content Primary Education / Grade 6 Primary Education / Grade 6 / Radio Lessons Primary Education / Grade 6 / Radio Lessons / CRE Primary Education / Grade 6 / Radio Lessons / Social Studies Primary Education / Grade 6 / Radio Lessons / Science Primary Education / Grade 6 / Radio Lessons / Kiswahili Primary Education / Grade 6 / Radio Lessons / English Primary Education / Grade 6 / Radio Lessons / Mathematics Primary Education / Grade 6 / Educhannel TV Lessons Primary Education / Grade 6 / Educhannel TV Lessons / Kiswahili Primary Education / Grade 6 / Educhannel TV Lessons / Agriculture Primary Education / Grade 6 / Educhannel TV Lessons / Art and Craft Primary Education / Grade 6 / Educhannel TV Lessons / English Primary Education / Grade 6 / Educhannel TV Lessons / Home Science Primary Education / Grade 6 / Educhannel TV Lessons / Music Primary Education / Grade 6 / Educhannel TV Lessons / Science and technology Primary Education / Grade 6 / Educhannel TV Lessons / Physical health education Primary Education / Grade 6 / Interactive Digital Content Junior School Junior School / Grade 8 Junior School / Grade 8 / Educhannel Tv Lessons Junior School / Grade 8 / Radio Lessons Junior School / Grade 8 / Interactive Digital Content Junior School / Grade 7 Junior School / Grade 7 / Educhannel TV lessons Junior School / Grade 7 / Radio Lessons Junior School / Grade 7 / Radio Lessons / Mathematics Junior School / Grade 7 / Radio Lessons / Kiswahili Junior School / Grade 7 / Radio Lessons / English Junior School / Grade 7 / Radio Lessons / Christian Religious Education Junior School / Grade 7 / Radio Lessons / Integrated Science Junior School / Grade 7 / Radio Lessons / Social Studies Junior School / Grade 7 / Radio Lessons / Pre-Technical Studies Junior School / Grade 7 / Interactive Digital Content Secondary Education Secondary Education / Form 1 Secondary Education / Form 1 / Interactive Digital Content Secondary Education / Form 1 / Educhannel Tv Lessons Secondary Education / Form 1 / Educhannel Tv Lessons / Mathematics Secondary Education / Form 1 / Educhannel Tv Lessons / English Secondary Education / Form 1 / Educhannel Tv Lessons / Physics Secondary Education / Form 1 / Educhannel Tv Lessons / Biology Secondary Education / Form 1 / Educhannel Tv Lessons / Chemistry Secondary Education / Form 1 / Educhannel Tv Lessons / Kiswahili Secondary Education / Form 1 / Educhannel Tv Lessons / History and Government Secondary Education / Form 1 / Educhannel Tv Lessons / Business Studies Secondary Education / Form 1 / Radio Lessons Secondary Education / Form 1 / Ebooks Secondary Education / Form 2 Secondary Education / Form 2 / Interactive Digital Content Secondary Education / Form 2 / Educhannel Tv Lessons Secondary Education / Form 2 / Educhannel Tv Lessons / Physics Secondary Education / Form 2 / Radio Lessons Secondary Education / Form 2 / Radio Lessons / Biology Secondary Education / Form 3 Secondary Education / Form 3 / Interactive Digital Content Secondary Education / Form 3 / Educhannel Tv Lessons Secondary Education / Form 3 / Educhannel Tv Lessons / Mathematics Secondary Education / Form 3 / Educhannel Tv Lessons / English Secondary Education / Form 3 / Educhannel Tv Lessons / Kiswahili Secondary Education / Form 3 / Educhannel Tv Lessons / Biology Secondary Education / Form 3 / Educhannel Tv Lessons / Chemistry Secondary Education / Form 3 / Educhannel Tv Lessons / Physics Secondary Education / Form 3 / Educhannel Tv Lessons / Business Studies Secondary Education / Form 3 / Educhannel Tv Lessons / History and Government Secondary Education / Form 3 / Radio Lessons Secondary Education / Form 4 Secondary Education / Form 4 / Interactive Digital Content Secondary Education / Form 4 / Educhannel Tv Lessons Secondary Education / Form 4 / Educhannel Tv Lessons / Form 4 Mathematics Secondary Education / Form 4 / Educhannel Tv Lessons / Form 4 English Secondary Education / Form 4 / Educhannel Tv Lessons / Form 4 Physics Secondary Education / Form 4 / Educhannel Tv Lessons / Form 4 Biology Secondary Education / Form 4 / Educhannel Tv Lessons / Form 4 Kiswahili Secondary Education / Form 4 / Educhannel Tv Lessons / Form 4 Chemistry Secondary Education / Form 4 / Educhannel Tv Lessons / Form 4 History and Government Secondary Education / Form 4 / Educhannel Tv Lessons / Form 4 Business Studies Secondary Education / Form 4 / Radio Lessons Secondary Education / Form 4 / Radio Lessons / Mathematics Secondary Education / Form 4 / Radio Lessons / Mathematics / Form 4 Term 1 Secondary Education / Form 4 / Radio Lessons / Mathematics / Form 4 Term 2 Secondary Education / Form 4 / Radio Lessons / Mathematics / Form 4 Term 3 General Knowledge General Knowledge / VOA Connect General Knowledge / Ask the expert General Knowledge / Citizenship and Democracy General Knowledge / Digital Story General Knowledge / Impacted Educhannel Lessons Educhannel Lessons / English Educhannel Lessons / English / Transport and travel Educhannel Lessons / English / Pronunciation skills Educhannel Lessons / English / Listening and speaking Educhannel Lessons / English / Family Educhannel Lessons / English / Environment Educhannel Lessons / English / Drug and Substance Educhannel Lessons / Agriculture Educhannel Lessons / Biology Educhannel Lessons / Biology / Living Things Educhannel Lessons / Biology / Secretion and homeostasis Educhannel Lessons / Biology / Support and movement Educhannel Lessons / Business Studies Educhannel Lessons / Chemistry Educhannel Lessons / Earth Movement and Volcanicity Educhannel Lessons / Environmental Activities Educhannel Lessons / Geograpghy Educhannel Lessons / History Educhannel Lessons / History / Kenyan History Educhannel Lessons / Homescience Educhannel Lessons / Homescience / Basic care clothing Educhannel Lessons / Kiswahili Educhannel Lessons / Kiswahili / Primary Educhannel Lessons / Kiswahili / Primary / Darasa 4-5 Educhannel Lessons / Kiswahili / Secondary Educhannel Lessons / Kiswahili / Secondary / Isimu Jamii Educhannel Lessons / Kiswahili / Secondary / Sarufi Educhannel Lessons / Mathematics Educhannel Lessons / Mathematics / Secondary Educhannel Lessons / Mathematics / Secondary / Commercial Arithmetics Educhannel Lessons / Mathematics / Primary Educhannel Lessons / Mathematics / Primary / Class 5-8 Educhannel Lessons / Mathematics / Primary / Class 5-8 / Practical uses of Money Educhannel Lessons / Mathematics / Primary / Class 5-8 / Measurement Educhannel Lessons / Organic Chemistry Educhannel Lessons / Performing Music Educhannel Lessons / Homescience Educhannel Lessons / Homescience / Basic care of clothing Educhannel Lessons / Art and Craft Educhannel Lessons / Physics Educhannel Lessons / Physics / Thermodynamics Educhannel Lessons / Physics / Mechanics Educhannel Lessons / Physics / Electricity and Magnetism Educhannel Lessons / The Doyen Exposition Educhannel Lessons / Science Educhannel Lessons / Science / Making work easier Educhannel Lessons / Science / Living Things Educhannel Lessons / Science / Energy conservation Educhannel Lessons / Physical and Health Education Educhannel Lessons / Physical and Health Education / Grade 1-4 Open Education Resourses(OERs) Open Education Resourses(OERs) / Movement and Creative Activities Open Education Resourses(OERs) / 	Religious Education Activities Open Education Resourses(OERs) / Mathematical Activities Open Education Resourses(OERs) / Environmental Activities Open Education Resourses(OERs) / Kiswahili Language Open Education Resourses(OERs) / LTK | Concordia University Open Education Resourses(OERs) / Hygiene and Nutrition Open Education Resourses(OERs) / ENGLISH LANGUAGE ACTIVITIES Open Education Resourses(OERs) / Casio Materials Open Education Resourses(OERs) / Health Education Open Education Resourses(OERs) / Carbon Literacy Special Needs Education Special Needs Education / Grade 1 Special Needs Education / Grade 1 / Adapted Interactive Digital Content for Hearing Impaired(HI) Special Needs Education / Grade 1 / Adapted Interactive Digital Content for Hearing Impaired(HI) / English Activities Special Needs Education / Grade 1 / Adapted Interactive Digital Content for Hearing Impaired(HI) / Environmental Activities Special Needs Education / Grade 1 / Adapted Interactive Digital Content for Hearing Impaired(HI) / Creative Activities Special Needs Education / Grade 1 / Adapted Interactive Digital Content for Visual Impaired(VI) Special Needs Education / Grade 2 Special Needs Education / Grade 2 / Adapted Interactive Digital Content for Hearing Impaired(HI) Special Needs Education / Grade 2 / Adapted Interactive Digital Content for Hearing Impaired(HI) / Mathematics Grade 2 Special Needs Education / Grade 2 / Adapted Interactive Digital Content for Hearing Impaired(HI) / Environmental Activities Grade 2 Special Needs Education / Grade 2 / Adapted Interactive Digital Content for Hearing Impaired(HI) / Hygiene and Nutrition Grade 2 Special Needs Education / Grade 2 / Adapted Interactive Digital Content for Hearing Impaired(HI) / Christian Religious Education Grade 2 (HI) Special Needs Education / Grade 2 / Adapted Interactive Digital Content for Hearing Impaired(HI) / Literacy Activities Grade2 (HI) Special Needs Education / Grade 2 / Adapted Interactive Digital Content for Hearing Impaired(HI) / English Activities Grad2 H.I Special Needs Education / Grade 2 / Adapted Interactive Digital Content for Hearing Impaired(HI) / Creative Activities Grade2 -H.I Special Needs Education / Grade 2 / Adapted Interactive Digital Content for Visual Impaired(VI) Special Needs Education / Grade 2 / Adapted Interactive Digital Content for Visual Impaired(VI) / Mathematics Special Needs Education / Grade 2 / Adapted Interactive Digital Content for Visual Impaired(VI) / Kiswahili Special Needs Education / Grade 2 / Adapted Interactive Digital Content for Visual Impaired(VI) / English Special Needs Education / Grade 2 / Adapted Interactive Digital Content for Visual Impaired(VI) / Creative Activities Special Needs Education / Grade 2 / Adapted Interactive Digital Content for Visual Impaired(VI) / CRE Special Needs Education / Grade 3 Special Needs Education / Grade 3 / Adapted Interactive Digital Content for Learners with Hearing Impairment (HI) Special Needs Education / Grade 3 / Adapted Interactive Digital Content for Learners with Hearing Impairment (HI) / Visual Arts Special Needs Education / Grade 3 / Adapted Interactive Digital Content for Learners with Hearing Impairment (HI) / English Special Needs Education / Grade 3 / Adapted Interactive Digital Content for Learners with Hearing Impairment (HI) / Hygiene and Nutrition Special Needs Education / Grade 3 / Adapted Interactive Digital Content for Learners with Hearing Impairment (HI) / Music Special Needs Education / Grade 3 / Adapted Interactive Digital Content for Learners with Hearing Impairment (HI) / Mathematics Special Needs Education / Grade 3 / Adapted Interactive Digital Content for Learners with Hearing Impairment (HI) / Environmental Special Needs Education / Grade 3 / Adapted Interactive Digital Content for Learners with Hearing Impairment (HI) / CRE Special Needs Education / Grade 3 / Adapted Interactive Digital Content for Learners with Visual Impairment (VI) Special Needs Education / Grade 3 / Adapted Interactive Digital Content for Learners with Visual Impairment (VI) / Music Special Needs Education / Grade 3 / Adapted Interactive Digital Content for Learners with Visual Impairment (VI) / Mathematics Special Needs Education / Grade 3 / Adapted Interactive Digital Content for Learners with Visual Impairment (VI) / Visual Arts Special Needs Education / Grade 3 / Adapted Interactive Digital Content for Learners with Visual Impairment (VI) / Kiswahili Special Needs Education / Grade 3 / Adapted Interactive Digital Content for Learners with Visual Impairment (VI) / Hygiene and Nutrition Special Needs Education / Grade 3 / Adapted Interactive Digital Content for Learners with Visual Impairment (VI) / Environmental Special Needs Education / Grade 3 / Adapted Interactive Digital Content for Learners with Visual Impairment (VI) / English Special Needs Education / Grade 3 / Adapted Interactive Digital Content for Learners with Visual Impairment (VI) / CRE Special Needs Education / Grade 4 Special Needs Education / Grade 4 / Adapted Interactive Digital Content for Learners with Hearing Impairment (HI) Special Needs Education / Grade 4 / Adapted Interactive Digital Content for Learners with Hearing Impairment (HI) / Mathematics Special Needs Education / Grade 4 / Adapted Interactive Digital Content for Learners with Hearing Impairment (HI) / English Special Needs Education / Grade 4 / Adapted Interactive Digital Content for Learners with Hearing Impairment (HI) / Science and Technology Special Needs Education / Grade 4 / Adapted Interactive Digital Content for Learners with Hearing Impairment (HI) / Agriculture Special Needs Education / Grade 4 / Adapted Interactive Digital Content for Learners with Hearing Impairment (HI) / Social Studies Special Needs Education / Grade 4 / Adapted Interactive Digital Content for Learners with Hearing Impairment (HI) / Home Science Special Needs Education / Grade 4 / Adapted Interactive Digital Content for Learners with Hearing Impairment (HI) / Art and Craft Special Needs Education / Grade 4 / Adapted Interactive Digital Content for Learners with Hearing Impairment (HI) / Music Special Needs Education / Grade 4 / Adapted Interactive Digital Content for Learners with Hearing Impairment (HI) / Christian Religious Education (CRE) Special Needs Education / Grade 4 / Adapted Interactive Digital Content for Learners with Visual Impairment (VI) Special Needs Education / Grade 4 / Adapted Interactive Digital Content for Learners with Visual Impairment (VI) / Mathematics Special Needs Education / Grade 4 / Adapted Interactive Digital Content for Learners with Visual Impairment (VI) / English Special Needs Education / Grade 4 / Adapted Interactive Digital Content for Learners with Visual Impairment (VI) / Kiswahili Special Needs Education / Grade 4 / Adapted Interactive Digital Content for Learners with Visual Impairment (VI) / Science and Technology Special Needs Education / Grade 4 / Adapted Interactive Digital Content for Learners with Visual Impairment (VI) / Agriculture Special Needs Education / Grade 4 / Adapted Interactive Digital Content for Learners with Visual Impairment (VI) / Social Studies Special Needs Education / Grade 4 / Adapted Interactive Digital Content for Learners with Visual Impairment (VI) / Home Science Special Needs Education / Grade 4 / Adapted Interactive Digital Content for Learners with Visual Impairment (VI) / Art and Craft Special Needs Education / Grade 4 / Adapted Interactive Digital Content for Learners with Visual Impairment (VI) / Christian Religious Education (CRE) Special Needs Education / Grade 4 / Adapted Interactive Digital Content for Learners with Visual Impairment (VI) / Music Special Needs Education / Grade 5 Special Needs Education / Grade 5 / Adapted Interactive Digital Content for Learners with Hearing Impairment (HI) Special Needs Education / Grade 5 / Adapted Interactive Digital Content for Learners with Hearing Impairment (HI) / English Special Needs Education / Grade 5 / Adapted Interactive Digital Content for Learners with Hearing Impairment (HI) / Christian Religious Education Special Needs Education / Grade 5 / Adapted Interactive Digital Content for Learners with Hearing Impairment (HI) / Social Studies Special Needs Education / Grade 5 / Adapted Interactive Digital Content for Learners with Hearing Impairment (HI) / Agriculture and Nutrition Special Needs Education / Grade 5 / Adapted Interactive Digital Content for Learners with Hearing Impairment (HI) / Creative Arts Special Needs Education / Grade 5 / Adapted Interactive Digital Content for Learners with Hearing Impairment (HI) / Mathematics Special Needs Education / Grade 5 / Adapted Interactive Digital Content for Learners with Hearing Impairment (HI) / Science and Technology Special Needs Education / Grade 5 / Adapted Interactive Digital Content for Learners with Hearing Impairment (HI) / Islamic Religious Education Special Needs Education / Grade 5 / Adapted Interactive Digital Content for Learners with Visual Impairment (VI) Special Needs Education / Grade 5 / Adapted Interactive Digital Content for Learners with Visual Impairment (VI) / Creative Arts Special Needs Education / Grade 5 / Adapted Interactive Digital Content for Learners with Visual Impairment (VI) / Social Studies Special Needs Education / Grade 5 / Adapted Interactive Digital Content for Learners with Visual Impairment (VI) / Kiswahili Special Needs Education / Grade 5 / Adapted Interactive Digital Content for Learners with Visual Impairment (VI) / Christian Religious Education Special Needs Education / Grade 5 / Adapted Interactive Digital Content for Learners with Visual Impairment (VI) / Science and Technology Special Needs Education / Grade 5 / Adapted Interactive Digital Content for Learners with Visual Impairment (VI) / Agriculture and Nutrition Special Needs Education / Grade 5 / Adapted Interactive Digital Content for Learners with Visual Impairment (VI) / Islamic Religious Education Special Needs Education / Grade 5 / Adapted Interactive Digital Content for Learners with Visual Impairment (VI) / Mathematics Special Needs Education / Grade 5 / Adapted Interactive Digital Content for Learners with Visual Impairment (VI) / English Special Needs Education / Grade 6 Special Needs Education / Grade 6 / Adapted Interactive Digital Content for Learners with Hearing Impairment (HI) Special Needs Education / Grade 6 / Adapted Interactive Digital Content for Learners with Hearing Impairment (HI) / Science and Technology Special Needs Education / Grade 6 / Adapted Interactive Digital Content for Learners with Hearing Impairment (HI) / Christian Religious Education Special Needs Education / Grade 6 / Adapted Interactive Digital Content for Learners with Hearing Impairment (HI) / Creative Arts Special Needs Education / Grade 6 / Adapted Interactive Digital Content for Learners with Hearing Impairment (HI) / Islamic Religious Education Special Needs Education / Grade 6 / Adapted Interactive Digital Content for Learners with Hearing Impairment (HI) / English Special Needs Education / Grade 6 / Adapted Interactive Digital Content for Learners with Hearing Impairment (HI) / Social Studies Special Needs Education / Grade 6 / Adapted Interactive Digital Content for Learners with Hearing Impairment (HI) / Agriculture Special Needs Education / Grade 6 / Adapted Interactive Digital Content for Learners with Hearing Impairment (HI) / Mathematics Special Needs Education / Grade 6 / Adapted Interactive Digital Content for Learners with Visual Impairment (VI) Special Needs Education / Grade 6 / Adapted Interactive Digital Content for Learners with Visual Impairment (VI) / Christian Religious Education Special Needs Education / Grade 6 / Adapted Interactive Digital Content for Learners with Visual Impairment (VI) / Kiswahili Special Needs Education / Grade 6 / Adapted Interactive Digital Content for Learners with Visual Impairment (VI) / English Special Needs Education / Grade 6 / Adapted Interactive Digital Content for Learners with Visual Impairment (VI) / Creative Arts Special Needs Education / Grade 6 / Adapted Interactive Digital Content for Learners with Visual Impairment (VI) / Mathematics Special Needs Education / Grade 6 / Adapted Interactive Digital Content for Learners with Visual Impairment (VI) / Science and Technology Special Needs Education / Grade 6 / Adapted Interactive Digital Content for Learners with Visual Impairment (VI) / Islamic Religious Education Special Needs Education / Grade 6 / Adapted Interactive Digital Content for Learners with Visual Impairment (VI) / Social Studies Special Needs Education / Grade 6 / Adapted Interactive Digital Content for Learners with Visual Impairment (VI) / Agriculture and Nutrition Special Needs Education / Ebooks Special Needs Education / Videos Special Needs Education / Foundational and Stage-Based Special Needs Education / Prevocational Level Special Needs Education / Prevocational Level / Music Special Needs Education / Prevocational Level / Hindu Religious Education Special Needs Education / Prevocational Level / Christian Religious Education Special Needs Education / Prevocational Level / Physical Education Special Needs Education / Prevocational Level / Islamic Religious Education Special Needs Education / Prevocational Level / Social Studies Special Needs Education / Prevocational Level / Prevocational Skills 1 Special Needs Education / Prevocational Level / Prevocational Skills 2 Special Needs Education / Prevocational Level / Prevocational Skills 3 Accessible Digital Textbooks Interactive Simulations for Sciences and Mathematics Interactive Simulations for Sciences and Mathematics / Physics Interactive Simulations for Sciences and Mathematics / Chemistry Interactive Simulations for Sciences and Mathematics / Mathematics Information, Education and Communication(IEC) Materials Information, Education and Communication(IEC) Materials / Child Online Safety Information, Education and Communication(IEC) Materials / Child Road Safety Information, Education and Communication(IEC) Materials / Child Road Safety / Integration Matrices Information, Education and Communication(IEC) Materials / Child Road Safety / Integration Matrices / Early Years Education Information, Education and Communication(IEC) Materials / Child Road Safety / Integration Matrices / Upper Primary Information, Education and Communication(IEC) Materials / Child Road Safety / Integration Matrices / Junior School Information, Education and Communication(IEC) Materials / Child Road Safety / Integration Matrices / Senior School Information, Education and Communication(IEC) Materials / Child Road Safety / Information, Education and Communication(IEC) Materials on Child Road Safety Information, Education and Communication(IEC) Materials / Child Road Safety / Information, Education and Communication(IEC) Materials on Child Road Safety / Early Years Education Information, Education and Communication(IEC) Materials / Child Road Safety / Information, Education and Communication(IEC) Materials on Child Road Safety / Upper Primary Information, Education and Communication(IEC) Materials / Child Road Safety / Information, Education and Communication(IEC) Materials on Child Road Safety / Junior School Information, Education and Communication(IEC) Materials / Child Road Safety / Information, Education and Communication(IEC) Materials on Child Road Safety / Senior School Information, Education and Communication(IEC) Materials / Child Road Safety / Teacher's Handbook Information, Education and Communication(IEC) Materials / Financial Literacy Learners’ Toolkit Teacher Resources Teacher Resources / Educational Resources Materials Development Teacher Resources / Educational Resources Materials Development / CRE Teacher Resources / Educational Resources Materials Development / English Teacher Resources / Educational Resources Materials Development / Environment Teacher Resources / Educational Resources Materials Development / Foundations Teacher Resources / Educational Resources Materials Development / H.R.E Teacher Resources / Educational Resources Materials Development / Hygiene and Nutrition Teacher Resources / Educational Resources Materials Development / I.R.E Teacher Resources / Educational Resources Materials Development / Kiswahili Teacher Resources / Educational Resources Materials Development / Language Activities Teacher Resources / Educational Resources Materials Development / Literacy Skills Teacher Resources / Educational Resources Materials Development / Mathematics Teacher Resources / Educational Resources Materials Development / Movements and Arts Teacher Resources / Pre-Primary Teacher Radio Programmes Teacher Resources / CBC Courses Teacher Resources / Special Needs Educations Teacher Resources / Interactive Digital Content for Teacher Education Teacher Resources / Interactive Digital Content for Teacher Education / English Teacher Resources / Interactive Digital Content for Teacher Education / Music Teacher Resources / Interactive Digital Content for Teacher Education / Christian Religious Education Teacher Resources / Interactive Digital Content for Teacher Education / Art and Craft Teacher Resources / Interactive Digital Content for Teacher Education / Indigenous Languages Teacher Resources / Interactive Digital Content for Teacher Education / Home science Teacher Resources / Interactive Digital Content for Teacher Education / Science and Technology Teacher Resources / Interactive Digital Content for Teacher Education / Islamic Religious Education Teacher Resources / Interactive Digital Content for Teacher Education / Mandarin Teacher Resources / Interactive Digital Content for Teacher Education / Agriculture Teacher Resources / Interactive Digital Content for Teacher Education / Mathematics Teacher Resources / Interactive Digital Content for Teacher Education / French Teacher Resources / Interactive Digital Content for Teacher Education / Hindu Religious Education Teacher Resources / Interactive Digital Content for Teacher Education / Social Studies Teacher Resources / Interactive Digital Content for Teacher Education / Kiswahili Teacher Resources / Interactive Digital Content for Teacher Education / Physical Education Teacher Resources / Interactive Digital Content for Teacher Education / Arabic Parental Resources Financial Literacy Financial Literacy / Financial Literacy for Junior School Financial Literacy / Financial Literacy for Junior School / Taxation Financial Literacy / Financial Literacy for Senior School Financial Literacy / Financial Literacy for Senior School / Taxation Search lessons Search Expand allLanguage ActivitiesMathematicsOur SchoolPicture MakingSocial EnvironmentPre-Primary 1Pre-Primary 2Pre-Primary Social ActivitiesPre-Primary Creative Arts ActivitiesPre-Premary Kibaoni Part 2Pre-Primary KibaoniPre-Primary Mathematics Home Calendar Pre-primary Pre-Primary 1 Pre-Primary 2 Primary Grade 1 Grade 2 Grade 3 Grade 4 Grade 5 Grade 6 Secondary Grade 7 Grade 8 Form 1 Form 2 Form 3 Form 4 OER's SNE The Kenya Education Cloud (KEC) is a digital platform designed to enhance teaching and learning in Kenya by providing a wide range of digital educational resources. Serving as a centralized hub for e-learning, it promotes access to interactive content, supports modern pedagogical methods, and fosters collaboration among educators and learners. External Links Ministry of Education Kenya National Examinations Council Teachers Service Commission Kenya Kenya Institute of Special Education (KISE) ICT Authority TVET Authority Elimika Additional Resources Accessible Digital Textbook (ADT) Curriculum Reports Parental Resources Child Online Protection Guidelines Our Contacts Kenya Institute of Curriculum DevelopmentDesai Rd, Off Muranga Rd,Nairobi, Kenya. Telephone Contacts+254 729327331 +254 729327334 Email Addressinfo@kicd.ac.ke Kenya Education Cloud © 2024. All rights reserved. Privacy Policy Terms & Conditions (Login) Data retention summary","['mathematics', 'english', 'kiswahili', 'biology', 'chemistry', 'physics', 'geography', 'history', 'business', 'computer', 'agriculture', 'home_science', 'art', 'music', 'physical_education', 'religious_education']",form_1,cbc,[],2025-09-08T00:49:38.977915,unknown,,,,
https://elimika.kec.ac.ke/course/view.php?id=12,Elimika Platform | Kenya Education Cloud | Unlimited Learning Experinces,"Elimika is an online teacher training platform , offering Competency Based Curriculum (CBC)-aligned courses developed by the Kenya Institute of Curriculum Development (KICD). Learn anytime, anywhere and enhance your skills in ICT integration, assessment, pedagogy, and professional teaching under Kenya’s Competency Based Curriculum.",Vir volle toegang tot die blad moet jy eerste 'n profiel skep. Elimika Slaan oor om 'n nuwe profiel te skep Sign In Gebruikersnaam / e-posadres Wagwoord Onthou gebruikersnaam Forgot Password? Teken in No Account? Skep 'n nuwe profiel Teken in met die gebruik van jou rekening by: Microsoft Google Slaan oor om 'n nuwe profiel te skep Sign In Gebruikersnaam / e-posadres Wagwoord Onthou gebruikersnaam Forgot Password? Teken in No Account? Skep 'n nuwe profiel Teken in met die gebruik van jou rekening by: Microsoft Google Sign In Gebruikersnaam / e-posadres Wagwoord Onthou gebruikersnaam Forgot Password? Teken in No Account? Skep 'n nuwe profiel Teken in met die gebruik van jou rekening by: Microsoft Google Elimika Platform | Kenya Education Cloud | Unlimited Learning Experinces Slaan oor na hoof inhoud Vir volle toegang tot die blad moet jy eerste 'n profiel skep. Elimika Slaan oor om 'n nuwe profiel te skep Sign In Gebruikersnaam / e-posadres Wagwoord Onthou gebruikersnaam Forgot Password? Teken in No Account? Skep 'n nuwe profiel Teken in met die gebruik van jou rekening by: Microsoft Google Jy is nie in geteken nie. Tuisblad,[],unknown,unknown,[],2025-09-08T00:49:40.061901,unknown,,,,
https://elimika.kec.ac.ke/course/view.php?id=4,Elimika Platform | Kenya Education Cloud | Unlimited Learning Experinces,"Elimika is an online teacher training platform , offering Competency Based Curriculum (CBC)-aligned courses developed by the Kenya Institute of Curriculum Development (KICD). Learn anytime, anywhere and enhance your skills in ICT integration, assessment, pedagogy, and professional teaching under Kenya’s Competency Based Curriculum.",Vir volle toegang tot die blad moet jy eerste 'n profiel skep. Elimika Slaan oor om 'n nuwe profiel te skep Sign In Gebruikersnaam / e-posadres Wagwoord Onthou gebruikersnaam Forgot Password? Teken in No Account? Skep 'n nuwe profiel Teken in met die gebruik van jou rekening by: Microsoft Google Slaan oor om 'n nuwe profiel te skep Sign In Gebruikersnaam / e-posadres Wagwoord Onthou gebruikersnaam Forgot Password? Teken in No Account? Skep 'n nuwe profiel Teken in met die gebruik van jou rekening by: Microsoft Google Sign In Gebruikersnaam / e-posadres Wagwoord Onthou gebruikersnaam Forgot Password? Teken in No Account? Skep 'n nuwe profiel Teken in met die gebruik van jou rekening by: Microsoft Google Elimika Platform | Kenya Education Cloud | Unlimited Learning Experinces Slaan oor na hoof inhoud Vir volle toegang tot die blad moet jy eerste 'n profiel skep. Elimika Slaan oor om 'n nuwe profiel te skep Sign In Gebruikersnaam / e-posadres Wagwoord Onthou gebruikersnaam Forgot Password? Teken in No Account? Skep 'n nuwe profiel Teken in met die gebruik van jou rekening by: Microsoft Google Jy is nie in geteken nie. Tuisblad,[],unknown,unknown,[],2025-09-08T00:49:40.819655,unknown,,,,
https://elimika.kec.ac.ke/?lang=en,Elimika Platform | Kenya Education Cloud | Unlimited Learning Experinces,Elimika,"Elimika Platform | Kenya Education Cloud | Unlimited Learning Experinces Elimika home_app_logoSide panel English ‎(en)‎ Afrikaans ‎(af)‎ English ‎(en)‎ Search Close Search Toggle search input Log in Username Password Remember username Forgot Password? Log in Alternatively, you can Log in to the Elimika platform using your account on: Sign up Home frontpageloaded Search Site announcements Courses Skip to main content The Kenya Education Cloud (KEC) is a digital platform designed to enhance teaching and learning in Kenya by providing a wide range of digital educational resources. Serving as a centralized hub for e-learning, it promotes access to interactive content, supports modern pedagogical methods, and fosters collaboration among educators and learners. Follow Us External Links Ministry of Education Kenya National Examinations Council Teachers Service Commission Kenya Kenya Institute of Special Education (KISE) ICT Authority TVET Authority Follow Us External Links Additional Resources Accessible Digital Textbook (ADT) Curriculum Reports OrangeBook - List of Approved materials Child Online Protection Guidelines Parental Resources Follow Us Additional Resources Our Contacts Kenya Institute of Curriculum DevelopmentDesai Rd, Off Muranga Rd,Nairobi, Kenya.Telephone Contacts+254 729327331+254 729327334Email Addressinfo@kicd.ac.ke Follow Us Our Contacts English ‎(en)‎ Afrikaans ‎(af)‎ English ‎(en)‎ Kenya Institute of Curriculum Development Elimika © 2025. All rights reserved. Terms & Conditions Privacy Policy You are not logged in. (Log in)","['english', 'computer', 'art']",unknown,unknown,[],2025-09-08T00:49:41.375693,unknown,,,,
https://orangebook.kec.ac.ke/#main-content,Search | Verify,,"KICD Portal | FAQ info@kicd.ac.ke Orange Book - Any -Approved BooksApproved Digital contentPublisher Advanced search About This digital system has/contains a comprehensive list of course books, Digital material and other instructional materials which have been approved by the Ministry of Education(MoE). Schools are expected to select all their books from this Approved List and ensure that they examine all the recommended books before making their choices. External Links Ministry of Education Kenya National Examinations Council Teachers Service Commission Kenya Kenya Institute of Special Education (KISE) ICT Authority TVET Authority Elimika CBC Conference Our Contacts Kenya Institute of Curriculum Development Desai Rd, Off Muranga Rd, Nairobi, Kenya. Telephone Contacts +254 20 3749900-9 +254 20 3749900-3 +254 729 327 334 +254 787 883 311 Email Address info@kicd.ac.ke - Any -Approved BooksApproved Digital contentPublisher Advanced search - Any -Approved BooksApproved Digital contentPublisher Advanced search - Any -Approved BooksApproved Digital contentPublisher About This digital system has/contains a comprehensive list of course books, Digital material and other instructional materials which have been approved by the Ministry of Education(MoE). Schools are expected to select all their books from this Approved List and ensure that they examine all the recommended books before making their choices. External Links Ministry of Education Kenya National Examinations Council Teachers Service Commission Kenya Kenya Institute of Special Education (KISE) ICT Authority TVET Authority Elimika CBC Conference Our Contacts Kenya Institute of Curriculum Development Desai Rd, Off Muranga Rd, Nairobi, Kenya. Telephone Contacts +254 20 3749900-9 +254 20 3749900-3 +254 729 327 334 +254 787 883 311 Email Address info@kicd.ac.ke About This digital system has/contains a comprehensive list of course books, Digital material and other instructional materials which have been approved by the Ministry of Education(MoE). Schools are expected to select all their books from this Approved List and ensure that they examine all the recommended books before making their choices. External Links Ministry of Education Kenya National Examinations Council Teachers Service Commission Kenya Kenya Institute of Special Education (KISE) ICT Authority TVET Authority Elimika CBC Conference Our Contacts Kenya Institute of Curriculum Development Desai Rd, Off Muranga Rd, Nairobi, Kenya. Telephone Contacts +254 20 3749900-9 +254 20 3749900-3 +254 729 327 334 +254 787 883 311 Email Address info@kicd.ac.ke Search | Verify Skip to main content KICD Portal | FAQ info@kicd.ac.ke Orange Book - Any -Approved BooksApproved Digital contentPublisher Advanced search About This digital system has/contains a comprehensive list of course books, Digital material and other instructional materials which have been approved by the Ministry of Education(MoE). Schools are expected to select all their books from this Approved List and ensure that they examine all the recommended books before making their choices. External Links Ministry of Education Kenya National Examinations Council Teachers Service Commission Kenya Kenya Institute of Special Education (KISE) ICT Authority TVET Authority Elimika CBC Conference Our Contacts Kenya Institute of Curriculum Development Desai Rd, Off Muranga Rd, Nairobi, Kenya. Telephone Contacts +254 20 3749900-9 +254 20 3749900-3 +254 729 327 334 +254 787 883 311 Email Address info@kicd.ac.ke",['computer'],unknown,cbc,[],2025-09-08T00:49:42.251793,unknown,,,,
https://lms.kec.ac.ke/course/index.php?categoryid=151,Grade  6,"Kenya Education Cloud is your ultimate digital learning hub, providing access to curated e-learning resources, educational tools, and innovative content for students, teachers, and institutions.","Grade 6 Home Lessons Primary Education Grade 6 Lesson categories: Pre-Primary Pre-Primary / Radio Lessons Pre-Primary / Educhannel Video Lessons Pre-Primary / Educhannel Video Lessons / Language Activities Pre-Primary / Educhannel Video Lessons / Mathematics Pre-Primary / Educhannel Video Lessons / Our School Pre-Primary / Educhannel Video Lessons / Picture Making Pre-Primary / Educhannel Video Lessons / Social Environment Pre-Primary / Educhannel Video Lessons / Pre-Primary 1 Pre-Primary / Educhannel Video Lessons / Pre-Primary 2 Pre-Primary / Interactive digital Content Pre-Primary / Ebooks Primary Education Primary Education / Grade 1 Primary Education / Grade 1 / Educhannel TV Lessons Primary Education / Grade 1 / Educhannel TV Lessons / English Primary Education / Grade 1 / Educhannel TV Lessons / Mathematics Primary Education / Grade 1 / Educhannel TV Lessons / Kiswahili Primary Education / Grade 1 / Educhannel TV Lessons / Kenya Sign Language(KSL) Primary Education / Grade 1 / Educhannel TV Lessons / Hygiene and nutrition Primary Education / Grade 1 / Educhannel TV Lessons / Environmental Activities Primary Education / Grade 1 / Interactive Digital Content Primary Education / Grade 1 / Radio Lessons Primary Education / Grade 1 / Radio Lessons / Mathematics Primary Education / Grade 1 / Radio Lessons / Mathematics / Grade 1 Term 2 Primary Education / Grade 1 / Radio Lessons / Mathematics / Grade 1 Term 3 Primary Education / Grade 1 / Radio Lessons / Kiswahili Primary Education / Grade 1 / Radio Lessons / Kiswahili / Grade 1 Term 2 Primary Education / Grade 1 / Radio Lessons / Kiswahili / Grade 1 Term 3 Primary Education / Grade 1 / Radio Lessons / English Primary Education / Grade 1 / Radio Lessons / English / Grade 1 Term 2 Primary Education / Grade 1 / Radio Lessons / English / Grade 1 Term 3 Primary Education / Grade 1 / Ebooks Primary Education / Grade 1 / Ebooks / Tusome readers Primary Education / Grade 1 / Ebooks / Indigenous Languages Primary Education / Grade 2 Primary Education / Grade 2 / Interactive Digital Content Primary Education / Grade 2 / Educhannel Tv Lessons Primary Education / Grade 2 / Educhannel Tv Lessons / Mathematics Primary Education / Grade 2 / Educhannel Tv Lessons / English Primary Education / Grade 2 / Radio Lessons Primary Education / Grade 2 / Radio Lessons / Mathematics Primary Education / Grade 2 / Radio Lessons / Mathematics / Grade 2 Term 2 Primary Education / Grade 2 / Radio Lessons / English Primary Education / Grade 2 / Radio Lessons / English / Grade 2 Term 2 Primary Education / Grade 2 / Radio Lessons / English / Grade 2 Term 3 Primary Education / Grade 2 / Radio Lessons / Kiswahili Primary Education / Grade 2 / Radio Lessons / Kiswahili / Grade 2 Term 3 Primary Education / Grade 2 / Hygiene and Nutrition Primary Education / Grade 2 / Hygiene and Nutrition / Grade 2 Term 2 Primary Education / Grade 2 / E-books Primary Education / Grade 2 / E-books / Tusome Readers Primary Education / Grade 3 Primary Education / Grade 3 / Radio Lessons Primary Education / Grade 3 / Radio Lessons / Mathematics Primary Education / Grade 3 / Radio Lessons / Mathematics / Grade 3 Term 2 Primary Education / Grade 3 / Radio Lessons / Mathematics / Grade 3 Term 3 Primary Education / Grade 3 / Radio Lessons / English Primary Education / Grade 3 / Radio Lessons / English / Grade 3 Term 2 Primary Education / Grade 3 / Radio Lessons / English / Grade 3 Term 3 Primary Education / Grade 3 / Radio Lessons / Environmental Activities Primary Education / Grade 3 / Radio Lessons / Environmental Activities / Grade 3 Term 2 Primary Education / Grade 3 / Radio Lessons / Kiswahili Primary Education / Grade 3 / Radio Lessons / Kiswahili / Grade 3 Term 3 Primary Education / Grade 3 / Educhannel TV Lessons Primary Education / Grade 3 / Educhannel TV Lessons / Mathematics Primary Education / Grade 3 / Educhannel TV Lessons / English Primary Education / Grade 3 / Educhannel TV Lessons / Kiswahili Primary Education / Grade 3 / Educhannel TV Lessons / Hygiene and Nutrition Primary Education / Grade 3 / Educhannel TV Lessons / Environmental Activities Primary Education / Grade 3 / Interactive Digital Content Primary Education / Grade 3 / EBooks Primary Education / Grade 3 / Tusome English Video Lessons Primary Education / Grade 3 / Tusome English Video Lessons / Tusome English Grade 3 Lessons Primary Education / Grade 4 Primary Education / Grade 4 / Educhannel Tv Lessons Primary Education / Grade 4 / Educhannel Tv Lessons / Home Science Primary Education / Grade 4 / Educhannel Tv Lessons / Agriculture Primary Education / Grade 4 / Educhannel Tv Lessons / Music Primary Education / Grade 4 / Educhannel Tv Lessons / Physical Education Primary Education / Grade 4 / Educhannel Tv Lessons / Art and Craft Primary Education / Grade 4 / Educhannel Tv Lessons / Kenya Sign Language Primary Education / Grade 4 / Educhannel Tv Lessons / Mathematics Primary Education / Grade 4 / Educhannel Tv Lessons / Science and Technology Primary Education / Grade 4 / Educhannel Tv Lessons / Social Studies Primary Education / Grade 4 / Educhannel Tv Lessons / English Primary Education / Grade 4 / Educhannel Tv Lessons / Kiswahili Primary Education / Grade 4 / Educhannel Tv Lessons / Environmental Activity Primary Education / Grade 4 / Radio lessons Primary Education / Grade 4 / Radio lessons / Social Studies Primary Education / Grade 4 / Radio lessons / Social Studies / Grade 4 Term 2 Primary Education / Grade 4 / Radio lessons / Social Studies / Grade 4 Term 3 Primary Education / Grade 4 / Radio lessons / CRE Primary Education / Grade 4 / Radio lessons / CRE / Grade 4 Term 2 Primary Education / Grade 4 / Radio lessons / English Primary Education / Grade 4 / Radio lessons / English / Grade 4 Term 2 Primary Education / Grade 4 / Radio lessons / English / Grade 4 Term 3 Primary Education / Grade 4 / Radio lessons / Hygiene and Nutrition Primary Education / Grade 4 / Radio lessons / Hygiene and Nutrition / Grade 4 Term 1 Primary Education / Grade 4 / Radio lessons / IRE Primary Education / Grade 4 / Radio lessons / IRE / Grade 4 Term 2 Primary Education / Grade 4 / Radio lessons / Science and Technology Primary Education / Grade 4 / Radio lessons / Science and Technology / Grade 4 Term 3 Primary Education / Grade 4 / Radio lessons / Agriculture Primary Education / Grade 4 / Radio lessons / Agriculture / Grade 4 Term 3 Primary Education / Grade 4 / Radio lessons / Mathematics Primary Education / Grade 4 / Radio lessons / Mathematics / Grade 4 Term 3 Primary Education / Grade 4 / SNE Primary Education / Grade 4 / Interactive Digital Content Primary Education / Grade 5 Primary Education / Grade 5 / Educhannel Tv Lessons Primary Education / Grade 5 / Educhannel Tv Lessons / English Primary Education / Grade 5 / Educhannel Tv Lessons / Kiswahili Primary Education / Grade 5 / Educhannel Tv Lessons / Mathematics Primary Education / Grade 5 / Radio Lessons Primary Education / Grade 5 / Radio Lessons / English Primary Education / Grade 5 / Radio Lessons / Science and Technology Primary Education / Grade 5 / Radio Lessons / Agriculture Primary Education / Grade 5 / Radio Lessons / Social studies Primary Education / Grade 5 / Radio Lessons / Christian Religious Education Primary Education / Grade 5 / Radio Lessons / Mathematics Primary Education / Grade 5 / Interactive Digital Content Primary Education / Grade 6 Primary Education / Grade 6 / Radio Lessons Primary Education / Grade 6 / Radio Lessons / CRE Primary Education / Grade 6 / Radio Lessons / Social Studies Primary Education / Grade 6 / Radio Lessons / Science Primary Education / Grade 6 / Radio Lessons / Kiswahili Primary Education / Grade 6 / Radio Lessons / English Primary Education / Grade 6 / Radio Lessons / Mathematics Primary Education / Grade 6 / Educhannel TV Lessons Primary Education / Grade 6 / Educhannel TV Lessons / Kiswahili Primary Education / Grade 6 / Educhannel TV Lessons / Agriculture Primary Education / Grade 6 / Educhannel TV Lessons / Art and Craft Primary Education / Grade 6 / Educhannel TV Lessons / English Primary Education / Grade 6 / Educhannel TV Lessons / Home Science Primary Education / Grade 6 / Educhannel TV Lessons / Music Primary Education / Grade 6 / Educhannel TV Lessons / Science and technology Primary Education / Grade 6 / Educhannel TV Lessons / Physical health education Primary Education / Grade 6 / Interactive Digital Content Junior School Junior School / Grade 8 Junior School / Grade 8 / Educhannel Tv Lessons Junior School / Grade 8 / Radio Lessons Junior School / Grade 8 / Interactive Digital Content Junior School / Grade 7 Junior School / Grade 7 / Educhannel TV lessons Junior School / Grade 7 / Radio Lessons Junior School / Grade 7 / Radio Lessons / Mathematics Junior School / Grade 7 / Radio Lessons / Kiswahili Junior School / Grade 7 / Radio Lessons / English Junior School / Grade 7 / Radio Lessons / Christian Religious Education Junior School / Grade 7 / Radio Lessons / Integrated Science Junior School / Grade 7 / Radio Lessons / Social Studies Junior School / Grade 7 / Radio Lessons / Pre-Technical Studies Junior School / Grade 7 / Interactive Digital Content Secondary Education Secondary Education / Form 1 Secondary Education / Form 1 / Interactive Digital Content Secondary Education / Form 1 / Educhannel Tv Lessons Secondary Education / Form 1 / Educhannel Tv Lessons / Mathematics Secondary Education / Form 1 / Educhannel Tv Lessons / English Secondary Education / Form 1 / Educhannel Tv Lessons / Physics Secondary Education / Form 1 / Educhannel Tv Lessons / Biology Secondary Education / Form 1 / Educhannel Tv Lessons / Chemistry Secondary Education / Form 1 / Educhannel Tv Lessons / Kiswahili Secondary Education / Form 1 / Educhannel Tv Lessons / History and Government Secondary Education / Form 1 / Educhannel Tv Lessons / Business Studies Secondary Education / Form 1 / Radio Lessons Secondary Education / Form 1 / Ebooks Secondary Education / Form 2 Secondary Education / Form 2 / Interactive Digital Content Secondary Education / Form 2 / Educhannel Tv Lessons Secondary Education / Form 2 / Educhannel Tv Lessons / Physics Secondary Education / Form 2 / Radio Lessons Secondary Education / Form 2 / Radio Lessons / Biology Secondary Education / Form 3 Secondary Education / Form 3 / Interactive Digital Content Secondary Education / Form 3 / Educhannel Tv Lessons Secondary Education / Form 3 / Educhannel Tv Lessons / Mathematics Secondary Education / Form 3 / Educhannel Tv Lessons / English Secondary Education / Form 3 / Educhannel Tv Lessons / Kiswahili Secondary Education / Form 3 / Educhannel Tv Lessons / Biology Secondary Education / Form 3 / Educhannel Tv Lessons / Chemistry Secondary Education / Form 3 / Educhannel Tv Lessons / Physics Secondary Education / Form 3 / Educhannel Tv Lessons / Business Studies Secondary Education / Form 3 / Educhannel Tv Lessons / History and Government Secondary Education / Form 3 / Radio Lessons Secondary Education / Form 4 Secondary Education / Form 4 / Interactive Digital Content Secondary Education / Form 4 / Educhannel Tv Lessons Secondary Education / Form 4 / Educhannel Tv Lessons / Form 4 Mathematics Secondary Education / Form 4 / Educhannel Tv Lessons / Form 4 English Secondary Education / Form 4 / Educhannel Tv Lessons / Form 4 Physics Secondary Education / Form 4 / Educhannel Tv Lessons / Form 4 Biology Secondary Education / Form 4 / Educhannel Tv Lessons / Form 4 Kiswahili Secondary Education / Form 4 / Educhannel Tv Lessons / Form 4 Chemistry Secondary Education / Form 4 / Educhannel Tv Lessons / Form 4 History and Government Secondary Education / Form 4 / Educhannel Tv Lessons / Form 4 Business Studies Secondary Education / Form 4 / Radio Lessons Secondary Education / Form 4 / Radio Lessons / Mathematics Secondary Education / Form 4 / Radio Lessons / Mathematics / Form 4 Term 1 Secondary Education / Form 4 / Radio Lessons / Mathematics / Form 4 Term 2 Secondary Education / Form 4 / Radio Lessons / Mathematics / Form 4 Term 3 General Knowledge General Knowledge / VOA Connect General Knowledge / Ask the expert General Knowledge / Citizenship and Democracy General Knowledge / Digital Story General Knowledge / Impacted Educhannel Lessons Educhannel Lessons / English Educhannel Lessons / English / Transport and travel Educhannel Lessons / English / Pronunciation skills Educhannel Lessons / English / Listening and speaking Educhannel Lessons / English / Family Educhannel Lessons / English / Environment Educhannel Lessons / English / Drug and Substance Educhannel Lessons / Agriculture Educhannel Lessons / Biology Educhannel Lessons / Biology / Living Things Educhannel Lessons / Biology / Secretion and homeostasis Educhannel Lessons / Biology / Support and movement Educhannel Lessons / Business Studies Educhannel Lessons / Chemistry Educhannel Lessons / Earth Movement and Volcanicity Educhannel Lessons / Environmental Activities Educhannel Lessons / Geograpghy Educhannel Lessons / History Educhannel Lessons / History / Kenyan History Educhannel Lessons / Homescience Educhannel Lessons / Homescience / Basic care clothing Educhannel Lessons / Kiswahili Educhannel Lessons / Kiswahili / Primary Educhannel Lessons / Kiswahili / Primary / Darasa 4-5 Educhannel Lessons / Kiswahili / Secondary Educhannel Lessons / Kiswahili / Secondary / Isimu Jamii Educhannel Lessons / Kiswahili / Secondary / Sarufi Educhannel Lessons / Mathematics Educhannel Lessons / Mathematics / Secondary Educhannel Lessons / Mathematics / Secondary / Commercial Arithmetics Educhannel Lessons / Mathematics / Primary Educhannel Lessons / Mathematics / Primary / Class 5-8 Educhannel Lessons / Mathematics / Primary / Class 5-8 / Practical uses of Money Educhannel Lessons / Mathematics / Primary / Class 5-8 / Measurement Educhannel Lessons / Organic Chemistry Educhannel Lessons / Performing Music Educhannel Lessons / Homescience Educhannel Lessons / Homescience / Basic care of clothing Educhannel Lessons / Art and Craft Educhannel Lessons / Physics Educhannel Lessons / Physics / Thermodynamics Educhannel Lessons / Physics / Mechanics Educhannel Lessons / Physics / Electricity and Magnetism Educhannel Lessons / The Doyen Exposition Educhannel Lessons / Science Educhannel Lessons / Science / Making work easier Educhannel Lessons / Science / Living Things Educhannel Lessons / Science / Energy conservation Educhannel Lessons / Physical and Health Education Educhannel Lessons / Physical and Health Education / Grade 1-4 Open Education Resourses(OERs) Open Education Resourses(OERs) / Movement and Creative Activities Open Education Resourses(OERs) / 	Religious Education Activities Open Education Resourses(OERs) / Mathematical Activities Open Education Resourses(OERs) / Environmental Activities Open Education Resourses(OERs) / Kiswahili Language Open Education Resourses(OERs) / LTK | Concordia University Open Education Resourses(OERs) / Hygiene and Nutrition Open Education Resourses(OERs) / ENGLISH LANGUAGE ACTIVITIES Open Education Resourses(OERs) / Casio Materials Open Education Resourses(OERs) / Health Education Open Education Resourses(OERs) / Carbon Literacy Special Needs Education Special Needs Education / Grade 1 Special Needs Education / Grade 1 / Adapted Interactive Digital Content for Hearing Impaired(HI) Special Needs Education / Grade 1 / Adapted Interactive Digital Content for Hearing Impaired(HI) / English Activities Special Needs Education / Grade 1 / Adapted Interactive Digital Content for Hearing Impaired(HI) / Environmental Activities Special Needs Education / Grade 1 / Adapted Interactive Digital Content for Hearing Impaired(HI) / Creative Activities Special Needs Education / Grade 1 / Adapted Interactive Digital Content for Visual Impaired(VI) Special Needs Education / Grade 2 Special Needs Education / Grade 2 / Adapted Interactive Digital Content for Hearing Impaired(HI) Special Needs Education / Grade 2 / Adapted Interactive Digital Content for Hearing Impaired(HI) / Mathematics Grade 2 Special Needs Education / Grade 2 / Adapted Interactive Digital Content for Hearing Impaired(HI) / Environmental Activities Grade 2 Special Needs Education / Grade 2 / Adapted Interactive Digital Content for Hearing Impaired(HI) / Hygiene and Nutrition Grade 2 Special Needs Education / Grade 2 / Adapted Interactive Digital Content for Hearing Impaired(HI) / Christian Religious Education Grade 2 (HI) Special Needs Education / Grade 2 / Adapted Interactive Digital Content for Hearing Impaired(HI) / Literacy Activities Grade2 (HI) Special Needs Education / Grade 2 / Adapted Interactive Digital Content for Hearing Impaired(HI) / English Activities Grad2 H.I Special Needs Education / Grade 2 / Adapted Interactive Digital Content for Hearing Impaired(HI) / Creative Activities Grade2 -H.I Special Needs Education / Grade 2 / Adapted Interactive Digital Content for Visual Impaired(VI) Special Needs Education / Grade 2 / Adapted Interactive Digital Content for Visual Impaired(VI) / Mathematics Special Needs Education / Grade 2 / Adapted Interactive Digital Content for Visual Impaired(VI) / Kiswahili Special Needs Education / Grade 2 / Adapted Interactive Digital Content for Visual Impaired(VI) / English Special Needs Education / Grade 2 / Adapted Interactive Digital Content for Visual Impaired(VI) / Creative Activities Special Needs Education / Grade 2 / Adapted Interactive Digital Content for Visual Impaired(VI) / CRE Special Needs Education / Grade 3 Special Needs Education / Grade 3 / Adapted Interactive Digital Content for Learners with Hearing Impairment (HI) Special Needs Education / Grade 3 / Adapted Interactive Digital Content for Learners with Hearing Impairment (HI) / Visual Arts Special Needs Education / Grade 3 / Adapted Interactive Digital Content for Learners with Hearing Impairment (HI) / English Special Needs Education / Grade 3 / Adapted Interactive Digital Content for Learners with Hearing Impairment (HI) / Hygiene and Nutrition Special Needs Education / Grade 3 / Adapted Interactive Digital Content for Learners with Hearing Impairment (HI) / Music Special Needs Education / Grade 3 / Adapted Interactive Digital Content for Learners with Hearing Impairment (HI) / Mathematics Special Needs Education / Grade 3 / Adapted Interactive Digital Content for Learners with Hearing Impairment (HI) / Environmental Special Needs Education / Grade 3 / Adapted Interactive Digital Content for Learners with Hearing Impairment (HI) / CRE Special Needs Education / Grade 3 / Adapted Interactive Digital Content for Learners with Visual Impairment (VI) Special Needs Education / Grade 3 / Adapted Interactive Digital Content for Learners with Visual Impairment (VI) / Music Special Needs Education / Grade 3 / Adapted Interactive Digital Content for Learners with Visual Impairment (VI) / Mathematics Special Needs Education / Grade 3 / Adapted Interactive Digital Content for Learners with Visual Impairment (VI) / Visual Arts Special Needs Education / Grade 3 / Adapted Interactive Digital Content for Learners with Visual Impairment (VI) / Kiswahili Special Needs Education / Grade 3 / Adapted Interactive Digital Content for Learners with Visual Impairment (VI) / Hygiene and Nutrition Special Needs Education / Grade 3 / Adapted Interactive Digital Content for Learners with Visual Impairment (VI) / Environmental Special Needs Education / Grade 3 / Adapted Interactive Digital Content for Learners with Visual Impairment (VI) / English Special Needs Education / Grade 3 / Adapted Interactive Digital Content for Learners with Visual Impairment (VI) / CRE Special Needs Education / Grade 4 Special Needs Education / Grade 4 / Adapted Interactive Digital Content for Learners with Hearing Impairment (HI) Special Needs Education / Grade 4 / Adapted Interactive Digital Content for Learners with Hearing Impairment (HI) / Mathematics Special Needs Education / Grade 4 / Adapted Interactive Digital Content for Learners with Hearing Impairment (HI) / English Special Needs Education / Grade 4 / Adapted Interactive Digital Content for Learners with Hearing Impairment (HI) / Science and Technology Special Needs Education / Grade 4 / Adapted Interactive Digital Content for Learners with Hearing Impairment (HI) / Agriculture Special Needs Education / Grade 4 / Adapted Interactive Digital Content for Learners with Hearing Impairment (HI) / Social Studies Special Needs Education / Grade 4 / Adapted Interactive Digital Content for Learners with Hearing Impairment (HI) / Home Science Special Needs Education / Grade 4 / Adapted Interactive Digital Content for Learners with Hearing Impairment (HI) / Art and Craft Special Needs Education / Grade 4 / Adapted Interactive Digital Content for Learners with Hearing Impairment (HI) / Music Special Needs Education / Grade 4 / Adapted Interactive Digital Content for Learners with Hearing Impairment (HI) / Christian Religious Education (CRE) Special Needs Education / Grade 4 / Adapted Interactive Digital Content for Learners with Visual Impairment (VI) Special Needs Education / Grade 4 / Adapted Interactive Digital Content for Learners with Visual Impairment (VI) / Mathematics Special Needs Education / Grade 4 / Adapted Interactive Digital Content for Learners with Visual Impairment (VI) / English Special Needs Education / Grade 4 / Adapted Interactive Digital Content for Learners with Visual Impairment (VI) / Kiswahili Special Needs Education / Grade 4 / Adapted Interactive Digital Content for Learners with Visual Impairment (VI) / Science and Technology Special Needs Education / Grade 4 / Adapted Interactive Digital Content for Learners with Visual Impairment (VI) / Agriculture Special Needs Education / Grade 4 / Adapted Interactive Digital Content for Learners with Visual Impairment (VI) / Social Studies Special Needs Education / Grade 4 / Adapted Interactive Digital Content for Learners with Visual Impairment (VI) / Home Science Special Needs Education / Grade 4 / Adapted Interactive Digital Content for Learners with Visual Impairment (VI) / Art and Craft Special Needs Education / Grade 4 / Adapted Interactive Digital Content for Learners with Visual Impairment (VI) / Christian Religious Education (CRE) Special Needs Education / Grade 4 / Adapted Interactive Digital Content for Learners with Visual Impairment (VI) / Music Special Needs Education / Grade 5 Special Needs Education / Grade 5 / Adapted Interactive Digital Content for Learners with Hearing Impairment (HI) Special Needs Education / Grade 5 / Adapted Interactive Digital Content for Learners with Hearing Impairment (HI) / English Special Needs Education / Grade 5 / Adapted Interactive Digital Content for Learners with Hearing Impairment (HI) / Christian Religious Education Special Needs Education / Grade 5 / Adapted Interactive Digital Content for Learners with Hearing Impairment (HI) / Social Studies Special Needs Education / Grade 5 / Adapted Interactive Digital Content for Learners with Hearing Impairment (HI) / Agriculture and Nutrition Special Needs Education / Grade 5 / Adapted Interactive Digital Content for Learners with Hearing Impairment (HI) / Creative Arts Special Needs Education / Grade 5 / Adapted Interactive Digital Content for Learners with Hearing Impairment (HI) / Mathematics Special Needs Education / Grade 5 / Adapted Interactive Digital Content for Learners with Hearing Impairment (HI) / Science and Technology Special Needs Education / Grade 5 / Adapted Interactive Digital Content for Learners with Hearing Impairment (HI) / Islamic Religious Education Special Needs Education / Grade 5 / Adapted Interactive Digital Content for Learners with Visual Impairment (VI) Special Needs Education / Grade 5 / Adapted Interactive Digital Content for Learners with Visual Impairment (VI) / Creative Arts Special Needs Education / Grade 5 / Adapted Interactive Digital Content for Learners with Visual Impairment (VI) / Social Studies Special Needs Education / Grade 5 / Adapted Interactive Digital Content for Learners with Visual Impairment (VI) / Kiswahili Special Needs Education / Grade 5 / Adapted Interactive Digital Content for Learners with Visual Impairment (VI) / Christian Religious Education Special Needs Education / Grade 5 / Adapted Interactive Digital Content for Learners with Visual Impairment (VI) / Science and Technology Special Needs Education / Grade 5 / Adapted Interactive Digital Content for Learners with Visual Impairment (VI) / Agriculture and Nutrition Special Needs Education / Grade 5 / Adapted Interactive Digital Content for Learners with Visual Impairment (VI) / Islamic Religious Education Special Needs Education / Grade 5 / Adapted Interactive Digital Content for Learners with Visual Impairment (VI) / Mathematics Special Needs Education / Grade 5 / Adapted Interactive Digital Content for Learners with Visual Impairment (VI) / English Special Needs Education / Grade 6 Special Needs Education / Grade 6 / Adapted Interactive Digital Content for Learners with Hearing Impairment (HI) Special Needs Education / Grade 6 / Adapted Interactive Digital Content for Learners with Hearing Impairment (HI) / Science and Technology Special Needs Education / Grade 6 / Adapted Interactive Digital Content for Learners with Hearing Impairment (HI) / Christian Religious Education Special Needs Education / Grade 6 / Adapted Interactive Digital Content for Learners with Hearing Impairment (HI) / Creative Arts Special Needs Education / Grade 6 / Adapted Interactive Digital Content for Learners with Hearing Impairment (HI) / Islamic Religious Education Special Needs Education / Grade 6 / Adapted Interactive Digital Content for Learners with Hearing Impairment (HI) / English Special Needs Education / Grade 6 / Adapted Interactive Digital Content for Learners with Hearing Impairment (HI) / Social Studies Special Needs Education / Grade 6 / Adapted Interactive Digital Content for Learners with Hearing Impairment (HI) / Agriculture Special Needs Education / Grade 6 / Adapted Interactive Digital Content for Learners with Hearing Impairment (HI) / Mathematics Special Needs Education / Grade 6 / Adapted Interactive Digital Content for Learners with Visual Impairment (VI) Special Needs Education / Grade 6 / Adapted Interactive Digital Content for Learners with Visual Impairment (VI) / Christian Religious Education Special Needs Education / Grade 6 / Adapted Interactive Digital Content for Learners with Visual Impairment (VI) / Kiswahili Special Needs Education / Grade 6 / Adapted Interactive Digital Content for Learners with Visual Impairment (VI) / English Special Needs Education / Grade 6 / Adapted Interactive Digital Content for Learners with Visual Impairment (VI) / Creative Arts Special Needs Education / Grade 6 / Adapted Interactive Digital Content for Learners with Visual Impairment (VI) / Mathematics Special Needs Education / Grade 6 / Adapted Interactive Digital Content for Learners with Visual Impairment (VI) / Science and Technology Special Needs Education / Grade 6 / Adapted Interactive Digital Content for Learners with Visual Impairment (VI) / Islamic Religious Education Special Needs Education / Grade 6 / Adapted Interactive Digital Content for Learners with Visual Impairment (VI) / Social Studies Special Needs Education / Grade 6 / Adapted Interactive Digital Content for Learners with Visual Impairment (VI) / Agriculture and Nutrition Special Needs Education / Ebooks Special Needs Education / Videos Special Needs Education / Foundational and Stage-Based Special Needs Education / Prevocational Level Special Needs Education / Prevocational Level / Music Special Needs Education / Prevocational Level / Hindu Religious Education Special Needs Education / Prevocational Level / Christian Religious Education Special Needs Education / Prevocational Level / Physical Education Special Needs Education / Prevocational Level / Islamic Religious Education Special Needs Education / Prevocational Level / Social Studies Special Needs Education / Prevocational Level / Prevocational Skills 1 Special Needs Education / Prevocational Level / Prevocational Skills 2 Special Needs Education / Prevocational Level / Prevocational Skills 3 Accessible Digital Textbooks Interactive Simulations for Sciences and Mathematics Interactive Simulations for Sciences and Mathematics / Physics Interactive Simulations for Sciences and Mathematics / Chemistry Interactive Simulations for Sciences and Mathematics / Mathematics Information, Education and Communication(IEC) Materials Information, Education and Communication(IEC) Materials / Child Online Safety Information, Education and Communication(IEC) Materials / Child Road Safety Information, Education and Communication(IEC) Materials / Child Road Safety / Integration Matrices Information, Education and Communication(IEC) Materials / Child Road Safety / Integration Matrices / Early Years Education Information, Education and Communication(IEC) Materials / Child Road Safety / Integration Matrices / Upper Primary Information, Education and Communication(IEC) Materials / Child Road Safety / Integration Matrices / Junior School Information, Education and Communication(IEC) Materials / Child Road Safety / Integration Matrices / Senior School Information, Education and Communication(IEC) Materials / Child Road Safety / Information, Education and Communication(IEC) Materials on Child Road Safety Information, Education and Communication(IEC) Materials / Child Road Safety / Information, Education and Communication(IEC) Materials on Child Road Safety / Early Years Education Information, Education and Communication(IEC) Materials / Child Road Safety / Information, Education and Communication(IEC) Materials on Child Road Safety / Upper Primary Information, Education and Communication(IEC) Materials / Child Road Safety / Information, Education and Communication(IEC) Materials on Child Road Safety / Junior School Information, Education and Communication(IEC) Materials / Child Road Safety / Information, Education and Communication(IEC) Materials on Child Road Safety / Senior School Information, Education and Communication(IEC) Materials / Child Road Safety / Teacher's Handbook Information, Education and Communication(IEC) Materials / Financial Literacy Learners’ Toolkit Teacher Resources Teacher Resources / Educational Resources Materials Development Teacher Resources / Educational Resources Materials Development / CRE Teacher Resources / Educational Resources Materials Development / English Teacher Resources / Educational Resources Materials Development / Environment Teacher Resources / Educational Resources Materials Development / Foundations Teacher Resources / Educational Resources Materials Development / H.R.E Teacher Resources / Educational Resources Materials Development / Hygiene and Nutrition Teacher Resources / Educational Resources Materials Development / I.R.E Teacher Resources / Educational Resources Materials Development / Kiswahili Teacher Resources / Educational Resources Materials Development / Language Activities Teacher Resources / Educational Resources Materials Development / Literacy Skills Teacher Resources / Educational Resources Materials Development / Mathematics Teacher Resources / Educational Resources Materials Development / Movements and Arts Teacher Resources / Pre-Primary Teacher Radio Programmes Teacher Resources / CBC Courses Teacher Resources / Special Needs Educations Teacher Resources / Interactive Digital Content for Teacher Education Teacher Resources / Interactive Digital Content for Teacher Education / English Teacher Resources / Interactive Digital Content for Teacher Education / Music Teacher Resources / Interactive Digital Content for Teacher Education / Christian Religious Education Teacher Resources / Interactive Digital Content for Teacher Education / Art and Craft Teacher Resources / Interactive Digital Content for Teacher Education / Indigenous Languages Teacher Resources / Interactive Digital Content for Teacher Education / Home science Teacher Resources / Interactive Digital Content for Teacher Education / Science and Technology Teacher Resources / Interactive Digital Content for Teacher Education / Islamic Religious Education Teacher Resources / Interactive Digital Content for Teacher Education / Mandarin Teacher Resources / Interactive Digital Content for Teacher Education / Agriculture Teacher Resources / Interactive Digital Content for Teacher Education / Mathematics Teacher Resources / Interactive Digital Content for Teacher Education / French Teacher Resources / Interactive Digital Content for Teacher Education / Hindu Religious Education Teacher Resources / Interactive Digital Content for Teacher Education / Social Studies Teacher Resources / Interactive Digital Content for Teacher Education / Kiswahili Teacher Resources / Interactive Digital Content for Teacher Education / Physical Education Teacher Resources / Interactive Digital Content for Teacher Education / Arabic Parental Resources Financial Literacy Financial Literacy / Financial Literacy for Junior School Financial Literacy / Financial Literacy for Junior School / Taxation Financial Literacy / Financial Literacy for Senior School Financial Literacy / Financial Literacy for Senior School / Taxation Search lessons Search Expand allRadio LessonsEduchannel TV LessonsInteractive Digital Content Radio LessonsEduchannel TV LessonsInteractive Digital Content Digital Content | Kenya Education Cloud | Unlimited Learning Experiences Skip to main content (Login) Grade 6 Home Lessons Primary Education Grade 6 Lesson categories: Pre-Primary Pre-Primary / Radio Lessons Pre-Primary / Educhannel Video Lessons Pre-Primary / Educhannel Video Lessons / Language Activities Pre-Primary / Educhannel Video Lessons / Mathematics Pre-Primary / Educhannel Video Lessons / Our School Pre-Primary / Educhannel Video Lessons / Picture Making Pre-Primary / Educhannel Video Lessons / Social Environment Pre-Primary / Educhannel Video Lessons / Pre-Primary 1 Pre-Primary / Educhannel Video Lessons / Pre-Primary 2 Pre-Primary / Interactive digital Content Pre-Primary / Ebooks Primary Education Primary Education / Grade 1 Primary Education / Grade 1 / Educhannel TV Lessons Primary Education / Grade 1 / Educhannel TV Lessons / English Primary Education / Grade 1 / Educhannel TV Lessons / Mathematics Primary Education / Grade 1 / Educhannel TV Lessons / Kiswahili Primary Education / Grade 1 / Educhannel TV Lessons / Kenya Sign Language(KSL) Primary Education / Grade 1 / Educhannel TV Lessons / Hygiene and nutrition Primary Education / Grade 1 / Educhannel TV Lessons / Environmental Activities Primary Education / Grade 1 / Interactive Digital Content Primary Education / Grade 1 / Radio Lessons Primary Education / Grade 1 / Radio Lessons / Mathematics Primary Education / Grade 1 / Radio Lessons / Mathematics / Grade 1 Term 2 Primary Education / Grade 1 / Radio Lessons / Mathematics / Grade 1 Term 3 Primary Education / Grade 1 / Radio Lessons / Kiswahili Primary Education / Grade 1 / Radio Lessons / Kiswahili / Grade 1 Term 2 Primary Education / Grade 1 / Radio Lessons / Kiswahili / Grade 1 Term 3 Primary Education / Grade 1 / Radio Lessons / English Primary Education / Grade 1 / Radio Lessons / English / Grade 1 Term 2 Primary Education / Grade 1 / Radio Lessons / English / Grade 1 Term 3 Primary Education / Grade 1 / Ebooks Primary Education / Grade 1 / Ebooks / Tusome readers Primary Education / Grade 1 / Ebooks / Indigenous Languages Primary Education / Grade 2 Primary Education / Grade 2 / Interactive Digital Content Primary Education / Grade 2 / Educhannel Tv Lessons Primary Education / Grade 2 / Educhannel Tv Lessons / Mathematics Primary Education / Grade 2 / Educhannel Tv Lessons / English Primary Education / Grade 2 / Radio Lessons Primary Education / Grade 2 / Radio Lessons / Mathematics Primary Education / Grade 2 / Radio Lessons / Mathematics / Grade 2 Term 2 Primary Education / Grade 2 / Radio Lessons / English Primary Education / Grade 2 / Radio Lessons / English / Grade 2 Term 2 Primary Education / Grade 2 / Radio Lessons / English / Grade 2 Term 3 Primary Education / Grade 2 / Radio Lessons / Kiswahili Primary Education / Grade 2 / Radio Lessons / Kiswahili / Grade 2 Term 3 Primary Education / Grade 2 / Hygiene and Nutrition Primary Education / Grade 2 / Hygiene and Nutrition / Grade 2 Term 2 Primary Education / Grade 2 / E-books Primary Education / Grade 2 / E-books / Tusome Readers Primary Education / Grade 3 Primary Education / Grade 3 / Radio Lessons Primary Education / Grade 3 / Radio Lessons / Mathematics Primary Education / Grade 3 / Radio Lessons / Mathematics / Grade 3 Term 2 Primary Education / Grade 3 / Radio Lessons / Mathematics / Grade 3 Term 3 Primary Education / Grade 3 / Radio Lessons / English Primary Education / Grade 3 / Radio Lessons / English / Grade 3 Term 2 Primary Education / Grade 3 / Radio Lessons / English / Grade 3 Term 3 Primary Education / Grade 3 / Radio Lessons / Environmental Activities Primary Education / Grade 3 / Radio Lessons / Environmental Activities / Grade 3 Term 2 Primary Education / Grade 3 / Radio Lessons / Kiswahili Primary Education / Grade 3 / Radio Lessons / Kiswahili / Grade 3 Term 3 Primary Education / Grade 3 / Educhannel TV Lessons Primary Education / Grade 3 / Educhannel TV Lessons / Mathematics Primary Education / Grade 3 / Educhannel TV Lessons / English Primary Education / Grade 3 / Educhannel TV Lessons / Kiswahili Primary Education / Grade 3 / Educhannel TV Lessons / Hygiene and Nutrition Primary Education / Grade 3 / Educhannel TV Lessons / Environmental Activities Primary Education / Grade 3 / Interactive Digital Content Primary Education / Grade 3 / EBooks Primary Education / Grade 3 / Tusome English Video Lessons Primary Education / Grade 3 / Tusome English Video Lessons / Tusome English Grade 3 Lessons Primary Education / Grade 4 Primary Education / Grade 4 / Educhannel Tv Lessons Primary Education / Grade 4 / Educhannel Tv Lessons / Home Science Primary Education / Grade 4 / Educhannel Tv Lessons / Agriculture Primary Education / Grade 4 / Educhannel Tv Lessons / Music Primary Education / Grade 4 / Educhannel Tv Lessons / Physical Education Primary Education / Grade 4 / Educhannel Tv Lessons / Art and Craft Primary Education / Grade 4 / Educhannel Tv Lessons / Kenya Sign Language Primary Education / Grade 4 / Educhannel Tv Lessons / Mathematics Primary Education / Grade 4 / Educhannel Tv Lessons / Science and Technology Primary Education / Grade 4 / Educhannel Tv Lessons / Social Studies Primary Education / Grade 4 / Educhannel Tv Lessons / English Primary Education / Grade 4 / Educhannel Tv Lessons / Kiswahili Primary Education / Grade 4 / Educhannel Tv Lessons / Environmental Activity Primary Education / Grade 4 / Radio lessons Primary Education / Grade 4 / Radio lessons / Social Studies Primary Education / Grade 4 / Radio lessons / Social Studies / Grade 4 Term 2 Primary Education / Grade 4 / Radio lessons / Social Studies / Grade 4 Term 3 Primary Education / Grade 4 / Radio lessons / CRE Primary Education / Grade 4 / Radio lessons / CRE / Grade 4 Term 2 Primary Education / Grade 4 / Radio lessons / English Primary Education / Grade 4 / Radio lessons / English / Grade 4 Term 2 Primary Education / Grade 4 / Radio lessons / English / Grade 4 Term 3 Primary Education / Grade 4 / Radio lessons / Hygiene and Nutrition Primary Education / Grade 4 / Radio lessons / Hygiene and Nutrition / Grade 4 Term 1 Primary Education / Grade 4 / Radio lessons / IRE Primary Education / Grade 4 / Radio lessons / IRE / Grade 4 Term 2 Primary Education / Grade 4 / Radio lessons / Science and Technology Primary Education / Grade 4 / Radio lessons / Science and Technology / Grade 4 Term 3 Primary Education / Grade 4 / Radio lessons / Agriculture Primary Education / Grade 4 / Radio lessons / Agriculture / Grade 4 Term 3 Primary Education / Grade 4 / Radio lessons / Mathematics Primary Education / Grade 4 / Radio lessons / Mathematics / Grade 4 Term 3 Primary Education / Grade 4 / SNE Primary Education / Grade 4 / Interactive Digital Content Primary Education / Grade 5 Primary Education / Grade 5 / Educhannel Tv Lessons Primary Education / Grade 5 / Educhannel Tv Lessons / English Primary Education / Grade 5 / Educhannel Tv Lessons / Kiswahili Primary Education / Grade 5 / Educhannel Tv Lessons / Mathematics Primary Education / Grade 5 / Radio Lessons Primary Education / Grade 5 / Radio Lessons / English Primary Education / Grade 5 / Radio Lessons / Science and Technology Primary Education / Grade 5 / Radio Lessons / Agriculture Primary Education / Grade 5 / Radio Lessons / Social studies Primary Education / Grade 5 / Radio Lessons / Christian Religious Education Primary Education / Grade 5 / Radio Lessons / Mathematics Primary Education / Grade 5 / Interactive Digital Content Primary Education / Grade 6 Primary Education / Grade 6 / Radio Lessons Primary Education / Grade 6 / Radio Lessons / CRE Primary Education / Grade 6 / Radio Lessons / Social Studies Primary Education / Grade 6 / Radio Lessons / Science Primary Education / Grade 6 / Radio Lessons / Kiswahili Primary Education / Grade 6 / Radio Lessons / English Primary Education / Grade 6 / Radio Lessons / Mathematics Primary Education / Grade 6 / Educhannel TV Lessons Primary Education / Grade 6 / Educhannel TV Lessons / Kiswahili Primary Education / Grade 6 / Educhannel TV Lessons / Agriculture Primary Education / Grade 6 / Educhannel TV Lessons / Art and Craft Primary Education / Grade 6 / Educhannel TV Lessons / English Primary Education / Grade 6 / Educhannel TV Lessons / Home Science Primary Education / Grade 6 / Educhannel TV Lessons / Music Primary Education / Grade 6 / Educhannel TV Lessons / Science and technology Primary Education / Grade 6 / Educhannel TV Lessons / Physical health education Primary Education / Grade 6 / Interactive Digital Content Junior School Junior School / Grade 8 Junior School / Grade 8 / Educhannel Tv Lessons Junior School / Grade 8 / Radio Lessons Junior School / Grade 8 / Interactive Digital Content Junior School / Grade 7 Junior School / Grade 7 / Educhannel TV lessons Junior School / Grade 7 / Radio Lessons Junior School / Grade 7 / Radio Lessons / Mathematics Junior School / Grade 7 / Radio Lessons / Kiswahili Junior School / Grade 7 / Radio Lessons / English Junior School / Grade 7 / Radio Lessons / Christian Religious Education Junior School / Grade 7 / Radio Lessons / Integrated Science Junior School / Grade 7 / Radio Lessons / Social Studies Junior School / Grade 7 / Radio Lessons / Pre-Technical Studies Junior School / Grade 7 / Interactive Digital Content Secondary Education Secondary Education / Form 1 Secondary Education / Form 1 / Interactive Digital Content Secondary Education / Form 1 / Educhannel Tv Lessons Secondary Education / Form 1 / Educhannel Tv Lessons / Mathematics Secondary Education / Form 1 / Educhannel Tv Lessons / English Secondary Education / Form 1 / Educhannel Tv Lessons / Physics Secondary Education / Form 1 / Educhannel Tv Lessons / Biology Secondary Education / Form 1 / Educhannel Tv Lessons / Chemistry Secondary Education / Form 1 / Educhannel Tv Lessons / Kiswahili Secondary Education / Form 1 / Educhannel Tv Lessons / History and Government Secondary Education / Form 1 / Educhannel Tv Lessons / Business Studies Secondary Education / Form 1 / Radio Lessons Secondary Education / Form 1 / Ebooks Secondary Education / Form 2 Secondary Education / Form 2 / Interactive Digital Content Secondary Education / Form 2 / Educhannel Tv Lessons Secondary Education / Form 2 / Educhannel Tv Lessons / Physics Secondary Education / Form 2 / Radio Lessons Secondary Education / Form 2 / Radio Lessons / Biology Secondary Education / Form 3 Secondary Education / Form 3 / Interactive Digital Content Secondary Education / Form 3 / Educhannel Tv Lessons Secondary Education / Form 3 / Educhannel Tv Lessons / Mathematics Secondary Education / Form 3 / Educhannel Tv Lessons / English Secondary Education / Form 3 / Educhannel Tv Lessons / Kiswahili Secondary Education / Form 3 / Educhannel Tv Lessons / Biology Secondary Education / Form 3 / Educhannel Tv Lessons / Chemistry Secondary Education / Form 3 / Educhannel Tv Lessons / Physics Secondary Education / Form 3 / Educhannel Tv Lessons / Business Studies Secondary Education / Form 3 / Educhannel Tv Lessons / History and Government Secondary Education / Form 3 / Radio Lessons Secondary Education / Form 4 Secondary Education / Form 4 / Interactive Digital Content Secondary Education / Form 4 / Educhannel Tv Lessons Secondary Education / Form 4 / Educhannel Tv Lessons / Form 4 Mathematics Secondary Education / Form 4 / Educhannel Tv Lessons / Form 4 English Secondary Education / Form 4 / Educhannel Tv Lessons / Form 4 Physics Secondary Education / Form 4 / Educhannel Tv Lessons / Form 4 Biology Secondary Education / Form 4 / Educhannel Tv Lessons / Form 4 Kiswahili Secondary Education / Form 4 / Educhannel Tv Lessons / Form 4 Chemistry Secondary Education / Form 4 / Educhannel Tv Lessons / Form 4 History and Government Secondary Education / Form 4 / Educhannel Tv Lessons / Form 4 Business Studies Secondary Education / Form 4 / Radio Lessons Secondary Education / Form 4 / Radio Lessons / Mathematics Secondary Education / Form 4 / Radio Lessons / Mathematics / Form 4 Term 1 Secondary Education / Form 4 / Radio Lessons / Mathematics / Form 4 Term 2 Secondary Education / Form 4 / Radio Lessons / Mathematics / Form 4 Term 3 General Knowledge General Knowledge / VOA Connect General Knowledge / Ask the expert General Knowledge / Citizenship and Democracy General Knowledge / Digital Story General Knowledge / Impacted Educhannel Lessons Educhannel Lessons / English Educhannel Lessons / English / Transport and travel Educhannel Lessons / English / Pronunciation skills Educhannel Lessons / English / Listening and speaking Educhannel Lessons / English / Family Educhannel Lessons / English / Environment Educhannel Lessons / English / Drug and Substance Educhannel Lessons / Agriculture Educhannel Lessons / Biology Educhannel Lessons / Biology / Living Things Educhannel Lessons / Biology / Secretion and homeostasis Educhannel Lessons / Biology / Support and movement Educhannel Lessons / Business Studies Educhannel Lessons / Chemistry Educhannel Lessons / Earth Movement and Volcanicity Educhannel Lessons / Environmental Activities Educhannel Lessons / Geograpghy Educhannel Lessons / History Educhannel Lessons / History / Kenyan History Educhannel Lessons / Homescience Educhannel Lessons / Homescience / Basic care clothing Educhannel Lessons / Kiswahili Educhannel Lessons / Kiswahili / Primary Educhannel Lessons / Kiswahili / Primary / Darasa 4-5 Educhannel Lessons / Kiswahili / Secondary Educhannel Lessons / Kiswahili / Secondary / Isimu Jamii Educhannel Lessons / Kiswahili / Secondary / Sarufi Educhannel Lessons / Mathematics Educhannel Lessons / Mathematics / Secondary Educhannel Lessons / Mathematics / Secondary / Commercial Arithmetics Educhannel Lessons / Mathematics / Primary Educhannel Lessons / Mathematics / Primary / Class 5-8 Educhannel Lessons / Mathematics / Primary / Class 5-8 / Practical uses of Money Educhannel Lessons / Mathematics / Primary / Class 5-8 / Measurement Educhannel Lessons / Organic Chemistry Educhannel Lessons / Performing Music Educhannel Lessons / Homescience Educhannel Lessons / Homescience / Basic care of clothing Educhannel Lessons / Art and Craft Educhannel Lessons / Physics Educhannel Lessons / Physics / Thermodynamics Educhannel Lessons / Physics / Mechanics Educhannel Lessons / Physics / Electricity and Magnetism Educhannel Lessons / The Doyen Exposition Educhannel Lessons / Science Educhannel Lessons / Science / Making work easier Educhannel Lessons / Science / Living Things Educhannel Lessons / Science / Energy conservation Educhannel Lessons / Physical and Health Education Educhannel Lessons / Physical and Health Education / Grade 1-4 Open Education Resourses(OERs) Open Education Resourses(OERs) / Movement and Creative Activities Open Education Resourses(OERs) / 	Religious Education Activities Open Education Resourses(OERs) / Mathematical Activities Open Education Resourses(OERs) / Environmental Activities Open Education Resourses(OERs) / Kiswahili Language Open Education Resourses(OERs) / LTK | Concordia University Open Education Resourses(OERs) / Hygiene and Nutrition Open Education Resourses(OERs) / ENGLISH LANGUAGE ACTIVITIES Open Education Resourses(OERs) / Casio Materials Open Education Resourses(OERs) / Health Education Open Education Resourses(OERs) / Carbon Literacy Special Needs Education Special Needs Education / Grade 1 Special Needs Education / Grade 1 / Adapted Interactive Digital Content for Hearing Impaired(HI) Special Needs Education / Grade 1 / Adapted Interactive Digital Content for Hearing Impaired(HI) / English Activities Special Needs Education / Grade 1 / Adapted Interactive Digital Content for Hearing Impaired(HI) / Environmental Activities Special Needs Education / Grade 1 / Adapted Interactive Digital Content for Hearing Impaired(HI) / Creative Activities Special Needs Education / Grade 1 / Adapted Interactive Digital Content for Visual Impaired(VI) Special Needs Education / Grade 2 Special Needs Education / Grade 2 / Adapted Interactive Digital Content for Hearing Impaired(HI) Special Needs Education / Grade 2 / Adapted Interactive Digital Content for Hearing Impaired(HI) / Mathematics Grade 2 Special Needs Education / Grade 2 / Adapted Interactive Digital Content for Hearing Impaired(HI) / Environmental Activities Grade 2 Special Needs Education / Grade 2 / Adapted Interactive Digital Content for Hearing Impaired(HI) / Hygiene and Nutrition Grade 2 Special Needs Education / Grade 2 / Adapted Interactive Digital Content for Hearing Impaired(HI) / Christian Religious Education Grade 2 (HI) Special Needs Education / Grade 2 / Adapted Interactive Digital Content for Hearing Impaired(HI) / Literacy Activities Grade2 (HI) Special Needs Education / Grade 2 / Adapted Interactive Digital Content for Hearing Impaired(HI) / English Activities Grad2 H.I Special Needs Education / Grade 2 / Adapted Interactive Digital Content for Hearing Impaired(HI) / Creative Activities Grade2 -H.I Special Needs Education / Grade 2 / Adapted Interactive Digital Content for Visual Impaired(VI) Special Needs Education / Grade 2 / Adapted Interactive Digital Content for Visual Impaired(VI) / Mathematics Special Needs Education / Grade 2 / Adapted Interactive Digital Content for Visual Impaired(VI) / Kiswahili Special Needs Education / Grade 2 / Adapted Interactive Digital Content for Visual Impaired(VI) / English Special Needs Education / Grade 2 / Adapted Interactive Digital Content for Visual Impaired(VI) / Creative Activities Special Needs Education / Grade 2 / Adapted Interactive Digital Content for Visual Impaired(VI) / CRE Special Needs Education / Grade 3 Special Needs Education / Grade 3 / Adapted Interactive Digital Content for Learners with Hearing Impairment (HI) Special Needs Education / Grade 3 / Adapted Interactive Digital Content for Learners with Hearing Impairment (HI) / Visual Arts Special Needs Education / Grade 3 / Adapted Interactive Digital Content for Learners with Hearing Impairment (HI) / English Special Needs Education / Grade 3 / Adapted Interactive Digital Content for Learners with Hearing Impairment (HI) / Hygiene and Nutrition Special Needs Education / Grade 3 / Adapted Interactive Digital Content for Learners with Hearing Impairment (HI) / Music Special Needs Education / Grade 3 / Adapted Interactive Digital Content for Learners with Hearing Impairment (HI) / Mathematics Special Needs Education / Grade 3 / Adapted Interactive Digital Content for Learners with Hearing Impairment (HI) / Environmental Special Needs Education / Grade 3 / Adapted Interactive Digital Content for Learners with Hearing Impairment (HI) / CRE Special Needs Education / Grade 3 / Adapted Interactive Digital Content for Learners with Visual Impairment (VI) Special Needs Education / Grade 3 / Adapted Interactive Digital Content for Learners with Visual Impairment (VI) / Music Special Needs Education / Grade 3 / Adapted Interactive Digital Content for Learners with Visual Impairment (VI) / Mathematics Special Needs Education / Grade 3 / Adapted Interactive Digital Content for Learners with Visual Impairment (VI) / Visual Arts Special Needs Education / Grade 3 / Adapted Interactive Digital Content for Learners with Visual Impairment (VI) / Kiswahili Special Needs Education / Grade 3 / Adapted Interactive Digital Content for Learners with Visual Impairment (VI) / Hygiene and Nutrition Special Needs Education / Grade 3 / Adapted Interactive Digital Content for Learners with Visual Impairment (VI) / Environmental Special Needs Education / Grade 3 / Adapted Interactive Digital Content for Learners with Visual Impairment (VI) / English Special Needs Education / Grade 3 / Adapted Interactive Digital Content for Learners with Visual Impairment (VI) / CRE Special Needs Education / Grade 4 Special Needs Education / Grade 4 / Adapted Interactive Digital Content for Learners with Hearing Impairment (HI) Special Needs Education / Grade 4 / Adapted Interactive Digital Content for Learners with Hearing Impairment (HI) / Mathematics Special Needs Education / Grade 4 / Adapted Interactive Digital Content for Learners with Hearing Impairment (HI) / English Special Needs Education / Grade 4 / Adapted Interactive Digital Content for Learners with Hearing Impairment (HI) / Science and Technology Special Needs Education / Grade 4 / Adapted Interactive Digital Content for Learners with Hearing Impairment (HI) / Agriculture Special Needs Education / Grade 4 / Adapted Interactive Digital Content for Learners with Hearing Impairment (HI) / Social Studies Special Needs Education / Grade 4 / Adapted Interactive Digital Content for Learners with Hearing Impairment (HI) / Home Science Special Needs Education / Grade 4 / Adapted Interactive Digital Content for Learners with Hearing Impairment (HI) / Art and Craft Special Needs Education / Grade 4 / Adapted Interactive Digital Content for Learners with Hearing Impairment (HI) / Music Special Needs Education / Grade 4 / Adapted Interactive Digital Content for Learners with Hearing Impairment (HI) / Christian Religious Education (CRE) Special Needs Education / Grade 4 / Adapted Interactive Digital Content for Learners with Visual Impairment (VI) Special Needs Education / Grade 4 / Adapted Interactive Digital Content for Learners with Visual Impairment (VI) / Mathematics Special Needs Education / Grade 4 / Adapted Interactive Digital Content for Learners with Visual Impairment (VI) / English Special Needs Education / Grade 4 / Adapted Interactive Digital Content for Learners with Visual Impairment (VI) / Kiswahili Special Needs Education / Grade 4 / Adapted Interactive Digital Content for Learners with Visual Impairment (VI) / Science and Technology Special Needs Education / Grade 4 / Adapted Interactive Digital Content for Learners with Visual Impairment (VI) / Agriculture Special Needs Education / Grade 4 / Adapted Interactive Digital Content for Learners with Visual Impairment (VI) / Social Studies Special Needs Education / Grade 4 / Adapted Interactive Digital Content for Learners with Visual Impairment (VI) / Home Science Special Needs Education / Grade 4 / Adapted Interactive Digital Content for Learners with Visual Impairment (VI) / Art and Craft Special Needs Education / Grade 4 / Adapted Interactive Digital Content for Learners with Visual Impairment (VI) / Christian Religious Education (CRE) Special Needs Education / Grade 4 / Adapted Interactive Digital Content for Learners with Visual Impairment (VI) / Music Special Needs Education / Grade 5 Special Needs Education / Grade 5 / Adapted Interactive Digital Content for Learners with Hearing Impairment (HI) Special Needs Education / Grade 5 / Adapted Interactive Digital Content for Learners with Hearing Impairment (HI) / English Special Needs Education / Grade 5 / Adapted Interactive Digital Content for Learners with Hearing Impairment (HI) / Christian Religious Education Special Needs Education / Grade 5 / Adapted Interactive Digital Content for Learners with Hearing Impairment (HI) / Social Studies Special Needs Education / Grade 5 / Adapted Interactive Digital Content for Learners with Hearing Impairment (HI) / Agriculture and Nutrition Special Needs Education / Grade 5 / Adapted Interactive Digital Content for Learners with Hearing Impairment (HI) / Creative Arts Special Needs Education / Grade 5 / Adapted Interactive Digital Content for Learners with Hearing Impairment (HI) / Mathematics Special Needs Education / Grade 5 / Adapted Interactive Digital Content for Learners with Hearing Impairment (HI) / Science and Technology Special Needs Education / Grade 5 / Adapted Interactive Digital Content for Learners with Hearing Impairment (HI) / Islamic Religious Education Special Needs Education / Grade 5 / Adapted Interactive Digital Content for Learners with Visual Impairment (VI) Special Needs Education / Grade 5 / Adapted Interactive Digital Content for Learners with Visual Impairment (VI) / Creative Arts Special Needs Education / Grade 5 / Adapted Interactive Digital Content for Learners with Visual Impairment (VI) / Social Studies Special Needs Education / Grade 5 / Adapted Interactive Digital Content for Learners with Visual Impairment (VI) / Kiswahili Special Needs Education / Grade 5 / Adapted Interactive Digital Content for Learners with Visual Impairment (VI) / Christian Religious Education Special Needs Education / Grade 5 / Adapted Interactive Digital Content for Learners with Visual Impairment (VI) / Science and Technology Special Needs Education / Grade 5 / Adapted Interactive Digital Content for Learners with Visual Impairment (VI) / Agriculture and Nutrition Special Needs Education / Grade 5 / Adapted Interactive Digital Content for Learners with Visual Impairment (VI) / Islamic Religious Education Special Needs Education / Grade 5 / Adapted Interactive Digital Content for Learners with Visual Impairment (VI) / Mathematics Special Needs Education / Grade 5 / Adapted Interactive Digital Content for Learners with Visual Impairment (VI) / English Special Needs Education / Grade 6 Special Needs Education / Grade 6 / Adapted Interactive Digital Content for Learners with Hearing Impairment (HI) Special Needs Education / Grade 6 / Adapted Interactive Digital Content for Learners with Hearing Impairment (HI) / Science and Technology Special Needs Education / Grade 6 / Adapted Interactive Digital Content for Learners with Hearing Impairment (HI) / Christian Religious Education Special Needs Education / Grade 6 / Adapted Interactive Digital Content for Learners with Hearing Impairment (HI) / Creative Arts Special Needs Education / Grade 6 / Adapted Interactive Digital Content for Learners with Hearing Impairment (HI) / Islamic Religious Education Special Needs Education / Grade 6 / Adapted Interactive Digital Content for Learners with Hearing Impairment (HI) / English Special Needs Education / Grade 6 / Adapted Interactive Digital Content for Learners with Hearing Impairment (HI) / Social Studies Special Needs Education / Grade 6 / Adapted Interactive Digital Content for Learners with Hearing Impairment (HI) / Agriculture Special Needs Education / Grade 6 / Adapted Interactive Digital Content for Learners with Hearing Impairment (HI) / Mathematics Special Needs Education / Grade 6 / Adapted Interactive Digital Content for Learners with Visual Impairment (VI) Special Needs Education / Grade 6 / Adapted Interactive Digital Content for Learners with Visual Impairment (VI) / Christian Religious Education Special Needs Education / Grade 6 / Adapted Interactive Digital Content for Learners with Visual Impairment (VI) / Kiswahili Special Needs Education / Grade 6 / Adapted Interactive Digital Content for Learners with Visual Impairment (VI) / English Special Needs Education / Grade 6 / Adapted Interactive Digital Content for Learners with Visual Impairment (VI) / Creative Arts Special Needs Education / Grade 6 / Adapted Interactive Digital Content for Learners with Visual Impairment (VI) / Mathematics Special Needs Education / Grade 6 / Adapted Interactive Digital Content for Learners with Visual Impairment (VI) / Science and Technology Special Needs Education / Grade 6 / Adapted Interactive Digital Content for Learners with Visual Impairment (VI) / Islamic Religious Education Special Needs Education / Grade 6 / Adapted Interactive Digital Content for Learners with Visual Impairment (VI) / Social Studies Special Needs Education / Grade 6 / Adapted Interactive Digital Content for Learners with Visual Impairment (VI) / Agriculture and Nutrition Special Needs Education / Ebooks Special Needs Education / Videos Special Needs Education / Foundational and Stage-Based Special Needs Education / Prevocational Level Special Needs Education / Prevocational Level / Music Special Needs Education / Prevocational Level / Hindu Religious Education Special Needs Education / Prevocational Level / Christian Religious Education Special Needs Education / Prevocational Level / Physical Education Special Needs Education / Prevocational Level / Islamic Religious Education Special Needs Education / Prevocational Level / Social Studies Special Needs Education / Prevocational Level / Prevocational Skills 1 Special Needs Education / Prevocational Level / Prevocational Skills 2 Special Needs Education / Prevocational Level / Prevocational Skills 3 Accessible Digital Textbooks Interactive Simulations for Sciences and Mathematics Interactive Simulations for Sciences and Mathematics / Physics Interactive Simulations for Sciences and Mathematics / Chemistry Interactive Simulations for Sciences and Mathematics / Mathematics Information, Education and Communication(IEC) Materials Information, Education and Communication(IEC) Materials / Child Online Safety Information, Education and Communication(IEC) Materials / Child Road Safety Information, Education and Communication(IEC) Materials / Child Road Safety / Integration Matrices Information, Education and Communication(IEC) Materials / Child Road Safety / Integration Matrices / Early Years Education Information, Education and Communication(IEC) Materials / Child Road Safety / Integration Matrices / Upper Primary Information, Education and Communication(IEC) Materials / Child Road Safety / Integration Matrices / Junior School Information, Education and Communication(IEC) Materials / Child Road Safety / Integration Matrices / Senior School Information, Education and Communication(IEC) Materials / Child Road Safety / Information, Education and Communication(IEC) Materials on Child Road Safety Information, Education and Communication(IEC) Materials / Child Road Safety / Information, Education and Communication(IEC) Materials on Child Road Safety / Early Years Education Information, Education and Communication(IEC) Materials / Child Road Safety / Information, Education and Communication(IEC) Materials on Child Road Safety / Upper Primary Information, Education and Communication(IEC) Materials / Child Road Safety / Information, Education and Communication(IEC) Materials on Child Road Safety / Junior School Information, Education and Communication(IEC) Materials / Child Road Safety / Information, Education and Communication(IEC) Materials on Child Road Safety / Senior School Information, Education and Communication(IEC) Materials / Child Road Safety / Teacher's Handbook Information, Education and Communication(IEC) Materials / Financial Literacy Learners’ Toolkit Teacher Resources Teacher Resources / Educational Resources Materials Development Teacher Resources / Educational Resources Materials Development / CRE Teacher Resources / Educational Resources Materials Development / English Teacher Resources / Educational Resources Materials Development / Environment Teacher Resources / Educational Resources Materials Development / Foundations Teacher Resources / Educational Resources Materials Development / H.R.E Teacher Resources / Educational Resources Materials Development / Hygiene and Nutrition Teacher Resources / Educational Resources Materials Development / I.R.E Teacher Resources / Educational Resources Materials Development / Kiswahili Teacher Resources / Educational Resources Materials Development / Language Activities Teacher Resources / Educational Resources Materials Development / Literacy Skills Teacher Resources / Educational Resources Materials Development / Mathematics Teacher Resources / Educational Resources Materials Development / Movements and Arts Teacher Resources / Pre-Primary Teacher Radio Programmes Teacher Resources / CBC Courses Teacher Resources / Special Needs Educations Teacher Resources / Interactive Digital Content for Teacher Education Teacher Resources / Interactive Digital Content for Teacher Education / English Teacher Resources / Interactive Digital Content for Teacher Education / Music Teacher Resources / Interactive Digital Content for Teacher Education / Christian Religious Education Teacher Resources / Interactive Digital Content for Teacher Education / Art and Craft Teacher Resources / Interactive Digital Content for Teacher Education / Indigenous Languages Teacher Resources / Interactive Digital Content for Teacher Education / Home science Teacher Resources / Interactive Digital Content for Teacher Education / Science and Technology Teacher Resources / Interactive Digital Content for Teacher Education / Islamic Religious Education Teacher Resources / Interactive Digital Content for Teacher Education / Mandarin Teacher Resources / Interactive Digital Content for Teacher Education / Agriculture Teacher Resources / Interactive Digital Content for Teacher Education / Mathematics Teacher Resources / Interactive Digital Content for Teacher Education / French Teacher Resources / Interactive Digital Content for Teacher Education / Hindu Religious Education Teacher Resources / Interactive Digital Content for Teacher Education / Social Studies Teacher Resources / Interactive Digital Content for Teacher Education / Kiswahili Teacher Resources / Interactive Digital Content for Teacher Education / Physical Education Teacher Resources / Interactive Digital Content for Teacher Education / Arabic Parental Resources Financial Literacy Financial Literacy / Financial Literacy for Junior School Financial Literacy / Financial Literacy for Junior School / Taxation Financial Literacy / Financial Literacy for Senior School Financial Literacy / Financial Literacy for Senior School / Taxation Search lessons Search Expand allRadio LessonsEduchannel TV LessonsInteractive Digital Content Home Calendar Pre-primary Pre-Primary 1 Pre-Primary 2 Primary Grade 1 Grade 2 Grade 3 Grade 4 Grade 5 Grade 6 Secondary Grade 7 Grade 8 Form 1 Form 2 Form 3 Form 4 OER's SNE The Kenya Education Cloud (KEC) is a digital platform designed to enhance teaching and learning in Kenya by providing a wide range of digital educational resources. Serving as a centralized hub for e-learning, it promotes access to interactive content, supports modern pedagogical methods, and fosters collaboration among educators and learners. External Links Ministry of Education Kenya National Examinations Council Teachers Service Commission Kenya Kenya Institute of Special Education (KISE) ICT Authority TVET Authority Elimika Additional Resources Accessible Digital Textbook (ADT) Curriculum Reports Parental Resources Child Online Protection Guidelines Our Contacts Kenya Institute of Curriculum DevelopmentDesai Rd, Off Muranga Rd,Nairobi, Kenya. Telephone Contacts+254 729327331 +254 729327334 Email Addressinfo@kicd.ac.ke Kenya Education Cloud © 2024. All rights reserved. Privacy Policy Terms & Conditions (Login) Data retention summary","['mathematics', 'english', 'kiswahili', 'biology', 'chemistry', 'physics', 'geography', 'history', 'business', 'computer', 'agriculture', 'home_science', 'art', 'music', 'physical_education', 'religious_education']",form_1,cbc,[],2025-09-08T00:49:42.791982,unknown,primary,,grade_6,
https://lms.kec.ac.ke/mod/page/view.php?id=160,Health Literacy,"Kenya Education Cloud is your ultimate digital learning hub, providing access to curated e-learning resources, educational tools, and innovative content for students, teachers, and institutions.","Health Literacy Home Lessons Open Education Resourses(OERs) Health Education Health Literacy Health Literacy Interactive Digital content Digital Content | Kenya Education Cloud | Unlimited Learning Experiences Skip to main content (Login) Health Literacy Home Lessons Open Education Resourses(OERs) Health Education Health Literacy Health Literacy Interactive Digital content Health Literacy Home Calendar Pre-primary Pre-Primary 1 Pre-Primary 2 Primary Grade 1 Grade 2 Grade 3 Grade 4 Grade 5 Grade 6 Secondary Grade 7 Grade 8 Form 1 Form 2 Form 3 Form 4 OER's SNE The Kenya Education Cloud (KEC) is a digital platform designed to enhance teaching and learning in Kenya by providing a wide range of digital educational resources. Serving as a centralized hub for e-learning, it promotes access to interactive content, supports modern pedagogical methods, and fosters collaboration among educators and learners. External Links Ministry of Education Kenya National Examinations Council Teachers Service Commission Kenya Kenya Institute of Special Education (KISE) ICT Authority TVET Authority Elimika Additional Resources Accessible Digital Textbook (ADT) Curriculum Reports Parental Resources Child Online Protection Guidelines Our Contacts Kenya Institute of Curriculum DevelopmentDesai Rd, Off Muranga Rd,Nairobi, Kenya. Telephone Contacts+254 729327331 +254 729327334 Email Addressinfo@kicd.ac.ke Kenya Education Cloud © 2024. All rights reserved. Privacy Policy Terms & Conditions (Login) Data retention summary","['computer', 'art', 'physical_education']",form_1,unknown,[],2025-09-08T00:49:43.177520,unknown,,,,
https://lms.kec.ac.ke/course/index.php?categoryid=102,Grade 7,"Kenya Education Cloud is your ultimate digital learning hub, providing access to curated e-learning resources, educational tools, and innovative content for students, teachers, and institutions.","Grade 7 Home Lessons Junior School Grade 7 Lesson categories: Pre-Primary Pre-Primary / Radio Lessons Pre-Primary / Educhannel Video Lessons Pre-Primary / Educhannel Video Lessons / Language Activities Pre-Primary / Educhannel Video Lessons / Mathematics Pre-Primary / Educhannel Video Lessons / Our School Pre-Primary / Educhannel Video Lessons / Picture Making Pre-Primary / Educhannel Video Lessons / Social Environment Pre-Primary / Educhannel Video Lessons / Pre-Primary 1 Pre-Primary / Educhannel Video Lessons / Pre-Primary 2 Pre-Primary / Interactive digital Content Pre-Primary / Ebooks Primary Education Primary Education / Grade 1 Primary Education / Grade 1 / Educhannel TV Lessons Primary Education / Grade 1 / Educhannel TV Lessons / English Primary Education / Grade 1 / Educhannel TV Lessons / Mathematics Primary Education / Grade 1 / Educhannel TV Lessons / Kiswahili Primary Education / Grade 1 / Educhannel TV Lessons / Kenya Sign Language(KSL) Primary Education / Grade 1 / Educhannel TV Lessons / Hygiene and nutrition Primary Education / Grade 1 / Educhannel TV Lessons / Environmental Activities Primary Education / Grade 1 / Interactive Digital Content Primary Education / Grade 1 / Radio Lessons Primary Education / Grade 1 / Radio Lessons / Mathematics Primary Education / Grade 1 / Radio Lessons / Mathematics / Grade 1 Term 2 Primary Education / Grade 1 / Radio Lessons / Mathematics / Grade 1 Term 3 Primary Education / Grade 1 / Radio Lessons / Kiswahili Primary Education / Grade 1 / Radio Lessons / Kiswahili / Grade 1 Term 2 Primary Education / Grade 1 / Radio Lessons / Kiswahili / Grade 1 Term 3 Primary Education / Grade 1 / Radio Lessons / English Primary Education / Grade 1 / Radio Lessons / English / Grade 1 Term 2 Primary Education / Grade 1 / Radio Lessons / English / Grade 1 Term 3 Primary Education / Grade 1 / Ebooks Primary Education / Grade 1 / Ebooks / Tusome readers Primary Education / Grade 1 / Ebooks / Indigenous Languages Primary Education / Grade 2 Primary Education / Grade 2 / Interactive Digital Content Primary Education / Grade 2 / Educhannel Tv Lessons Primary Education / Grade 2 / Educhannel Tv Lessons / Mathematics Primary Education / Grade 2 / Educhannel Tv Lessons / English Primary Education / Grade 2 / Radio Lessons Primary Education / Grade 2 / Radio Lessons / Mathematics Primary Education / Grade 2 / Radio Lessons / Mathematics / Grade 2 Term 2 Primary Education / Grade 2 / Radio Lessons / English Primary Education / Grade 2 / Radio Lessons / English / Grade 2 Term 2 Primary Education / Grade 2 / Radio Lessons / English / Grade 2 Term 3 Primary Education / Grade 2 / Radio Lessons / Kiswahili Primary Education / Grade 2 / Radio Lessons / Kiswahili / Grade 2 Term 3 Primary Education / Grade 2 / Hygiene and Nutrition Primary Education / Grade 2 / Hygiene and Nutrition / Grade 2 Term 2 Primary Education / Grade 2 / E-books Primary Education / Grade 2 / E-books / Tusome Readers Primary Education / Grade 3 Primary Education / Grade 3 / Radio Lessons Primary Education / Grade 3 / Radio Lessons / Mathematics Primary Education / Grade 3 / Radio Lessons / Mathematics / Grade 3 Term 2 Primary Education / Grade 3 / Radio Lessons / Mathematics / Grade 3 Term 3 Primary Education / Grade 3 / Radio Lessons / English Primary Education / Grade 3 / Radio Lessons / English / Grade 3 Term 2 Primary Education / Grade 3 / Radio Lessons / English / Grade 3 Term 3 Primary Education / Grade 3 / Radio Lessons / Environmental Activities Primary Education / Grade 3 / Radio Lessons / Environmental Activities / Grade 3 Term 2 Primary Education / Grade 3 / Radio Lessons / Kiswahili Primary Education / Grade 3 / Radio Lessons / Kiswahili / Grade 3 Term 3 Primary Education / Grade 3 / Educhannel TV Lessons Primary Education / Grade 3 / Educhannel TV Lessons / Mathematics Primary Education / Grade 3 / Educhannel TV Lessons / English Primary Education / Grade 3 / Educhannel TV Lessons / Kiswahili Primary Education / Grade 3 / Educhannel TV Lessons / Hygiene and Nutrition Primary Education / Grade 3 / Educhannel TV Lessons / Environmental Activities Primary Education / Grade 3 / Interactive Digital Content Primary Education / Grade 3 / EBooks Primary Education / Grade 3 / Tusome English Video Lessons Primary Education / Grade 3 / Tusome English Video Lessons / Tusome English Grade 3 Lessons Primary Education / Grade 4 Primary Education / Grade 4 / Educhannel Tv Lessons Primary Education / Grade 4 / Educhannel Tv Lessons / Home Science Primary Education / Grade 4 / Educhannel Tv Lessons / Agriculture Primary Education / Grade 4 / Educhannel Tv Lessons / Music Primary Education / Grade 4 / Educhannel Tv Lessons / Physical Education Primary Education / Grade 4 / Educhannel Tv Lessons / Art and Craft Primary Education / Grade 4 / Educhannel Tv Lessons / Kenya Sign Language Primary Education / Grade 4 / Educhannel Tv Lessons / Mathematics Primary Education / Grade 4 / Educhannel Tv Lessons / Science and Technology Primary Education / Grade 4 / Educhannel Tv Lessons / Social Studies Primary Education / Grade 4 / Educhannel Tv Lessons / English Primary Education / Grade 4 / Educhannel Tv Lessons / Kiswahili Primary Education / Grade 4 / Educhannel Tv Lessons / Environmental Activity Primary Education / Grade 4 / Radio lessons Primary Education / Grade 4 / Radio lessons / Social Studies Primary Education / Grade 4 / Radio lessons / Social Studies / Grade 4 Term 2 Primary Education / Grade 4 / Radio lessons / Social Studies / Grade 4 Term 3 Primary Education / Grade 4 / Radio lessons / CRE Primary Education / Grade 4 / Radio lessons / CRE / Grade 4 Term 2 Primary Education / Grade 4 / Radio lessons / English Primary Education / Grade 4 / Radio lessons / English / Grade 4 Term 2 Primary Education / Grade 4 / Radio lessons / English / Grade 4 Term 3 Primary Education / Grade 4 / Radio lessons / Hygiene and Nutrition Primary Education / Grade 4 / Radio lessons / Hygiene and Nutrition / Grade 4 Term 1 Primary Education / Grade 4 / Radio lessons / IRE Primary Education / Grade 4 / Radio lessons / IRE / Grade 4 Term 2 Primary Education / Grade 4 / Radio lessons / Science and Technology Primary Education / Grade 4 / Radio lessons / Science and Technology / Grade 4 Term 3 Primary Education / Grade 4 / Radio lessons / Agriculture Primary Education / Grade 4 / Radio lessons / Agriculture / Grade 4 Term 3 Primary Education / Grade 4 / Radio lessons / Mathematics Primary Education / Grade 4 / Radio lessons / Mathematics / Grade 4 Term 3 Primary Education / Grade 4 / SNE Primary Education / Grade 4 / Interactive Digital Content Primary Education / Grade 5 Primary Education / Grade 5 / Educhannel Tv Lessons Primary Education / Grade 5 / Educhannel Tv Lessons / English Primary Education / Grade 5 / Educhannel Tv Lessons / Kiswahili Primary Education / Grade 5 / Educhannel Tv Lessons / Mathematics Primary Education / Grade 5 / Radio Lessons Primary Education / Grade 5 / Radio Lessons / English Primary Education / Grade 5 / Radio Lessons / Science and Technology Primary Education / Grade 5 / Radio Lessons / Agriculture Primary Education / Grade 5 / Radio Lessons / Social studies Primary Education / Grade 5 / Radio Lessons / Christian Religious Education Primary Education / Grade 5 / Radio Lessons / Mathematics Primary Education / Grade 5 / Interactive Digital Content Primary Education / Grade 6 Primary Education / Grade 6 / Radio Lessons Primary Education / Grade 6 / Radio Lessons / CRE Primary Education / Grade 6 / Radio Lessons / Social Studies Primary Education / Grade 6 / Radio Lessons / Science Primary Education / Grade 6 / Radio Lessons / Kiswahili Primary Education / Grade 6 / Radio Lessons / English Primary Education / Grade 6 / Radio Lessons / Mathematics Primary Education / Grade 6 / Educhannel TV Lessons Primary Education / Grade 6 / Educhannel TV Lessons / Kiswahili Primary Education / Grade 6 / Educhannel TV Lessons / Agriculture Primary Education / Grade 6 / Educhannel TV Lessons / Art and Craft Primary Education / Grade 6 / Educhannel TV Lessons / English Primary Education / Grade 6 / Educhannel TV Lessons / Home Science Primary Education / Grade 6 / Educhannel TV Lessons / Music Primary Education / Grade 6 / Educhannel TV Lessons / Science and technology Primary Education / Grade 6 / Educhannel TV Lessons / Physical health education Primary Education / Grade 6 / Interactive Digital Content Junior School Junior School / Grade 8 Junior School / Grade 8 / Educhannel Tv Lessons Junior School / Grade 8 / Radio Lessons Junior School / Grade 8 / Interactive Digital Content Junior School / Grade 7 Junior School / Grade 7 / Educhannel TV lessons Junior School / Grade 7 / Radio Lessons Junior School / Grade 7 / Radio Lessons / Mathematics Junior School / Grade 7 / Radio Lessons / Kiswahili Junior School / Grade 7 / Radio Lessons / English Junior School / Grade 7 / Radio Lessons / Christian Religious Education Junior School / Grade 7 / Radio Lessons / Integrated Science Junior School / Grade 7 / Radio Lessons / Social Studies Junior School / Grade 7 / Radio Lessons / Pre-Technical Studies Junior School / Grade 7 / Interactive Digital Content Secondary Education Secondary Education / Form 1 Secondary Education / Form 1 / Interactive Digital Content Secondary Education / Form 1 / Educhannel Tv Lessons Secondary Education / Form 1 / Educhannel Tv Lessons / Mathematics Secondary Education / Form 1 / Educhannel Tv Lessons / English Secondary Education / Form 1 / Educhannel Tv Lessons / Physics Secondary Education / Form 1 / Educhannel Tv Lessons / Biology Secondary Education / Form 1 / Educhannel Tv Lessons / Chemistry Secondary Education / Form 1 / Educhannel Tv Lessons / Kiswahili Secondary Education / Form 1 / Educhannel Tv Lessons / History and Government Secondary Education / Form 1 / Educhannel Tv Lessons / Business Studies Secondary Education / Form 1 / Radio Lessons Secondary Education / Form 1 / Ebooks Secondary Education / Form 2 Secondary Education / Form 2 / Interactive Digital Content Secondary Education / Form 2 / Educhannel Tv Lessons Secondary Education / Form 2 / Educhannel Tv Lessons / Physics Secondary Education / Form 2 / Radio Lessons Secondary Education / Form 2 / Radio Lessons / Biology Secondary Education / Form 3 Secondary Education / Form 3 / Interactive Digital Content Secondary Education / Form 3 / Educhannel Tv Lessons Secondary Education / Form 3 / Educhannel Tv Lessons / Mathematics Secondary Education / Form 3 / Educhannel Tv Lessons / English Secondary Education / Form 3 / Educhannel Tv Lessons / Kiswahili Secondary Education / Form 3 / Educhannel Tv Lessons / Biology Secondary Education / Form 3 / Educhannel Tv Lessons / Chemistry Secondary Education / Form 3 / Educhannel Tv Lessons / Physics Secondary Education / Form 3 / Educhannel Tv Lessons / Business Studies Secondary Education / Form 3 / Educhannel Tv Lessons / History and Government Secondary Education / Form 3 / Radio Lessons Secondary Education / Form 4 Secondary Education / Form 4 / Interactive Digital Content Secondary Education / Form 4 / Educhannel Tv Lessons Secondary Education / Form 4 / Educhannel Tv Lessons / Form 4 Mathematics Secondary Education / Form 4 / Educhannel Tv Lessons / Form 4 English Secondary Education / Form 4 / Educhannel Tv Lessons / Form 4 Physics Secondary Education / Form 4 / Educhannel Tv Lessons / Form 4 Biology Secondary Education / Form 4 / Educhannel Tv Lessons / Form 4 Kiswahili Secondary Education / Form 4 / Educhannel Tv Lessons / Form 4 Chemistry Secondary Education / Form 4 / Educhannel Tv Lessons / Form 4 History and Government Secondary Education / Form 4 / Educhannel Tv Lessons / Form 4 Business Studies Secondary Education / Form 4 / Radio Lessons Secondary Education / Form 4 / Radio Lessons / Mathematics Secondary Education / Form 4 / Radio Lessons / Mathematics / Form 4 Term 1 Secondary Education / Form 4 / Radio Lessons / Mathematics / Form 4 Term 2 Secondary Education / Form 4 / Radio Lessons / Mathematics / Form 4 Term 3 General Knowledge General Knowledge / VOA Connect General Knowledge / Ask the expert General Knowledge / Citizenship and Democracy General Knowledge / Digital Story General Knowledge / Impacted Educhannel Lessons Educhannel Lessons / English Educhannel Lessons / English / Transport and travel Educhannel Lessons / English / Pronunciation skills Educhannel Lessons / English / Listening and speaking Educhannel Lessons / English / Family Educhannel Lessons / English / Environment Educhannel Lessons / English / Drug and Substance Educhannel Lessons / Agriculture Educhannel Lessons / Biology Educhannel Lessons / Biology / Living Things Educhannel Lessons / Biology / Secretion and homeostasis Educhannel Lessons / Biology / Support and movement Educhannel Lessons / Business Studies Educhannel Lessons / Chemistry Educhannel Lessons / Earth Movement and Volcanicity Educhannel Lessons / Environmental Activities Educhannel Lessons / Geograpghy Educhannel Lessons / History Educhannel Lessons / History / Kenyan History Educhannel Lessons / Homescience Educhannel Lessons / Homescience / Basic care clothing Educhannel Lessons / Kiswahili Educhannel Lessons / Kiswahili / Primary Educhannel Lessons / Kiswahili / Primary / Darasa 4-5 Educhannel Lessons / Kiswahili / Secondary Educhannel Lessons / Kiswahili / Secondary / Isimu Jamii Educhannel Lessons / Kiswahili / Secondary / Sarufi Educhannel Lessons / Mathematics Educhannel Lessons / Mathematics / Secondary Educhannel Lessons / Mathematics / Secondary / Commercial Arithmetics Educhannel Lessons / Mathematics / Primary Educhannel Lessons / Mathematics / Primary / Class 5-8 Educhannel Lessons / Mathematics / Primary / Class 5-8 / Practical uses of Money Educhannel Lessons / Mathematics / Primary / Class 5-8 / Measurement Educhannel Lessons / Organic Chemistry Educhannel Lessons / Performing Music Educhannel Lessons / Homescience Educhannel Lessons / Homescience / Basic care of clothing Educhannel Lessons / Art and Craft Educhannel Lessons / Physics Educhannel Lessons / Physics / Thermodynamics Educhannel Lessons / Physics / Mechanics Educhannel Lessons / Physics / Electricity and Magnetism Educhannel Lessons / The Doyen Exposition Educhannel Lessons / Science Educhannel Lessons / Science / Making work easier Educhannel Lessons / Science / Living Things Educhannel Lessons / Science / Energy conservation Educhannel Lessons / Physical and Health Education Educhannel Lessons / Physical and Health Education / Grade 1-4 Open Education Resourses(OERs) Open Education Resourses(OERs) / Movement and Creative Activities Open Education Resourses(OERs) / 	Religious Education Activities Open Education Resourses(OERs) / Mathematical Activities Open Education Resourses(OERs) / Environmental Activities Open Education Resourses(OERs) / Kiswahili Language Open Education Resourses(OERs) / LTK | Concordia University Open Education Resourses(OERs) / Hygiene and Nutrition Open Education Resourses(OERs) / ENGLISH LANGUAGE ACTIVITIES Open Education Resourses(OERs) / Casio Materials Open Education Resourses(OERs) / Health Education Open Education Resourses(OERs) / Carbon Literacy Special Needs Education Special Needs Education / Grade 1 Special Needs Education / Grade 1 / Adapted Interactive Digital Content for Hearing Impaired(HI) Special Needs Education / Grade 1 / Adapted Interactive Digital Content for Hearing Impaired(HI) / English Activities Special Needs Education / Grade 1 / Adapted Interactive Digital Content for Hearing Impaired(HI) / Environmental Activities Special Needs Education / Grade 1 / Adapted Interactive Digital Content for Hearing Impaired(HI) / Creative Activities Special Needs Education / Grade 1 / Adapted Interactive Digital Content for Visual Impaired(VI) Special Needs Education / Grade 2 Special Needs Education / Grade 2 / Adapted Interactive Digital Content for Hearing Impaired(HI) Special Needs Education / Grade 2 / Adapted Interactive Digital Content for Hearing Impaired(HI) / Mathematics Grade 2 Special Needs Education / Grade 2 / Adapted Interactive Digital Content for Hearing Impaired(HI) / Environmental Activities Grade 2 Special Needs Education / Grade 2 / Adapted Interactive Digital Content for Hearing Impaired(HI) / Hygiene and Nutrition Grade 2 Special Needs Education / Grade 2 / Adapted Interactive Digital Content for Hearing Impaired(HI) / Christian Religious Education Grade 2 (HI) Special Needs Education / Grade 2 / Adapted Interactive Digital Content for Hearing Impaired(HI) / Literacy Activities Grade2 (HI) Special Needs Education / Grade 2 / Adapted Interactive Digital Content for Hearing Impaired(HI) / English Activities Grad2 H.I Special Needs Education / Grade 2 / Adapted Interactive Digital Content for Hearing Impaired(HI) / Creative Activities Grade2 -H.I Special Needs Education / Grade 2 / Adapted Interactive Digital Content for Visual Impaired(VI) Special Needs Education / Grade 2 / Adapted Interactive Digital Content for Visual Impaired(VI) / Mathematics Special Needs Education / Grade 2 / Adapted Interactive Digital Content for Visual Impaired(VI) / Kiswahili Special Needs Education / Grade 2 / Adapted Interactive Digital Content for Visual Impaired(VI) / English Special Needs Education / Grade 2 / Adapted Interactive Digital Content for Visual Impaired(VI) / Creative Activities Special Needs Education / Grade 2 / Adapted Interactive Digital Content for Visual Impaired(VI) / CRE Special Needs Education / Grade 3 Special Needs Education / Grade 3 / Adapted Interactive Digital Content for Learners with Hearing Impairment (HI) Special Needs Education / Grade 3 / Adapted Interactive Digital Content for Learners with Hearing Impairment (HI) / Visual Arts Special Needs Education / Grade 3 / Adapted Interactive Digital Content for Learners with Hearing Impairment (HI) / English Special Needs Education / Grade 3 / Adapted Interactive Digital Content for Learners with Hearing Impairment (HI) / Hygiene and Nutrition Special Needs Education / Grade 3 / Adapted Interactive Digital Content for Learners with Hearing Impairment (HI) / Music Special Needs Education / Grade 3 / Adapted Interactive Digital Content for Learners with Hearing Impairment (HI) / Mathematics Special Needs Education / Grade 3 / Adapted Interactive Digital Content for Learners with Hearing Impairment (HI) / Environmental Special Needs Education / Grade 3 / Adapted Interactive Digital Content for Learners with Hearing Impairment (HI) / CRE Special Needs Education / Grade 3 / Adapted Interactive Digital Content for Learners with Visual Impairment (VI) Special Needs Education / Grade 3 / Adapted Interactive Digital Content for Learners with Visual Impairment (VI) / Music Special Needs Education / Grade 3 / Adapted Interactive Digital Content for Learners with Visual Impairment (VI) / Mathematics Special Needs Education / Grade 3 / Adapted Interactive Digital Content for Learners with Visual Impairment (VI) / Visual Arts Special Needs Education / Grade 3 / Adapted Interactive Digital Content for Learners with Visual Impairment (VI) / Kiswahili Special Needs Education / Grade 3 / Adapted Interactive Digital Content for Learners with Visual Impairment (VI) / Hygiene and Nutrition Special Needs Education / Grade 3 / Adapted Interactive Digital Content for Learners with Visual Impairment (VI) / Environmental Special Needs Education / Grade 3 / Adapted Interactive Digital Content for Learners with Visual Impairment (VI) / English Special Needs Education / Grade 3 / Adapted Interactive Digital Content for Learners with Visual Impairment (VI) / CRE Special Needs Education / Grade 4 Special Needs Education / Grade 4 / Adapted Interactive Digital Content for Learners with Hearing Impairment (HI) Special Needs Education / Grade 4 / Adapted Interactive Digital Content for Learners with Hearing Impairment (HI) / Mathematics Special Needs Education / Grade 4 / Adapted Interactive Digital Content for Learners with Hearing Impairment (HI) / English Special Needs Education / Grade 4 / Adapted Interactive Digital Content for Learners with Hearing Impairment (HI) / Science and Technology Special Needs Education / Grade 4 / Adapted Interactive Digital Content for Learners with Hearing Impairment (HI) / Agriculture Special Needs Education / Grade 4 / Adapted Interactive Digital Content for Learners with Hearing Impairment (HI) / Social Studies Special Needs Education / Grade 4 / Adapted Interactive Digital Content for Learners with Hearing Impairment (HI) / Home Science Special Needs Education / Grade 4 / Adapted Interactive Digital Content for Learners with Hearing Impairment (HI) / Art and Craft Special Needs Education / Grade 4 / Adapted Interactive Digital Content for Learners with Hearing Impairment (HI) / Music Special Needs Education / Grade 4 / Adapted Interactive Digital Content for Learners with Hearing Impairment (HI) / Christian Religious Education (CRE) Special Needs Education / Grade 4 / Adapted Interactive Digital Content for Learners with Visual Impairment (VI) Special Needs Education / Grade 4 / Adapted Interactive Digital Content for Learners with Visual Impairment (VI) / Mathematics Special Needs Education / Grade 4 / Adapted Interactive Digital Content for Learners with Visual Impairment (VI) / English Special Needs Education / Grade 4 / Adapted Interactive Digital Content for Learners with Visual Impairment (VI) / Kiswahili Special Needs Education / Grade 4 / Adapted Interactive Digital Content for Learners with Visual Impairment (VI) / Science and Technology Special Needs Education / Grade 4 / Adapted Interactive Digital Content for Learners with Visual Impairment (VI) / Agriculture Special Needs Education / Grade 4 / Adapted Interactive Digital Content for Learners with Visual Impairment (VI) / Social Studies Special Needs Education / Grade 4 / Adapted Interactive Digital Content for Learners with Visual Impairment (VI) / Home Science Special Needs Education / Grade 4 / Adapted Interactive Digital Content for Learners with Visual Impairment (VI) / Art and Craft Special Needs Education / Grade 4 / Adapted Interactive Digital Content for Learners with Visual Impairment (VI) / Christian Religious Education (CRE) Special Needs Education / Grade 4 / Adapted Interactive Digital Content for Learners with Visual Impairment (VI) / Music Special Needs Education / Grade 5 Special Needs Education / Grade 5 / Adapted Interactive Digital Content for Learners with Hearing Impairment (HI) Special Needs Education / Grade 5 / Adapted Interactive Digital Content for Learners with Hearing Impairment (HI) / English Special Needs Education / Grade 5 / Adapted Interactive Digital Content for Learners with Hearing Impairment (HI) / Christian Religious Education Special Needs Education / Grade 5 / Adapted Interactive Digital Content for Learners with Hearing Impairment (HI) / Social Studies Special Needs Education / Grade 5 / Adapted Interactive Digital Content for Learners with Hearing Impairment (HI) / Agriculture and Nutrition Special Needs Education / Grade 5 / Adapted Interactive Digital Content for Learners with Hearing Impairment (HI) / Creative Arts Special Needs Education / Grade 5 / Adapted Interactive Digital Content for Learners with Hearing Impairment (HI) / Mathematics Special Needs Education / Grade 5 / Adapted Interactive Digital Content for Learners with Hearing Impairment (HI) / Science and Technology Special Needs Education / Grade 5 / Adapted Interactive Digital Content for Learners with Hearing Impairment (HI) / Islamic Religious Education Special Needs Education / Grade 5 / Adapted Interactive Digital Content for Learners with Visual Impairment (VI) Special Needs Education / Grade 5 / Adapted Interactive Digital Content for Learners with Visual Impairment (VI) / Creative Arts Special Needs Education / Grade 5 / Adapted Interactive Digital Content for Learners with Visual Impairment (VI) / Social Studies Special Needs Education / Grade 5 / Adapted Interactive Digital Content for Learners with Visual Impairment (VI) / Kiswahili Special Needs Education / Grade 5 / Adapted Interactive Digital Content for Learners with Visual Impairment (VI) / Christian Religious Education Special Needs Education / Grade 5 / Adapted Interactive Digital Content for Learners with Visual Impairment (VI) / Science and Technology Special Needs Education / Grade 5 / Adapted Interactive Digital Content for Learners with Visual Impairment (VI) / Agriculture and Nutrition Special Needs Education / Grade 5 / Adapted Interactive Digital Content for Learners with Visual Impairment (VI) / Islamic Religious Education Special Needs Education / Grade 5 / Adapted Interactive Digital Content for Learners with Visual Impairment (VI) / Mathematics Special Needs Education / Grade 5 / Adapted Interactive Digital Content for Learners with Visual Impairment (VI) / English Special Needs Education / Grade 6 Special Needs Education / Grade 6 / Adapted Interactive Digital Content for Learners with Hearing Impairment (HI) Special Needs Education / Grade 6 / Adapted Interactive Digital Content for Learners with Hearing Impairment (HI) / Science and Technology Special Needs Education / Grade 6 / Adapted Interactive Digital Content for Learners with Hearing Impairment (HI) / Christian Religious Education Special Needs Education / Grade 6 / Adapted Interactive Digital Content for Learners with Hearing Impairment (HI) / Creative Arts Special Needs Education / Grade 6 / Adapted Interactive Digital Content for Learners with Hearing Impairment (HI) / Islamic Religious Education Special Needs Education / Grade 6 / Adapted Interactive Digital Content for Learners with Hearing Impairment (HI) / English Special Needs Education / Grade 6 / Adapted Interactive Digital Content for Learners with Hearing Impairment (HI) / Social Studies Special Needs Education / Grade 6 / Adapted Interactive Digital Content for Learners with Hearing Impairment (HI) / Agriculture Special Needs Education / Grade 6 / Adapted Interactive Digital Content for Learners with Hearing Impairment (HI) / Mathematics Special Needs Education / Grade 6 / Adapted Interactive Digital Content for Learners with Visual Impairment (VI) Special Needs Education / Grade 6 / Adapted Interactive Digital Content for Learners with Visual Impairment (VI) / Christian Religious Education Special Needs Education / Grade 6 / Adapted Interactive Digital Content for Learners with Visual Impairment (VI) / Kiswahili Special Needs Education / Grade 6 / Adapted Interactive Digital Content for Learners with Visual Impairment (VI) / English Special Needs Education / Grade 6 / Adapted Interactive Digital Content for Learners with Visual Impairment (VI) / Creative Arts Special Needs Education / Grade 6 / Adapted Interactive Digital Content for Learners with Visual Impairment (VI) / Mathematics Special Needs Education / Grade 6 / Adapted Interactive Digital Content for Learners with Visual Impairment (VI) / Science and Technology Special Needs Education / Grade 6 / Adapted Interactive Digital Content for Learners with Visual Impairment (VI) / Islamic Religious Education Special Needs Education / Grade 6 / Adapted Interactive Digital Content for Learners with Visual Impairment (VI) / Social Studies Special Needs Education / Grade 6 / Adapted Interactive Digital Content for Learners with Visual Impairment (VI) / Agriculture and Nutrition Special Needs Education / Ebooks Special Needs Education / Videos Special Needs Education / Foundational and Stage-Based Special Needs Education / Prevocational Level Special Needs Education / Prevocational Level / Music Special Needs Education / Prevocational Level / Hindu Religious Education Special Needs Education / Prevocational Level / Christian Religious Education Special Needs Education / Prevocational Level / Physical Education Special Needs Education / Prevocational Level / Islamic Religious Education Special Needs Education / Prevocational Level / Social Studies Special Needs Education / Prevocational Level / Prevocational Skills 1 Special Needs Education / Prevocational Level / Prevocational Skills 2 Special Needs Education / Prevocational Level / Prevocational Skills 3 Accessible Digital Textbooks Interactive Simulations for Sciences and Mathematics Interactive Simulations for Sciences and Mathematics / Physics Interactive Simulations for Sciences and Mathematics / Chemistry Interactive Simulations for Sciences and Mathematics / Mathematics Information, Education and Communication(IEC) Materials Information, Education and Communication(IEC) Materials / Child Online Safety Information, Education and Communication(IEC) Materials / Child Road Safety Information, Education and Communication(IEC) Materials / Child Road Safety / Integration Matrices Information, Education and Communication(IEC) Materials / Child Road Safety / Integration Matrices / Early Years Education Information, Education and Communication(IEC) Materials / Child Road Safety / Integration Matrices / Upper Primary Information, Education and Communication(IEC) Materials / Child Road Safety / Integration Matrices / Junior School Information, Education and Communication(IEC) Materials / Child Road Safety / Integration Matrices / Senior School Information, Education and Communication(IEC) Materials / Child Road Safety / Information, Education and Communication(IEC) Materials on Child Road Safety Information, Education and Communication(IEC) Materials / Child Road Safety / Information, Education and Communication(IEC) Materials on Child Road Safety / Early Years Education Information, Education and Communication(IEC) Materials / Child Road Safety / Information, Education and Communication(IEC) Materials on Child Road Safety / Upper Primary Information, Education and Communication(IEC) Materials / Child Road Safety / Information, Education and Communication(IEC) Materials on Child Road Safety / Junior School Information, Education and Communication(IEC) Materials / Child Road Safety / Information, Education and Communication(IEC) Materials on Child Road Safety / Senior School Information, Education and Communication(IEC) Materials / Child Road Safety / Teacher's Handbook Information, Education and Communication(IEC) Materials / Financial Literacy Learners’ Toolkit Teacher Resources Teacher Resources / Educational Resources Materials Development Teacher Resources / Educational Resources Materials Development / CRE Teacher Resources / Educational Resources Materials Development / English Teacher Resources / Educational Resources Materials Development / Environment Teacher Resources / Educational Resources Materials Development / Foundations Teacher Resources / Educational Resources Materials Development / H.R.E Teacher Resources / Educational Resources Materials Development / Hygiene and Nutrition Teacher Resources / Educational Resources Materials Development / I.R.E Teacher Resources / Educational Resources Materials Development / Kiswahili Teacher Resources / Educational Resources Materials Development / Language Activities Teacher Resources / Educational Resources Materials Development / Literacy Skills Teacher Resources / Educational Resources Materials Development / Mathematics Teacher Resources / Educational Resources Materials Development / Movements and Arts Teacher Resources / Pre-Primary Teacher Radio Programmes Teacher Resources / CBC Courses Teacher Resources / Special Needs Educations Teacher Resources / Interactive Digital Content for Teacher Education Teacher Resources / Interactive Digital Content for Teacher Education / English Teacher Resources / Interactive Digital Content for Teacher Education / Music Teacher Resources / Interactive Digital Content for Teacher Education / Christian Religious Education Teacher Resources / Interactive Digital Content for Teacher Education / Art and Craft Teacher Resources / Interactive Digital Content for Teacher Education / Indigenous Languages Teacher Resources / Interactive Digital Content for Teacher Education / Home science Teacher Resources / Interactive Digital Content for Teacher Education / Science and Technology Teacher Resources / Interactive Digital Content for Teacher Education / Islamic Religious Education Teacher Resources / Interactive Digital Content for Teacher Education / Mandarin Teacher Resources / Interactive Digital Content for Teacher Education / Agriculture Teacher Resources / Interactive Digital Content for Teacher Education / Mathematics Teacher Resources / Interactive Digital Content for Teacher Education / French Teacher Resources / Interactive Digital Content for Teacher Education / Hindu Religious Education Teacher Resources / Interactive Digital Content for Teacher Education / Social Studies Teacher Resources / Interactive Digital Content for Teacher Education / Kiswahili Teacher Resources / Interactive Digital Content for Teacher Education / Physical Education Teacher Resources / Interactive Digital Content for Teacher Education / Arabic Parental Resources Financial Literacy Financial Literacy / Financial Literacy for Junior School Financial Literacy / Financial Literacy for Junior School / Taxation Financial Literacy / Financial Literacy for Senior School Financial Literacy / Financial Literacy for Senior School / Taxation Search lessons Search Expand allEduchannel TV lessonsRadio LessonsInteractive Digital Content Educhannel TV lessonsRadio LessonsInteractive Digital Content Digital Content | Kenya Education Cloud | Unlimited Learning Experiences Skip to main content (Login) Grade 7 Home Lessons Junior School Grade 7 Lesson categories: Pre-Primary Pre-Primary / Radio Lessons Pre-Primary / Educhannel Video Lessons Pre-Primary / Educhannel Video Lessons / Language Activities Pre-Primary / Educhannel Video Lessons / Mathematics Pre-Primary / Educhannel Video Lessons / Our School Pre-Primary / Educhannel Video Lessons / Picture Making Pre-Primary / Educhannel Video Lessons / Social Environment Pre-Primary / Educhannel Video Lessons / Pre-Primary 1 Pre-Primary / Educhannel Video Lessons / Pre-Primary 2 Pre-Primary / Interactive digital Content Pre-Primary / Ebooks Primary Education Primary Education / Grade 1 Primary Education / Grade 1 / Educhannel TV Lessons Primary Education / Grade 1 / Educhannel TV Lessons / English Primary Education / Grade 1 / Educhannel TV Lessons / Mathematics Primary Education / Grade 1 / Educhannel TV Lessons / Kiswahili Primary Education / Grade 1 / Educhannel TV Lessons / Kenya Sign Language(KSL) Primary Education / Grade 1 / Educhannel TV Lessons / Hygiene and nutrition Primary Education / Grade 1 / Educhannel TV Lessons / Environmental Activities Primary Education / Grade 1 / Interactive Digital Content Primary Education / Grade 1 / Radio Lessons Primary Education / Grade 1 / Radio Lessons / Mathematics Primary Education / Grade 1 / Radio Lessons / Mathematics / Grade 1 Term 2 Primary Education / Grade 1 / Radio Lessons / Mathematics / Grade 1 Term 3 Primary Education / Grade 1 / Radio Lessons / Kiswahili Primary Education / Grade 1 / Radio Lessons / Kiswahili / Grade 1 Term 2 Primary Education / Grade 1 / Radio Lessons / Kiswahili / Grade 1 Term 3 Primary Education / Grade 1 / Radio Lessons / English Primary Education / Grade 1 / Radio Lessons / English / Grade 1 Term 2 Primary Education / Grade 1 / Radio Lessons / English / Grade 1 Term 3 Primary Education / Grade 1 / Ebooks Primary Education / Grade 1 / Ebooks / Tusome readers Primary Education / Grade 1 / Ebooks / Indigenous Languages Primary Education / Grade 2 Primary Education / Grade 2 / Interactive Digital Content Primary Education / Grade 2 / Educhannel Tv Lessons Primary Education / Grade 2 / Educhannel Tv Lessons / Mathematics Primary Education / Grade 2 / Educhannel Tv Lessons / English Primary Education / Grade 2 / Radio Lessons Primary Education / Grade 2 / Radio Lessons / Mathematics Primary Education / Grade 2 / Radio Lessons / Mathematics / Grade 2 Term 2 Primary Education / Grade 2 / Radio Lessons / English Primary Education / Grade 2 / Radio Lessons / English / Grade 2 Term 2 Primary Education / Grade 2 / Radio Lessons / English / Grade 2 Term 3 Primary Education / Grade 2 / Radio Lessons / Kiswahili Primary Education / Grade 2 / Radio Lessons / Kiswahili / Grade 2 Term 3 Primary Education / Grade 2 / Hygiene and Nutrition Primary Education / Grade 2 / Hygiene and Nutrition / Grade 2 Term 2 Primary Education / Grade 2 / E-books Primary Education / Grade 2 / E-books / Tusome Readers Primary Education / Grade 3 Primary Education / Grade 3 / Radio Lessons Primary Education / Grade 3 / Radio Lessons / Mathematics Primary Education / Grade 3 / Radio Lessons / Mathematics / Grade 3 Term 2 Primary Education / Grade 3 / Radio Lessons / Mathematics / Grade 3 Term 3 Primary Education / Grade 3 / Radio Lessons / English Primary Education / Grade 3 / Radio Lessons / English / Grade 3 Term 2 Primary Education / Grade 3 / Radio Lessons / English / Grade 3 Term 3 Primary Education / Grade 3 / Radio Lessons / Environmental Activities Primary Education / Grade 3 / Radio Lessons / Environmental Activities / Grade 3 Term 2 Primary Education / Grade 3 / Radio Lessons / Kiswahili Primary Education / Grade 3 / Radio Lessons / Kiswahili / Grade 3 Term 3 Primary Education / Grade 3 / Educhannel TV Lessons Primary Education / Grade 3 / Educhannel TV Lessons / Mathematics Primary Education / Grade 3 / Educhannel TV Lessons / English Primary Education / Grade 3 / Educhannel TV Lessons / Kiswahili Primary Education / Grade 3 / Educhannel TV Lessons / Hygiene and Nutrition Primary Education / Grade 3 / Educhannel TV Lessons / Environmental Activities Primary Education / Grade 3 / Interactive Digital Content Primary Education / Grade 3 / EBooks Primary Education / Grade 3 / Tusome English Video Lessons Primary Education / Grade 3 / Tusome English Video Lessons / Tusome English Grade 3 Lessons Primary Education / Grade 4 Primary Education / Grade 4 / Educhannel Tv Lessons Primary Education / Grade 4 / Educhannel Tv Lessons / Home Science Primary Education / Grade 4 / Educhannel Tv Lessons / Agriculture Primary Education / Grade 4 / Educhannel Tv Lessons / Music Primary Education / Grade 4 / Educhannel Tv Lessons / Physical Education Primary Education / Grade 4 / Educhannel Tv Lessons / Art and Craft Primary Education / Grade 4 / Educhannel Tv Lessons / Kenya Sign Language Primary Education / Grade 4 / Educhannel Tv Lessons / Mathematics Primary Education / Grade 4 / Educhannel Tv Lessons / Science and Technology Primary Education / Grade 4 / Educhannel Tv Lessons / Social Studies Primary Education / Grade 4 / Educhannel Tv Lessons / English Primary Education / Grade 4 / Educhannel Tv Lessons / Kiswahili Primary Education / Grade 4 / Educhannel Tv Lessons / Environmental Activity Primary Education / Grade 4 / Radio lessons Primary Education / Grade 4 / Radio lessons / Social Studies Primary Education / Grade 4 / Radio lessons / Social Studies / Grade 4 Term 2 Primary Education / Grade 4 / Radio lessons / Social Studies / Grade 4 Term 3 Primary Education / Grade 4 / Radio lessons / CRE Primary Education / Grade 4 / Radio lessons / CRE / Grade 4 Term 2 Primary Education / Grade 4 / Radio lessons / English Primary Education / Grade 4 / Radio lessons / English / Grade 4 Term 2 Primary Education / Grade 4 / Radio lessons / English / Grade 4 Term 3 Primary Education / Grade 4 / Radio lessons / Hygiene and Nutrition Primary Education / Grade 4 / Radio lessons / Hygiene and Nutrition / Grade 4 Term 1 Primary Education / Grade 4 / Radio lessons / IRE Primary Education / Grade 4 / Radio lessons / IRE / Grade 4 Term 2 Primary Education / Grade 4 / Radio lessons / Science and Technology Primary Education / Grade 4 / Radio lessons / Science and Technology / Grade 4 Term 3 Primary Education / Grade 4 / Radio lessons / Agriculture Primary Education / Grade 4 / Radio lessons / Agriculture / Grade 4 Term 3 Primary Education / Grade 4 / Radio lessons / Mathematics Primary Education / Grade 4 / Radio lessons / Mathematics / Grade 4 Term 3 Primary Education / Grade 4 / SNE Primary Education / Grade 4 / Interactive Digital Content Primary Education / Grade 5 Primary Education / Grade 5 / Educhannel Tv Lessons Primary Education / Grade 5 / Educhannel Tv Lessons / English Primary Education / Grade 5 / Educhannel Tv Lessons / Kiswahili Primary Education / Grade 5 / Educhannel Tv Lessons / Mathematics Primary Education / Grade 5 / Radio Lessons Primary Education / Grade 5 / Radio Lessons / English Primary Education / Grade 5 / Radio Lessons / Science and Technology Primary Education / Grade 5 / Radio Lessons / Agriculture Primary Education / Grade 5 / Radio Lessons / Social studies Primary Education / Grade 5 / Radio Lessons / Christian Religious Education Primary Education / Grade 5 / Radio Lessons / Mathematics Primary Education / Grade 5 / Interactive Digital Content Primary Education / Grade 6 Primary Education / Grade 6 / Radio Lessons Primary Education / Grade 6 / Radio Lessons / CRE Primary Education / Grade 6 / Radio Lessons / Social Studies Primary Education / Grade 6 / Radio Lessons / Science Primary Education / Grade 6 / Radio Lessons / Kiswahili Primary Education / Grade 6 / Radio Lessons / English Primary Education / Grade 6 / Radio Lessons / Mathematics Primary Education / Grade 6 / Educhannel TV Lessons Primary Education / Grade 6 / Educhannel TV Lessons / Kiswahili Primary Education / Grade 6 / Educhannel TV Lessons / Agriculture Primary Education / Grade 6 / Educhannel TV Lessons / Art and Craft Primary Education / Grade 6 / Educhannel TV Lessons / English Primary Education / Grade 6 / Educhannel TV Lessons / Home Science Primary Education / Grade 6 / Educhannel TV Lessons / Music Primary Education / Grade 6 / Educhannel TV Lessons / Science and technology Primary Education / Grade 6 / Educhannel TV Lessons / Physical health education Primary Education / Grade 6 / Interactive Digital Content Junior School Junior School / Grade 8 Junior School / Grade 8 / Educhannel Tv Lessons Junior School / Grade 8 / Radio Lessons Junior School / Grade 8 / Interactive Digital Content Junior School / Grade 7 Junior School / Grade 7 / Educhannel TV lessons Junior School / Grade 7 / Radio Lessons Junior School / Grade 7 / Radio Lessons / Mathematics Junior School / Grade 7 / Radio Lessons / Kiswahili Junior School / Grade 7 / Radio Lessons / English Junior School / Grade 7 / Radio Lessons / Christian Religious Education Junior School / Grade 7 / Radio Lessons / Integrated Science Junior School / Grade 7 / Radio Lessons / Social Studies Junior School / Grade 7 / Radio Lessons / Pre-Technical Studies Junior School / Grade 7 / Interactive Digital Content Secondary Education Secondary Education / Form 1 Secondary Education / Form 1 / Interactive Digital Content Secondary Education / Form 1 / Educhannel Tv Lessons Secondary Education / Form 1 / Educhannel Tv Lessons / Mathematics Secondary Education / Form 1 / Educhannel Tv Lessons / English Secondary Education / Form 1 / Educhannel Tv Lessons / Physics Secondary Education / Form 1 / Educhannel Tv Lessons / Biology Secondary Education / Form 1 / Educhannel Tv Lessons / Chemistry Secondary Education / Form 1 / Educhannel Tv Lessons / Kiswahili Secondary Education / Form 1 / Educhannel Tv Lessons / History and Government Secondary Education / Form 1 / Educhannel Tv Lessons / Business Studies Secondary Education / Form 1 / Radio Lessons Secondary Education / Form 1 / Ebooks Secondary Education / Form 2 Secondary Education / Form 2 / Interactive Digital Content Secondary Education / Form 2 / Educhannel Tv Lessons Secondary Education / Form 2 / Educhannel Tv Lessons / Physics Secondary Education / Form 2 / Radio Lessons Secondary Education / Form 2 / Radio Lessons / Biology Secondary Education / Form 3 Secondary Education / Form 3 / Interactive Digital Content Secondary Education / Form 3 / Educhannel Tv Lessons Secondary Education / Form 3 / Educhannel Tv Lessons / Mathematics Secondary Education / Form 3 / Educhannel Tv Lessons / English Secondary Education / Form 3 / Educhannel Tv Lessons / Kiswahili Secondary Education / Form 3 / Educhannel Tv Lessons / Biology Secondary Education / Form 3 / Educhannel Tv Lessons / Chemistry Secondary Education / Form 3 / Educhannel Tv Lessons / Physics Secondary Education / Form 3 / Educhannel Tv Lessons / Business Studies Secondary Education / Form 3 / Educhannel Tv Lessons / History and Government Secondary Education / Form 3 / Radio Lessons Secondary Education / Form 4 Secondary Education / Form 4 / Interactive Digital Content Secondary Education / Form 4 / Educhannel Tv Lessons Secondary Education / Form 4 / Educhannel Tv Lessons / Form 4 Mathematics Secondary Education / Form 4 / Educhannel Tv Lessons / Form 4 English Secondary Education / Form 4 / Educhannel Tv Lessons / Form 4 Physics Secondary Education / Form 4 / Educhannel Tv Lessons / Form 4 Biology Secondary Education / Form 4 / Educhannel Tv Lessons / Form 4 Kiswahili Secondary Education / Form 4 / Educhannel Tv Lessons / Form 4 Chemistry Secondary Education / Form 4 / Educhannel Tv Lessons / Form 4 History and Government Secondary Education / Form 4 / Educhannel Tv Lessons / Form 4 Business Studies Secondary Education / Form 4 / Radio Lessons Secondary Education / Form 4 / Radio Lessons / Mathematics Secondary Education / Form 4 / Radio Lessons / Mathematics / Form 4 Term 1 Secondary Education / Form 4 / Radio Lessons / Mathematics / Form 4 Term 2 Secondary Education / Form 4 / Radio Lessons / Mathematics / Form 4 Term 3 General Knowledge General Knowledge / VOA Connect General Knowledge / Ask the expert General Knowledge / Citizenship and Democracy General Knowledge / Digital Story General Knowledge / Impacted Educhannel Lessons Educhannel Lessons / English Educhannel Lessons / English / Transport and travel Educhannel Lessons / English / Pronunciation skills Educhannel Lessons / English / Listening and speaking Educhannel Lessons / English / Family Educhannel Lessons / English / Environment Educhannel Lessons / English / Drug and Substance Educhannel Lessons / Agriculture Educhannel Lessons / Biology Educhannel Lessons / Biology / Living Things Educhannel Lessons / Biology / Secretion and homeostasis Educhannel Lessons / Biology / Support and movement Educhannel Lessons / Business Studies Educhannel Lessons / Chemistry Educhannel Lessons / Earth Movement and Volcanicity Educhannel Lessons / Environmental Activities Educhannel Lessons / Geograpghy Educhannel Lessons / History Educhannel Lessons / History / Kenyan History Educhannel Lessons / Homescience Educhannel Lessons / Homescience / Basic care clothing Educhannel Lessons / Kiswahili Educhannel Lessons / Kiswahili / Primary Educhannel Lessons / Kiswahili / Primary / Darasa 4-5 Educhannel Lessons / Kiswahili / Secondary Educhannel Lessons / Kiswahili / Secondary / Isimu Jamii Educhannel Lessons / Kiswahili / Secondary / Sarufi Educhannel Lessons / Mathematics Educhannel Lessons / Mathematics / Secondary Educhannel Lessons / Mathematics / Secondary / Commercial Arithmetics Educhannel Lessons / Mathematics / Primary Educhannel Lessons / Mathematics / Primary / Class 5-8 Educhannel Lessons / Mathematics / Primary / Class 5-8 / Practical uses of Money Educhannel Lessons / Mathematics / Primary / Class 5-8 / Measurement Educhannel Lessons / Organic Chemistry Educhannel Lessons / Performing Music Educhannel Lessons / Homescience Educhannel Lessons / Homescience / Basic care of clothing Educhannel Lessons / Art and Craft Educhannel Lessons / Physics Educhannel Lessons / Physics / Thermodynamics Educhannel Lessons / Physics / Mechanics Educhannel Lessons / Physics / Electricity and Magnetism Educhannel Lessons / The Doyen Exposition Educhannel Lessons / Science Educhannel Lessons / Science / Making work easier Educhannel Lessons / Science / Living Things Educhannel Lessons / Science / Energy conservation Educhannel Lessons / Physical and Health Education Educhannel Lessons / Physical and Health Education / Grade 1-4 Open Education Resourses(OERs) Open Education Resourses(OERs) / Movement and Creative Activities Open Education Resourses(OERs) / 	Religious Education Activities Open Education Resourses(OERs) / Mathematical Activities Open Education Resourses(OERs) / Environmental Activities Open Education Resourses(OERs) / Kiswahili Language Open Education Resourses(OERs) / LTK | Concordia University Open Education Resourses(OERs) / Hygiene and Nutrition Open Education Resourses(OERs) / ENGLISH LANGUAGE ACTIVITIES Open Education Resourses(OERs) / Casio Materials Open Education Resourses(OERs) / Health Education Open Education Resourses(OERs) / Carbon Literacy Special Needs Education Special Needs Education / Grade 1 Special Needs Education / Grade 1 / Adapted Interactive Digital Content for Hearing Impaired(HI) Special Needs Education / Grade 1 / Adapted Interactive Digital Content for Hearing Impaired(HI) / English Activities Special Needs Education / Grade 1 / Adapted Interactive Digital Content for Hearing Impaired(HI) / Environmental Activities Special Needs Education / Grade 1 / Adapted Interactive Digital Content for Hearing Impaired(HI) / Creative Activities Special Needs Education / Grade 1 / Adapted Interactive Digital Content for Visual Impaired(VI) Special Needs Education / Grade 2 Special Needs Education / Grade 2 / Adapted Interactive Digital Content for Hearing Impaired(HI) Special Needs Education / Grade 2 / Adapted Interactive Digital Content for Hearing Impaired(HI) / Mathematics Grade 2 Special Needs Education / Grade 2 / Adapted Interactive Digital Content for Hearing Impaired(HI) / Environmental Activities Grade 2 Special Needs Education / Grade 2 / Adapted Interactive Digital Content for Hearing Impaired(HI) / Hygiene and Nutrition Grade 2 Special Needs Education / Grade 2 / Adapted Interactive Digital Content for Hearing Impaired(HI) / Christian Religious Education Grade 2 (HI) Special Needs Education / Grade 2 / Adapted Interactive Digital Content for Hearing Impaired(HI) / Literacy Activities Grade2 (HI) Special Needs Education / Grade 2 / Adapted Interactive Digital Content for Hearing Impaired(HI) / English Activities Grad2 H.I Special Needs Education / Grade 2 / Adapted Interactive Digital Content for Hearing Impaired(HI) / Creative Activities Grade2 -H.I Special Needs Education / Grade 2 / Adapted Interactive Digital Content for Visual Impaired(VI) Special Needs Education / Grade 2 / Adapted Interactive Digital Content for Visual Impaired(VI) / Mathematics Special Needs Education / Grade 2 / Adapted Interactive Digital Content for Visual Impaired(VI) / Kiswahili Special Needs Education / Grade 2 / Adapted Interactive Digital Content for Visual Impaired(VI) / English Special Needs Education / Grade 2 / Adapted Interactive Digital Content for Visual Impaired(VI) / Creative Activities Special Needs Education / Grade 2 / Adapted Interactive Digital Content for Visual Impaired(VI) / CRE Special Needs Education / Grade 3 Special Needs Education / Grade 3 / Adapted Interactive Digital Content for Learners with Hearing Impairment (HI) Special Needs Education / Grade 3 / Adapted Interactive Digital Content for Learners with Hearing Impairment (HI) / Visual Arts Special Needs Education / Grade 3 / Adapted Interactive Digital Content for Learners with Hearing Impairment (HI) / English Special Needs Education / Grade 3 / Adapted Interactive Digital Content for Learners with Hearing Impairment (HI) / Hygiene and Nutrition Special Needs Education / Grade 3 / Adapted Interactive Digital Content for Learners with Hearing Impairment (HI) / Music Special Needs Education / Grade 3 / Adapted Interactive Digital Content for Learners with Hearing Impairment (HI) / Mathematics Special Needs Education / Grade 3 / Adapted Interactive Digital Content for Learners with Hearing Impairment (HI) / Environmental Special Needs Education / Grade 3 / Adapted Interactive Digital Content for Learners with Hearing Impairment (HI) / CRE Special Needs Education / Grade 3 / Adapted Interactive Digital Content for Learners with Visual Impairment (VI) Special Needs Education / Grade 3 / Adapted Interactive Digital Content for Learners with Visual Impairment (VI) / Music Special Needs Education / Grade 3 / Adapted Interactive Digital Content for Learners with Visual Impairment (VI) / Mathematics Special Needs Education / Grade 3 / Adapted Interactive Digital Content for Learners with Visual Impairment (VI) / Visual Arts Special Needs Education / Grade 3 / Adapted Interactive Digital Content for Learners with Visual Impairment (VI) / Kiswahili Special Needs Education / Grade 3 / Adapted Interactive Digital Content for Learners with Visual Impairment (VI) / Hygiene and Nutrition Special Needs Education / Grade 3 / Adapted Interactive Digital Content for Learners with Visual Impairment (VI) / Environmental Special Needs Education / Grade 3 / Adapted Interactive Digital Content for Learners with Visual Impairment (VI) / English Special Needs Education / Grade 3 / Adapted Interactive Digital Content for Learners with Visual Impairment (VI) / CRE Special Needs Education / Grade 4 Special Needs Education / Grade 4 / Adapted Interactive Digital Content for Learners with Hearing Impairment (HI) Special Needs Education / Grade 4 / Adapted Interactive Digital Content for Learners with Hearing Impairment (HI) / Mathematics Special Needs Education / Grade 4 / Adapted Interactive Digital Content for Learners with Hearing Impairment (HI) / English Special Needs Education / Grade 4 / Adapted Interactive Digital Content for Learners with Hearing Impairment (HI) / Science and Technology Special Needs Education / Grade 4 / Adapted Interactive Digital Content for Learners with Hearing Impairment (HI) / Agriculture Special Needs Education / Grade 4 / Adapted Interactive Digital Content for Learners with Hearing Impairment (HI) / Social Studies Special Needs Education / Grade 4 / Adapted Interactive Digital Content for Learners with Hearing Impairment (HI) / Home Science Special Needs Education / Grade 4 / Adapted Interactive Digital Content for Learners with Hearing Impairment (HI) / Art and Craft Special Needs Education / Grade 4 / Adapted Interactive Digital Content for Learners with Hearing Impairment (HI) / Music Special Needs Education / Grade 4 / Adapted Interactive Digital Content for Learners with Hearing Impairment (HI) / Christian Religious Education (CRE) Special Needs Education / Grade 4 / Adapted Interactive Digital Content for Learners with Visual Impairment (VI) Special Needs Education / Grade 4 / Adapted Interactive Digital Content for Learners with Visual Impairment (VI) / Mathematics Special Needs Education / Grade 4 / Adapted Interactive Digital Content for Learners with Visual Impairment (VI) / English Special Needs Education / Grade 4 / Adapted Interactive Digital Content for Learners with Visual Impairment (VI) / Kiswahili Special Needs Education / Grade 4 / Adapted Interactive Digital Content for Learners with Visual Impairment (VI) / Science and Technology Special Needs Education / Grade 4 / Adapted Interactive Digital Content for Learners with Visual Impairment (VI) / Agriculture Special Needs Education / Grade 4 / Adapted Interactive Digital Content for Learners with Visual Impairment (VI) / Social Studies Special Needs Education / Grade 4 / Adapted Interactive Digital Content for Learners with Visual Impairment (VI) / Home Science Special Needs Education / Grade 4 / Adapted Interactive Digital Content for Learners with Visual Impairment (VI) / Art and Craft Special Needs Education / Grade 4 / Adapted Interactive Digital Content for Learners with Visual Impairment (VI) / Christian Religious Education (CRE) Special Needs Education / Grade 4 / Adapted Interactive Digital Content for Learners with Visual Impairment (VI) / Music Special Needs Education / Grade 5 Special Needs Education / Grade 5 / Adapted Interactive Digital Content for Learners with Hearing Impairment (HI) Special Needs Education / Grade 5 / Adapted Interactive Digital Content for Learners with Hearing Impairment (HI) / English Special Needs Education / Grade 5 / Adapted Interactive Digital Content for Learners with Hearing Impairment (HI) / Christian Religious Education Special Needs Education / Grade 5 / Adapted Interactive Digital Content for Learners with Hearing Impairment (HI) / Social Studies Special Needs Education / Grade 5 / Adapted Interactive Digital Content for Learners with Hearing Impairment (HI) / Agriculture and Nutrition Special Needs Education / Grade 5 / Adapted Interactive Digital Content for Learners with Hearing Impairment (HI) / Creative Arts Special Needs Education / Grade 5 / Adapted Interactive Digital Content for Learners with Hearing Impairment (HI) / Mathematics Special Needs Education / Grade 5 / Adapted Interactive Digital Content for Learners with Hearing Impairment (HI) / Science and Technology Special Needs Education / Grade 5 / Adapted Interactive Digital Content for Learners with Hearing Impairment (HI) / Islamic Religious Education Special Needs Education / Grade 5 / Adapted Interactive Digital Content for Learners with Visual Impairment (VI) Special Needs Education / Grade 5 / Adapted Interactive Digital Content for Learners with Visual Impairment (VI) / Creative Arts Special Needs Education / Grade 5 / Adapted Interactive Digital Content for Learners with Visual Impairment (VI) / Social Studies Special Needs Education / Grade 5 / Adapted Interactive Digital Content for Learners with Visual Impairment (VI) / Kiswahili Special Needs Education / Grade 5 / Adapted Interactive Digital Content for Learners with Visual Impairment (VI) / Christian Religious Education Special Needs Education / Grade 5 / Adapted Interactive Digital Content for Learners with Visual Impairment (VI) / Science and Technology Special Needs Education / Grade 5 / Adapted Interactive Digital Content for Learners with Visual Impairment (VI) / Agriculture and Nutrition Special Needs Education / Grade 5 / Adapted Interactive Digital Content for Learners with Visual Impairment (VI) / Islamic Religious Education Special Needs Education / Grade 5 / Adapted Interactive Digital Content for Learners with Visual Impairment (VI) / Mathematics Special Needs Education / Grade 5 / Adapted Interactive Digital Content for Learners with Visual Impairment (VI) / English Special Needs Education / Grade 6 Special Needs Education / Grade 6 / Adapted Interactive Digital Content for Learners with Hearing Impairment (HI) Special Needs Education / Grade 6 / Adapted Interactive Digital Content for Learners with Hearing Impairment (HI) / Science and Technology Special Needs Education / Grade 6 / Adapted Interactive Digital Content for Learners with Hearing Impairment (HI) / Christian Religious Education Special Needs Education / Grade 6 / Adapted Interactive Digital Content for Learners with Hearing Impairment (HI) / Creative Arts Special Needs Education / Grade 6 / Adapted Interactive Digital Content for Learners with Hearing Impairment (HI) / Islamic Religious Education Special Needs Education / Grade 6 / Adapted Interactive Digital Content for Learners with Hearing Impairment (HI) / English Special Needs Education / Grade 6 / Adapted Interactive Digital Content for Learners with Hearing Impairment (HI) / Social Studies Special Needs Education / Grade 6 / Adapted Interactive Digital Content for Learners with Hearing Impairment (HI) / Agriculture Special Needs Education / Grade 6 / Adapted Interactive Digital Content for Learners with Hearing Impairment (HI) / Mathematics Special Needs Education / Grade 6 / Adapted Interactive Digital Content for Learners with Visual Impairment (VI) Special Needs Education / Grade 6 / Adapted Interactive Digital Content for Learners with Visual Impairment (VI) / Christian Religious Education Special Needs Education / Grade 6 / Adapted Interactive Digital Content for Learners with Visual Impairment (VI) / Kiswahili Special Needs Education / Grade 6 / Adapted Interactive Digital Content for Learners with Visual Impairment (VI) / English Special Needs Education / Grade 6 / Adapted Interactive Digital Content for Learners with Visual Impairment (VI) / Creative Arts Special Needs Education / Grade 6 / Adapted Interactive Digital Content for Learners with Visual Impairment (VI) / Mathematics Special Needs Education / Grade 6 / Adapted Interactive Digital Content for Learners with Visual Impairment (VI) / Science and Technology Special Needs Education / Grade 6 / Adapted Interactive Digital Content for Learners with Visual Impairment (VI) / Islamic Religious Education Special Needs Education / Grade 6 / Adapted Interactive Digital Content for Learners with Visual Impairment (VI) / Social Studies Special Needs Education / Grade 6 / Adapted Interactive Digital Content for Learners with Visual Impairment (VI) / Agriculture and Nutrition Special Needs Education / Ebooks Special Needs Education / Videos Special Needs Education / Foundational and Stage-Based Special Needs Education / Prevocational Level Special Needs Education / Prevocational Level / Music Special Needs Education / Prevocational Level / Hindu Religious Education Special Needs Education / Prevocational Level / Christian Religious Education Special Needs Education / Prevocational Level / Physical Education Special Needs Education / Prevocational Level / Islamic Religious Education Special Needs Education / Prevocational Level / Social Studies Special Needs Education / Prevocational Level / Prevocational Skills 1 Special Needs Education / Prevocational Level / Prevocational Skills 2 Special Needs Education / Prevocational Level / Prevocational Skills 3 Accessible Digital Textbooks Interactive Simulations for Sciences and Mathematics Interactive Simulations for Sciences and Mathematics / Physics Interactive Simulations for Sciences and Mathematics / Chemistry Interactive Simulations for Sciences and Mathematics / Mathematics Information, Education and Communication(IEC) Materials Information, Education and Communication(IEC) Materials / Child Online Safety Information, Education and Communication(IEC) Materials / Child Road Safety Information, Education and Communication(IEC) Materials / Child Road Safety / Integration Matrices Information, Education and Communication(IEC) Materials / Child Road Safety / Integration Matrices / Early Years Education Information, Education and Communication(IEC) Materials / Child Road Safety / Integration Matrices / Upper Primary Information, Education and Communication(IEC) Materials / Child Road Safety / Integration Matrices / Junior School Information, Education and Communication(IEC) Materials / Child Road Safety / Integration Matrices / Senior School Information, Education and Communication(IEC) Materials / Child Road Safety / Information, Education and Communication(IEC) Materials on Child Road Safety Information, Education and Communication(IEC) Materials / Child Road Safety / Information, Education and Communication(IEC) Materials on Child Road Safety / Early Years Education Information, Education and Communication(IEC) Materials / Child Road Safety / Information, Education and Communication(IEC) Materials on Child Road Safety / Upper Primary Information, Education and Communication(IEC) Materials / Child Road Safety / Information, Education and Communication(IEC) Materials on Child Road Safety / Junior School Information, Education and Communication(IEC) Materials / Child Road Safety / Information, Education and Communication(IEC) Materials on Child Road Safety / Senior School Information, Education and Communication(IEC) Materials / Child Road Safety / Teacher's Handbook Information, Education and Communication(IEC) Materials / Financial Literacy Learners’ Toolkit Teacher Resources Teacher Resources / Educational Resources Materials Development Teacher Resources / Educational Resources Materials Development / CRE Teacher Resources / Educational Resources Materials Development / English Teacher Resources / Educational Resources Materials Development / Environment Teacher Resources / Educational Resources Materials Development / Foundations Teacher Resources / Educational Resources Materials Development / H.R.E Teacher Resources / Educational Resources Materials Development / Hygiene and Nutrition Teacher Resources / Educational Resources Materials Development / I.R.E Teacher Resources / Educational Resources Materials Development / Kiswahili Teacher Resources / Educational Resources Materials Development / Language Activities Teacher Resources / Educational Resources Materials Development / Literacy Skills Teacher Resources / Educational Resources Materials Development / Mathematics Teacher Resources / Educational Resources Materials Development / Movements and Arts Teacher Resources / Pre-Primary Teacher Radio Programmes Teacher Resources / CBC Courses Teacher Resources / Special Needs Educations Teacher Resources / Interactive Digital Content for Teacher Education Teacher Resources / Interactive Digital Content for Teacher Education / English Teacher Resources / Interactive Digital Content for Teacher Education / Music Teacher Resources / Interactive Digital Content for Teacher Education / Christian Religious Education Teacher Resources / Interactive Digital Content for Teacher Education / Art and Craft Teacher Resources / Interactive Digital Content for Teacher Education / Indigenous Languages Teacher Resources / Interactive Digital Content for Teacher Education / Home science Teacher Resources / Interactive Digital Content for Teacher Education / Science and Technology Teacher Resources / Interactive Digital Content for Teacher Education / Islamic Religious Education Teacher Resources / Interactive Digital Content for Teacher Education / Mandarin Teacher Resources / Interactive Digital Content for Teacher Education / Agriculture Teacher Resources / Interactive Digital Content for Teacher Education / Mathematics Teacher Resources / Interactive Digital Content for Teacher Education / French Teacher Resources / Interactive Digital Content for Teacher Education / Hindu Religious Education Teacher Resources / Interactive Digital Content for Teacher Education / Social Studies Teacher Resources / Interactive Digital Content for Teacher Education / Kiswahili Teacher Resources / Interactive Digital Content for Teacher Education / Physical Education Teacher Resources / Interactive Digital Content for Teacher Education / Arabic Parental Resources Financial Literacy Financial Literacy / Financial Literacy for Junior School Financial Literacy / Financial Literacy for Junior School / Taxation Financial Literacy / Financial Literacy for Senior School Financial Literacy / Financial Literacy for Senior School / Taxation Search lessons Search Expand allEduchannel TV lessonsRadio LessonsInteractive Digital Content Home Calendar Pre-primary Pre-Primary 1 Pre-Primary 2 Primary Grade 1 Grade 2 Grade 3 Grade 4 Grade 5 Grade 6 Secondary Grade 7 Grade 8 Form 1 Form 2 Form 3 Form 4 OER's SNE The Kenya Education Cloud (KEC) is a digital platform designed to enhance teaching and learning in Kenya by providing a wide range of digital educational resources. Serving as a centralized hub for e-learning, it promotes access to interactive content, supports modern pedagogical methods, and fosters collaboration among educators and learners. External Links Ministry of Education Kenya National Examinations Council Teachers Service Commission Kenya Kenya Institute of Special Education (KISE) ICT Authority TVET Authority Elimika Additional Resources Accessible Digital Textbook (ADT) Curriculum Reports Parental Resources Child Online Protection Guidelines Our Contacts Kenya Institute of Curriculum DevelopmentDesai Rd, Off Muranga Rd,Nairobi, Kenya. Telephone Contacts+254 729327331 +254 729327334 Email Addressinfo@kicd.ac.ke Kenya Education Cloud © 2024. All rights reserved. Privacy Policy Terms & Conditions (Login) Data retention summary","['mathematics', 'english', 'kiswahili', 'biology', 'chemistry', 'physics', 'geography', 'history', 'business', 'computer', 'agriculture', 'home_science', 'art', 'music', 'physical_education', 'religious_education']",form_1,cbc,[],2025-09-08T00:49:44.250812,unknown,junior_secondary,,grade_7,
https://orangebook.kec.ac.ke/,Search | Verify,,"KICD Portal | FAQ info@kicd.ac.ke Orange Book - Any -Approved BooksApproved Digital contentPublisher Advanced search About This digital system has/contains a comprehensive list of course books, Digital material and other instructional materials which have been approved by the Ministry of Education(MoE). Schools are expected to select all their books from this Approved List and ensure that they examine all the recommended books before making their choices. External Links Ministry of Education Kenya National Examinations Council Teachers Service Commission Kenya Kenya Institute of Special Education (KISE) ICT Authority TVET Authority Elimika CBC Conference Our Contacts Kenya Institute of Curriculum Development Desai Rd, Off Muranga Rd, Nairobi, Kenya. Telephone Contacts +254 20 3749900-9 +254 20 3749900-3 +254 729 327 334 +254 787 883 311 Email Address info@kicd.ac.ke - Any -Approved BooksApproved Digital contentPublisher Advanced search - Any -Approved BooksApproved Digital contentPublisher Advanced search - Any -Approved BooksApproved Digital contentPublisher About This digital system has/contains a comprehensive list of course books, Digital material and other instructional materials which have been approved by the Ministry of Education(MoE). Schools are expected to select all their books from this Approved List and ensure that they examine all the recommended books before making their choices. External Links Ministry of Education Kenya National Examinations Council Teachers Service Commission Kenya Kenya Institute of Special Education (KISE) ICT Authority TVET Authority Elimika CBC Conference Our Contacts Kenya Institute of Curriculum Development Desai Rd, Off Muranga Rd, Nairobi, Kenya. Telephone Contacts +254 20 3749900-9 +254 20 3749900-3 +254 729 327 334 +254 787 883 311 Email Address info@kicd.ac.ke About This digital system has/contains a comprehensive list of course books, Digital material and other instructional materials which have been approved by the Ministry of Education(MoE). Schools are expected to select all their books from this Approved List and ensure that they examine all the recommended books before making their choices. External Links Ministry of Education Kenya National Examinations Council Teachers Service Commission Kenya Kenya Institute of Special Education (KISE) ICT Authority TVET Authority Elimika CBC Conference Our Contacts Kenya Institute of Curriculum Development Desai Rd, Off Muranga Rd, Nairobi, Kenya. Telephone Contacts +254 20 3749900-9 +254 20 3749900-3 +254 729 327 334 +254 787 883 311 Email Address info@kicd.ac.ke Search | Verify Skip to main content KICD Portal | FAQ info@kicd.ac.ke Orange Book - Any -Approved BooksApproved Digital contentPublisher Advanced search About This digital system has/contains a comprehensive list of course books, Digital material and other instructional materials which have been approved by the Ministry of Education(MoE). Schools are expected to select all their books from this Approved List and ensure that they examine all the recommended books before making their choices. External Links Ministry of Education Kenya National Examinations Council Teachers Service Commission Kenya Kenya Institute of Special Education (KISE) ICT Authority TVET Authority Elimika CBC Conference Our Contacts Kenya Institute of Curriculum Development Desai Rd, Off Muranga Rd, Nairobi, Kenya. Telephone Contacts +254 20 3749900-9 +254 20 3749900-3 +254 729 327 334 +254 787 883 311 Email Address info@kicd.ac.ke",['computer'],unknown,cbc,[],2025-09-08T00:49:44.521024,unknown,,,,
https://lms.kec.ac.ke/course/index.php?categoryid=547,Parental Resources,"Kenya Education Cloud is your ultimate digital learning hub, providing access to curated e-learning resources, educational tools, and innovative content for students, teachers, and institutions.","Parental Resources Home Lessons Parental Resources Lesson categories: Pre-Primary Pre-Primary / Radio Lessons Pre-Primary / Educhannel Video Lessons Pre-Primary / Educhannel Video Lessons / Language Activities Pre-Primary / Educhannel Video Lessons / Mathematics Pre-Primary / Educhannel Video Lessons / Our School Pre-Primary / Educhannel Video Lessons / Picture Making Pre-Primary / Educhannel Video Lessons / Social Environment Pre-Primary / Educhannel Video Lessons / Pre-Primary 1 Pre-Primary / Educhannel Video Lessons / Pre-Primary 2 Pre-Primary / Interactive digital Content Pre-Primary / Ebooks Primary Education Primary Education / Grade 1 Primary Education / Grade 1 / Educhannel TV Lessons Primary Education / Grade 1 / Educhannel TV Lessons / English Primary Education / Grade 1 / Educhannel TV Lessons / Mathematics Primary Education / Grade 1 / Educhannel TV Lessons / Kiswahili Primary Education / Grade 1 / Educhannel TV Lessons / Kenya Sign Language(KSL) Primary Education / Grade 1 / Educhannel TV Lessons / Hygiene and nutrition Primary Education / Grade 1 / Educhannel TV Lessons / Environmental Activities Primary Education / Grade 1 / Interactive Digital Content Primary Education / Grade 1 / Radio Lessons Primary Education / Grade 1 / Radio Lessons / Mathematics Primary Education / Grade 1 / Radio Lessons / Mathematics / Grade 1 Term 2 Primary Education / Grade 1 / Radio Lessons / Mathematics / Grade 1 Term 3 Primary Education / Grade 1 / Radio Lessons / Kiswahili Primary Education / Grade 1 / Radio Lessons / Kiswahili / Grade 1 Term 2 Primary Education / Grade 1 / Radio Lessons / Kiswahili / Grade 1 Term 3 Primary Education / Grade 1 / Radio Lessons / English Primary Education / Grade 1 / Radio Lessons / English / Grade 1 Term 2 Primary Education / Grade 1 / Radio Lessons / English / Grade 1 Term 3 Primary Education / Grade 1 / Ebooks Primary Education / Grade 1 / Ebooks / Tusome readers Primary Education / Grade 1 / Ebooks / Indigenous Languages Primary Education / Grade 2 Primary Education / Grade 2 / Interactive Digital Content Primary Education / Grade 2 / Educhannel Tv Lessons Primary Education / Grade 2 / Educhannel Tv Lessons / Mathematics Primary Education / Grade 2 / Educhannel Tv Lessons / English Primary Education / Grade 2 / Radio Lessons Primary Education / Grade 2 / Radio Lessons / Mathematics Primary Education / Grade 2 / Radio Lessons / Mathematics / Grade 2 Term 2 Primary Education / Grade 2 / Radio Lessons / English Primary Education / Grade 2 / Radio Lessons / English / Grade 2 Term 2 Primary Education / Grade 2 / Radio Lessons / English / Grade 2 Term 3 Primary Education / Grade 2 / Radio Lessons / Kiswahili Primary Education / Grade 2 / Radio Lessons / Kiswahili / Grade 2 Term 3 Primary Education / Grade 2 / Hygiene and Nutrition Primary Education / Grade 2 / Hygiene and Nutrition / Grade 2 Term 2 Primary Education / Grade 2 / E-books Primary Education / Grade 2 / E-books / Tusome Readers Primary Education / Grade 3 Primary Education / Grade 3 / Radio Lessons Primary Education / Grade 3 / Radio Lessons / Mathematics Primary Education / Grade 3 / Radio Lessons / Mathematics / Grade 3 Term 2 Primary Education / Grade 3 / Radio Lessons / Mathematics / Grade 3 Term 3 Primary Education / Grade 3 / Radio Lessons / English Primary Education / Grade 3 / Radio Lessons / English / Grade 3 Term 2 Primary Education / Grade 3 / Radio Lessons / English / Grade 3 Term 3 Primary Education / Grade 3 / Radio Lessons / Environmental Activities Primary Education / Grade 3 / Radio Lessons / Environmental Activities / Grade 3 Term 2 Primary Education / Grade 3 / Radio Lessons / Kiswahili Primary Education / Grade 3 / Radio Lessons / Kiswahili / Grade 3 Term 3 Primary Education / Grade 3 / Educhannel TV Lessons Primary Education / Grade 3 / Educhannel TV Lessons / Mathematics Primary Education / Grade 3 / Educhannel TV Lessons / English Primary Education / Grade 3 / Educhannel TV Lessons / Kiswahili Primary Education / Grade 3 / Educhannel TV Lessons / Hygiene and Nutrition Primary Education / Grade 3 / Educhannel TV Lessons / Environmental Activities Primary Education / Grade 3 / Interactive Digital Content Primary Education / Grade 3 / EBooks Primary Education / Grade 3 / Tusome English Video Lessons Primary Education / Grade 3 / Tusome English Video Lessons / Tusome English Grade 3 Lessons Primary Education / Grade 4 Primary Education / Grade 4 / Educhannel Tv Lessons Primary Education / Grade 4 / Educhannel Tv Lessons / Home Science Primary Education / Grade 4 / Educhannel Tv Lessons / Agriculture Primary Education / Grade 4 / Educhannel Tv Lessons / Music Primary Education / Grade 4 / Educhannel Tv Lessons / Physical Education Primary Education / Grade 4 / Educhannel Tv Lessons / Art and Craft Primary Education / Grade 4 / Educhannel Tv Lessons / Kenya Sign Language Primary Education / Grade 4 / Educhannel Tv Lessons / Mathematics Primary Education / Grade 4 / Educhannel Tv Lessons / Science and Technology Primary Education / Grade 4 / Educhannel Tv Lessons / Social Studies Primary Education / Grade 4 / Educhannel Tv Lessons / English Primary Education / Grade 4 / Educhannel Tv Lessons / Kiswahili Primary Education / Grade 4 / Educhannel Tv Lessons / Environmental Activity Primary Education / Grade 4 / Radio lessons Primary Education / Grade 4 / Radio lessons / Social Studies Primary Education / Grade 4 / Radio lessons / Social Studies / Grade 4 Term 2 Primary Education / Grade 4 / Radio lessons / Social Studies / Grade 4 Term 3 Primary Education / Grade 4 / Radio lessons / CRE Primary Education / Grade 4 / Radio lessons / CRE / Grade 4 Term 2 Primary Education / Grade 4 / Radio lessons / English Primary Education / Grade 4 / Radio lessons / English / Grade 4 Term 2 Primary Education / Grade 4 / Radio lessons / English / Grade 4 Term 3 Primary Education / Grade 4 / Radio lessons / Hygiene and Nutrition Primary Education / Grade 4 / Radio lessons / Hygiene and Nutrition / Grade 4 Term 1 Primary Education / Grade 4 / Radio lessons / IRE Primary Education / Grade 4 / Radio lessons / IRE / Grade 4 Term 2 Primary Education / Grade 4 / Radio lessons / Science and Technology Primary Education / Grade 4 / Radio lessons / Science and Technology / Grade 4 Term 3 Primary Education / Grade 4 / Radio lessons / Agriculture Primary Education / Grade 4 / Radio lessons / Agriculture / Grade 4 Term 3 Primary Education / Grade 4 / Radio lessons / Mathematics Primary Education / Grade 4 / Radio lessons / Mathematics / Grade 4 Term 3 Primary Education / Grade 4 / SNE Primary Education / Grade 4 / Interactive Digital Content Primary Education / Grade 5 Primary Education / Grade 5 / Educhannel Tv Lessons Primary Education / Grade 5 / Educhannel Tv Lessons / English Primary Education / Grade 5 / Educhannel Tv Lessons / Kiswahili Primary Education / Grade 5 / Educhannel Tv Lessons / Mathematics Primary Education / Grade 5 / Radio Lessons Primary Education / Grade 5 / Radio Lessons / English Primary Education / Grade 5 / Radio Lessons / Science and Technology Primary Education / Grade 5 / Radio Lessons / Agriculture Primary Education / Grade 5 / Radio Lessons / Social studies Primary Education / Grade 5 / Radio Lessons / Christian Religious Education Primary Education / Grade 5 / Radio Lessons / Mathematics Primary Education / Grade 5 / Interactive Digital Content Primary Education / Grade 6 Primary Education / Grade 6 / Radio Lessons Primary Education / Grade 6 / Radio Lessons / CRE Primary Education / Grade 6 / Radio Lessons / Social Studies Primary Education / Grade 6 / Radio Lessons / Science Primary Education / Grade 6 / Radio Lessons / Kiswahili Primary Education / Grade 6 / Radio Lessons / English Primary Education / Grade 6 / Radio Lessons / Mathematics Primary Education / Grade 6 / Educhannel TV Lessons Primary Education / Grade 6 / Educhannel TV Lessons / Kiswahili Primary Education / Grade 6 / Educhannel TV Lessons / Agriculture Primary Education / Grade 6 / Educhannel TV Lessons / Art and Craft Primary Education / Grade 6 / Educhannel TV Lessons / English Primary Education / Grade 6 / Educhannel TV Lessons / Home Science Primary Education / Grade 6 / Educhannel TV Lessons / Music Primary Education / Grade 6 / Educhannel TV Lessons / Science and technology Primary Education / Grade 6 / Educhannel TV Lessons / Physical health education Primary Education / Grade 6 / Interactive Digital Content Junior School Junior School / Grade 8 Junior School / Grade 8 / Educhannel Tv Lessons Junior School / Grade 8 / Radio Lessons Junior School / Grade 8 / Interactive Digital Content Junior School / Grade 7 Junior School / Grade 7 / Educhannel TV lessons Junior School / Grade 7 / Radio Lessons Junior School / Grade 7 / Radio Lessons / Mathematics Junior School / Grade 7 / Radio Lessons / Kiswahili Junior School / Grade 7 / Radio Lessons / English Junior School / Grade 7 / Radio Lessons / Christian Religious Education Junior School / Grade 7 / Radio Lessons / Integrated Science Junior School / Grade 7 / Radio Lessons / Social Studies Junior School / Grade 7 / Radio Lessons / Pre-Technical Studies Junior School / Grade 7 / Interactive Digital Content Secondary Education Secondary Education / Form 1 Secondary Education / Form 1 / Interactive Digital Content Secondary Education / Form 1 / Educhannel Tv Lessons Secondary Education / Form 1 / Educhannel Tv Lessons / Mathematics Secondary Education / Form 1 / Educhannel Tv Lessons / English Secondary Education / Form 1 / Educhannel Tv Lessons / Physics Secondary Education / Form 1 / Educhannel Tv Lessons / Biology Secondary Education / Form 1 / Educhannel Tv Lessons / Chemistry Secondary Education / Form 1 / Educhannel Tv Lessons / Kiswahili Secondary Education / Form 1 / Educhannel Tv Lessons / History and Government Secondary Education / Form 1 / Educhannel Tv Lessons / Business Studies Secondary Education / Form 1 / Radio Lessons Secondary Education / Form 1 / Ebooks Secondary Education / Form 2 Secondary Education / Form 2 / Interactive Digital Content Secondary Education / Form 2 / Educhannel Tv Lessons Secondary Education / Form 2 / Educhannel Tv Lessons / Physics Secondary Education / Form 2 / Radio Lessons Secondary Education / Form 2 / Radio Lessons / Biology Secondary Education / Form 3 Secondary Education / Form 3 / Interactive Digital Content Secondary Education / Form 3 / Educhannel Tv Lessons Secondary Education / Form 3 / Educhannel Tv Lessons / Mathematics Secondary Education / Form 3 / Educhannel Tv Lessons / English Secondary Education / Form 3 / Educhannel Tv Lessons / Kiswahili Secondary Education / Form 3 / Educhannel Tv Lessons / Biology Secondary Education / Form 3 / Educhannel Tv Lessons / Chemistry Secondary Education / Form 3 / Educhannel Tv Lessons / Physics Secondary Education / Form 3 / Educhannel Tv Lessons / Business Studies Secondary Education / Form 3 / Educhannel Tv Lessons / History and Government Secondary Education / Form 3 / Radio Lessons Secondary Education / Form 4 Secondary Education / Form 4 / Interactive Digital Content Secondary Education / Form 4 / Educhannel Tv Lessons Secondary Education / Form 4 / Educhannel Tv Lessons / Form 4 Mathematics Secondary Education / Form 4 / Educhannel Tv Lessons / Form 4 English Secondary Education / Form 4 / Educhannel Tv Lessons / Form 4 Physics Secondary Education / Form 4 / Educhannel Tv Lessons / Form 4 Biology Secondary Education / Form 4 / Educhannel Tv Lessons / Form 4 Kiswahili Secondary Education / Form 4 / Educhannel Tv Lessons / Form 4 Chemistry Secondary Education / Form 4 / Educhannel Tv Lessons / Form 4 History and Government Secondary Education / Form 4 / Educhannel Tv Lessons / Form 4 Business Studies Secondary Education / Form 4 / Radio Lessons Secondary Education / Form 4 / Radio Lessons / Mathematics Secondary Education / Form 4 / Radio Lessons / Mathematics / Form 4 Term 1 Secondary Education / Form 4 / Radio Lessons / Mathematics / Form 4 Term 2 Secondary Education / Form 4 / Radio Lessons / Mathematics / Form 4 Term 3 General Knowledge General Knowledge / VOA Connect General Knowledge / Ask the expert General Knowledge / Citizenship and Democracy General Knowledge / Digital Story General Knowledge / Impacted Educhannel Lessons Educhannel Lessons / English Educhannel Lessons / English / Transport and travel Educhannel Lessons / English / Pronunciation skills Educhannel Lessons / English / Listening and speaking Educhannel Lessons / English / Family Educhannel Lessons / English / Environment Educhannel Lessons / English / Drug and Substance Educhannel Lessons / Agriculture Educhannel Lessons / Biology Educhannel Lessons / Biology / Living Things Educhannel Lessons / Biology / Secretion and homeostasis Educhannel Lessons / Biology / Support and movement Educhannel Lessons / Business Studies Educhannel Lessons / Chemistry Educhannel Lessons / Earth Movement and Volcanicity Educhannel Lessons / Environmental Activities Educhannel Lessons / Geograpghy Educhannel Lessons / History Educhannel Lessons / History / Kenyan History Educhannel Lessons / Homescience Educhannel Lessons / Homescience / Basic care clothing Educhannel Lessons / Kiswahili Educhannel Lessons / Kiswahili / Primary Educhannel Lessons / Kiswahili / Primary / Darasa 4-5 Educhannel Lessons / Kiswahili / Secondary Educhannel Lessons / Kiswahili / Secondary / Isimu Jamii Educhannel Lessons / Kiswahili / Secondary / Sarufi Educhannel Lessons / Mathematics Educhannel Lessons / Mathematics / Secondary Educhannel Lessons / Mathematics / Secondary / Commercial Arithmetics Educhannel Lessons / Mathematics / Primary Educhannel Lessons / Mathematics / Primary / Class 5-8 Educhannel Lessons / Mathematics / Primary / Class 5-8 / Practical uses of Money Educhannel Lessons / Mathematics / Primary / Class 5-8 / Measurement Educhannel Lessons / Organic Chemistry Educhannel Lessons / Performing Music Educhannel Lessons / Homescience Educhannel Lessons / Homescience / Basic care of clothing Educhannel Lessons / Art and Craft Educhannel Lessons / Physics Educhannel Lessons / Physics / Thermodynamics Educhannel Lessons / Physics / Mechanics Educhannel Lessons / Physics / Electricity and Magnetism Educhannel Lessons / The Doyen Exposition Educhannel Lessons / Science Educhannel Lessons / Science / Making work easier Educhannel Lessons / Science / Living Things Educhannel Lessons / Science / Energy conservation Educhannel Lessons / Physical and Health Education Educhannel Lessons / Physical and Health Education / Grade 1-4 Open Education Resourses(OERs) Open Education Resourses(OERs) / Movement and Creative Activities Open Education Resourses(OERs) / 	Religious Education Activities Open Education Resourses(OERs) / Mathematical Activities Open Education Resourses(OERs) / Environmental Activities Open Education Resourses(OERs) / Kiswahili Language Open Education Resourses(OERs) / LTK | Concordia University Open Education Resourses(OERs) / Hygiene and Nutrition Open Education Resourses(OERs) / ENGLISH LANGUAGE ACTIVITIES Open Education Resourses(OERs) / Casio Materials Open Education Resourses(OERs) / Health Education Open Education Resourses(OERs) / Carbon Literacy Special Needs Education Special Needs Education / Grade 1 Special Needs Education / Grade 1 / Adapted Interactive Digital Content for Hearing Impaired(HI) Special Needs Education / Grade 1 / Adapted Interactive Digital Content for Hearing Impaired(HI) / English Activities Special Needs Education / Grade 1 / Adapted Interactive Digital Content for Hearing Impaired(HI) / Environmental Activities Special Needs Education / Grade 1 / Adapted Interactive Digital Content for Hearing Impaired(HI) / Creative Activities Special Needs Education / Grade 1 / Adapted Interactive Digital Content for Visual Impaired(VI) Special Needs Education / Grade 2 Special Needs Education / Grade 2 / Adapted Interactive Digital Content for Hearing Impaired(HI) Special Needs Education / Grade 2 / Adapted Interactive Digital Content for Hearing Impaired(HI) / Mathematics Grade 2 Special Needs Education / Grade 2 / Adapted Interactive Digital Content for Hearing Impaired(HI) / Environmental Activities Grade 2 Special Needs Education / Grade 2 / Adapted Interactive Digital Content for Hearing Impaired(HI) / Hygiene and Nutrition Grade 2 Special Needs Education / Grade 2 / Adapted Interactive Digital Content for Hearing Impaired(HI) / Christian Religious Education Grade 2 (HI) Special Needs Education / Grade 2 / Adapted Interactive Digital Content for Hearing Impaired(HI) / Literacy Activities Grade2 (HI) Special Needs Education / Grade 2 / Adapted Interactive Digital Content for Hearing Impaired(HI) / English Activities Grad2 H.I Special Needs Education / Grade 2 / Adapted Interactive Digital Content for Hearing Impaired(HI) / Creative Activities Grade2 -H.I Special Needs Education / Grade 2 / Adapted Interactive Digital Content for Visual Impaired(VI) Special Needs Education / Grade 2 / Adapted Interactive Digital Content for Visual Impaired(VI) / Mathematics Special Needs Education / Grade 2 / Adapted Interactive Digital Content for Visual Impaired(VI) / Kiswahili Special Needs Education / Grade 2 / Adapted Interactive Digital Content for Visual Impaired(VI) / English Special Needs Education / Grade 2 / Adapted Interactive Digital Content for Visual Impaired(VI) / Creative Activities Special Needs Education / Grade 2 / Adapted Interactive Digital Content for Visual Impaired(VI) / CRE Special Needs Education / Grade 3 Special Needs Education / Grade 3 / Adapted Interactive Digital Content for Learners with Hearing Impairment (HI) Special Needs Education / Grade 3 / Adapted Interactive Digital Content for Learners with Hearing Impairment (HI) / Visual Arts Special Needs Education / Grade 3 / Adapted Interactive Digital Content for Learners with Hearing Impairment (HI) / English Special Needs Education / Grade 3 / Adapted Interactive Digital Content for Learners with Hearing Impairment (HI) / Hygiene and Nutrition Special Needs Education / Grade 3 / Adapted Interactive Digital Content for Learners with Hearing Impairment (HI) / Music Special Needs Education / Grade 3 / Adapted Interactive Digital Content for Learners with Hearing Impairment (HI) / Mathematics Special Needs Education / Grade 3 / Adapted Interactive Digital Content for Learners with Hearing Impairment (HI) / Environmental Special Needs Education / Grade 3 / Adapted Interactive Digital Content for Learners with Hearing Impairment (HI) / CRE Special Needs Education / Grade 3 / Adapted Interactive Digital Content for Learners with Visual Impairment (VI) Special Needs Education / Grade 3 / Adapted Interactive Digital Content for Learners with Visual Impairment (VI) / Music Special Needs Education / Grade 3 / Adapted Interactive Digital Content for Learners with Visual Impairment (VI) / Mathematics Special Needs Education / Grade 3 / Adapted Interactive Digital Content for Learners with Visual Impairment (VI) / Visual Arts Special Needs Education / Grade 3 / Adapted Interactive Digital Content for Learners with Visual Impairment (VI) / Kiswahili Special Needs Education / Grade 3 / Adapted Interactive Digital Content for Learners with Visual Impairment (VI) / Hygiene and Nutrition Special Needs Education / Grade 3 / Adapted Interactive Digital Content for Learners with Visual Impairment (VI) / Environmental Special Needs Education / Grade 3 / Adapted Interactive Digital Content for Learners with Visual Impairment (VI) / English Special Needs Education / Grade 3 / Adapted Interactive Digital Content for Learners with Visual Impairment (VI) / CRE Special Needs Education / Grade 4 Special Needs Education / Grade 4 / Adapted Interactive Digital Content for Learners with Hearing Impairment (HI) Special Needs Education / Grade 4 / Adapted Interactive Digital Content for Learners with Hearing Impairment (HI) / Mathematics Special Needs Education / Grade 4 / Adapted Interactive Digital Content for Learners with Hearing Impairment (HI) / English Special Needs Education / Grade 4 / Adapted Interactive Digital Content for Learners with Hearing Impairment (HI) / Science and Technology Special Needs Education / Grade 4 / Adapted Interactive Digital Content for Learners with Hearing Impairment (HI) / Agriculture Special Needs Education / Grade 4 / Adapted Interactive Digital Content for Learners with Hearing Impairment (HI) / Social Studies Special Needs Education / Grade 4 / Adapted Interactive Digital Content for Learners with Hearing Impairment (HI) / Home Science Special Needs Education / Grade 4 / Adapted Interactive Digital Content for Learners with Hearing Impairment (HI) / Art and Craft Special Needs Education / Grade 4 / Adapted Interactive Digital Content for Learners with Hearing Impairment (HI) / Music Special Needs Education / Grade 4 / Adapted Interactive Digital Content for Learners with Hearing Impairment (HI) / Christian Religious Education (CRE) Special Needs Education / Grade 4 / Adapted Interactive Digital Content for Learners with Visual Impairment (VI) Special Needs Education / Grade 4 / Adapted Interactive Digital Content for Learners with Visual Impairment (VI) / Mathematics Special Needs Education / Grade 4 / Adapted Interactive Digital Content for Learners with Visual Impairment (VI) / English Special Needs Education / Grade 4 / Adapted Interactive Digital Content for Learners with Visual Impairment (VI) / Kiswahili Special Needs Education / Grade 4 / Adapted Interactive Digital Content for Learners with Visual Impairment (VI) / Science and Technology Special Needs Education / Grade 4 / Adapted Interactive Digital Content for Learners with Visual Impairment (VI) / Agriculture Special Needs Education / Grade 4 / Adapted Interactive Digital Content for Learners with Visual Impairment (VI) / Social Studies Special Needs Education / Grade 4 / Adapted Interactive Digital Content for Learners with Visual Impairment (VI) / Home Science Special Needs Education / Grade 4 / Adapted Interactive Digital Content for Learners with Visual Impairment (VI) / Art and Craft Special Needs Education / Grade 4 / Adapted Interactive Digital Content for Learners with Visual Impairment (VI) / Christian Religious Education (CRE) Special Needs Education / Grade 4 / Adapted Interactive Digital Content for Learners with Visual Impairment (VI) / Music Special Needs Education / Grade 5 Special Needs Education / Grade 5 / Adapted Interactive Digital Content for Learners with Hearing Impairment (HI) Special Needs Education / Grade 5 / Adapted Interactive Digital Content for Learners with Hearing Impairment (HI) / English Special Needs Education / Grade 5 / Adapted Interactive Digital Content for Learners with Hearing Impairment (HI) / Christian Religious Education Special Needs Education / Grade 5 / Adapted Interactive Digital Content for Learners with Hearing Impairment (HI) / Social Studies Special Needs Education / Grade 5 / Adapted Interactive Digital Content for Learners with Hearing Impairment (HI) / Agriculture and Nutrition Special Needs Education / Grade 5 / Adapted Interactive Digital Content for Learners with Hearing Impairment (HI) / Creative Arts Special Needs Education / Grade 5 / Adapted Interactive Digital Content for Learners with Hearing Impairment (HI) / Mathematics Special Needs Education / Grade 5 / Adapted Interactive Digital Content for Learners with Hearing Impairment (HI) / Science and Technology Special Needs Education / Grade 5 / Adapted Interactive Digital Content for Learners with Hearing Impairment (HI) / Islamic Religious Education Special Needs Education / Grade 5 / Adapted Interactive Digital Content for Learners with Visual Impairment (VI) Special Needs Education / Grade 5 / Adapted Interactive Digital Content for Learners with Visual Impairment (VI) / Creative Arts Special Needs Education / Grade 5 / Adapted Interactive Digital Content for Learners with Visual Impairment (VI) / Social Studies Special Needs Education / Grade 5 / Adapted Interactive Digital Content for Learners with Visual Impairment (VI) / Kiswahili Special Needs Education / Grade 5 / Adapted Interactive Digital Content for Learners with Visual Impairment (VI) / Christian Religious Education Special Needs Education / Grade 5 / Adapted Interactive Digital Content for Learners with Visual Impairment (VI) / Science and Technology Special Needs Education / Grade 5 / Adapted Interactive Digital Content for Learners with Visual Impairment (VI) / Agriculture and Nutrition Special Needs Education / Grade 5 / Adapted Interactive Digital Content for Learners with Visual Impairment (VI) / Islamic Religious Education Special Needs Education / Grade 5 / Adapted Interactive Digital Content for Learners with Visual Impairment (VI) / Mathematics Special Needs Education / Grade 5 / Adapted Interactive Digital Content for Learners with Visual Impairment (VI) / English Special Needs Education / Grade 6 Special Needs Education / Grade 6 / Adapted Interactive Digital Content for Learners with Hearing Impairment (HI) Special Needs Education / Grade 6 / Adapted Interactive Digital Content for Learners with Hearing Impairment (HI) / Science and Technology Special Needs Education / Grade 6 / Adapted Interactive Digital Content for Learners with Hearing Impairment (HI) / Christian Religious Education Special Needs Education / Grade 6 / Adapted Interactive Digital Content for Learners with Hearing Impairment (HI) / Creative Arts Special Needs Education / Grade 6 / Adapted Interactive Digital Content for Learners with Hearing Impairment (HI) / Islamic Religious Education Special Needs Education / Grade 6 / Adapted Interactive Digital Content for Learners with Hearing Impairment (HI) / English Special Needs Education / Grade 6 / Adapted Interactive Digital Content for Learners with Hearing Impairment (HI) / Social Studies Special Needs Education / Grade 6 / Adapted Interactive Digital Content for Learners with Hearing Impairment (HI) / Agriculture Special Needs Education / Grade 6 / Adapted Interactive Digital Content for Learners with Hearing Impairment (HI) / Mathematics Special Needs Education / Grade 6 / Adapted Interactive Digital Content for Learners with Visual Impairment (VI) Special Needs Education / Grade 6 / Adapted Interactive Digital Content for Learners with Visual Impairment (VI) / Christian Religious Education Special Needs Education / Grade 6 / Adapted Interactive Digital Content for Learners with Visual Impairment (VI) / Kiswahili Special Needs Education / Grade 6 / Adapted Interactive Digital Content for Learners with Visual Impairment (VI) / English Special Needs Education / Grade 6 / Adapted Interactive Digital Content for Learners with Visual Impairment (VI) / Creative Arts Special Needs Education / Grade 6 / Adapted Interactive Digital Content for Learners with Visual Impairment (VI) / Mathematics Special Needs Education / Grade 6 / Adapted Interactive Digital Content for Learners with Visual Impairment (VI) / Science and Technology Special Needs Education / Grade 6 / Adapted Interactive Digital Content for Learners with Visual Impairment (VI) / Islamic Religious Education Special Needs Education / Grade 6 / Adapted Interactive Digital Content for Learners with Visual Impairment (VI) / Social Studies Special Needs Education / Grade 6 / Adapted Interactive Digital Content for Learners with Visual Impairment (VI) / Agriculture and Nutrition Special Needs Education / Ebooks Special Needs Education / Videos Special Needs Education / Foundational and Stage-Based Special Needs Education / Prevocational Level Special Needs Education / Prevocational Level / Music Special Needs Education / Prevocational Level / Hindu Religious Education Special Needs Education / Prevocational Level / Christian Religious Education Special Needs Education / Prevocational Level / Physical Education Special Needs Education / Prevocational Level / Islamic Religious Education Special Needs Education / Prevocational Level / Social Studies Special Needs Education / Prevocational Level / Prevocational Skills 1 Special Needs Education / Prevocational Level / Prevocational Skills 2 Special Needs Education / Prevocational Level / Prevocational Skills 3 Accessible Digital Textbooks Interactive Simulations for Sciences and Mathematics Interactive Simulations for Sciences and Mathematics / Physics Interactive Simulations for Sciences and Mathematics / Chemistry Interactive Simulations for Sciences and Mathematics / Mathematics Information, Education and Communication(IEC) Materials Information, Education and Communication(IEC) Materials / Child Online Safety Information, Education and Communication(IEC) Materials / Child Road Safety Information, Education and Communication(IEC) Materials / Child Road Safety / Integration Matrices Information, Education and Communication(IEC) Materials / Child Road Safety / Integration Matrices / Early Years Education Information, Education and Communication(IEC) Materials / Child Road Safety / Integration Matrices / Upper Primary Information, Education and Communication(IEC) Materials / Child Road Safety / Integration Matrices / Junior School Information, Education and Communication(IEC) Materials / Child Road Safety / Integration Matrices / Senior School Information, Education and Communication(IEC) Materials / Child Road Safety / Information, Education and Communication(IEC) Materials on Child Road Safety Information, Education and Communication(IEC) Materials / Child Road Safety / Information, Education and Communication(IEC) Materials on Child Road Safety / Early Years Education Information, Education and Communication(IEC) Materials / Child Road Safety / Information, Education and Communication(IEC) Materials on Child Road Safety / Upper Primary Information, Education and Communication(IEC) Materials / Child Road Safety / Information, Education and Communication(IEC) Materials on Child Road Safety / Junior School Information, Education and Communication(IEC) Materials / Child Road Safety / Information, Education and Communication(IEC) Materials on Child Road Safety / Senior School Information, Education and Communication(IEC) Materials / Child Road Safety / Teacher's Handbook Information, Education and Communication(IEC) Materials / Financial Literacy Learners’ Toolkit Teacher Resources Teacher Resources / Educational Resources Materials Development Teacher Resources / Educational Resources Materials Development / CRE Teacher Resources / Educational Resources Materials Development / English Teacher Resources / Educational Resources Materials Development / Environment Teacher Resources / Educational Resources Materials Development / Foundations Teacher Resources / Educational Resources Materials Development / H.R.E Teacher Resources / Educational Resources Materials Development / Hygiene and Nutrition Teacher Resources / Educational Resources Materials Development / I.R.E Teacher Resources / Educational Resources Materials Development / Kiswahili Teacher Resources / Educational Resources Materials Development / Language Activities Teacher Resources / Educational Resources Materials Development / Literacy Skills Teacher Resources / Educational Resources Materials Development / Mathematics Teacher Resources / Educational Resources Materials Development / Movements and Arts Teacher Resources / Pre-Primary Teacher Radio Programmes Teacher Resources / CBC Courses Teacher Resources / Special Needs Educations Teacher Resources / Interactive Digital Content for Teacher Education Teacher Resources / Interactive Digital Content for Teacher Education / English Teacher Resources / Interactive Digital Content for Teacher Education / Music Teacher Resources / Interactive Digital Content for Teacher Education / Christian Religious Education Teacher Resources / Interactive Digital Content for Teacher Education / Art and Craft Teacher Resources / Interactive Digital Content for Teacher Education / Indigenous Languages Teacher Resources / Interactive Digital Content for Teacher Education / Home science Teacher Resources / Interactive Digital Content for Teacher Education / Science and Technology Teacher Resources / Interactive Digital Content for Teacher Education / Islamic Religious Education Teacher Resources / Interactive Digital Content for Teacher Education / Mandarin Teacher Resources / Interactive Digital Content for Teacher Education / Agriculture Teacher Resources / Interactive Digital Content for Teacher Education / Mathematics Teacher Resources / Interactive Digital Content for Teacher Education / French Teacher Resources / Interactive Digital Content for Teacher Education / Hindu Religious Education Teacher Resources / Interactive Digital Content for Teacher Education / Social Studies Teacher Resources / Interactive Digital Content for Teacher Education / Kiswahili Teacher Resources / Interactive Digital Content for Teacher Education / Physical Education Teacher Resources / Interactive Digital Content for Teacher Education / Arabic Parental Resources Financial Literacy Financial Literacy / Financial Literacy for Junior School Financial Literacy / Financial Literacy for Junior School / Taxation Financial Literacy / Financial Literacy for Senior School Financial Literacy / Financial Literacy for Senior School / Taxation Search lessons Search Parent’s Roles Competency Based CurriculumSee moreGuidelines on Parental Empowerment and EngagementSee moreParental and Caregivers ProgrammesSee more Parent’s Roles Competency Based CurriculumSee moreGuidelines on Parental Empowerment and EngagementSee moreParental and Caregivers ProgrammesSee more Parent’s Roles Competency Based Curriculum Guidelines on Parental Empowerment and Engagement Parental and Caregivers Programmes Digital Content | Kenya Education Cloud | Unlimited Learning Experiences Skip to main content (Login) Parental Resources Home Lessons Parental Resources Lesson categories: Pre-Primary Pre-Primary / Radio Lessons Pre-Primary / Educhannel Video Lessons Pre-Primary / Educhannel Video Lessons / Language Activities Pre-Primary / Educhannel Video Lessons / Mathematics Pre-Primary / Educhannel Video Lessons / Our School Pre-Primary / Educhannel Video Lessons / Picture Making Pre-Primary / Educhannel Video Lessons / Social Environment Pre-Primary / Educhannel Video Lessons / Pre-Primary 1 Pre-Primary / Educhannel Video Lessons / Pre-Primary 2 Pre-Primary / Interactive digital Content Pre-Primary / Ebooks Primary Education Primary Education / Grade 1 Primary Education / Grade 1 / Educhannel TV Lessons Primary Education / Grade 1 / Educhannel TV Lessons / English Primary Education / Grade 1 / Educhannel TV Lessons / Mathematics Primary Education / Grade 1 / Educhannel TV Lessons / Kiswahili Primary Education / Grade 1 / Educhannel TV Lessons / Kenya Sign Language(KSL) Primary Education / Grade 1 / Educhannel TV Lessons / Hygiene and nutrition Primary Education / Grade 1 / Educhannel TV Lessons / Environmental Activities Primary Education / Grade 1 / Interactive Digital Content Primary Education / Grade 1 / Radio Lessons Primary Education / Grade 1 / Radio Lessons / Mathematics Primary Education / Grade 1 / Radio Lessons / Mathematics / Grade 1 Term 2 Primary Education / Grade 1 / Radio Lessons / Mathematics / Grade 1 Term 3 Primary Education / Grade 1 / Radio Lessons / Kiswahili Primary Education / Grade 1 / Radio Lessons / Kiswahili / Grade 1 Term 2 Primary Education / Grade 1 / Radio Lessons / Kiswahili / Grade 1 Term 3 Primary Education / Grade 1 / Radio Lessons / English Primary Education / Grade 1 / Radio Lessons / English / Grade 1 Term 2 Primary Education / Grade 1 / Radio Lessons / English / Grade 1 Term 3 Primary Education / Grade 1 / Ebooks Primary Education / Grade 1 / Ebooks / Tusome readers Primary Education / Grade 1 / Ebooks / Indigenous Languages Primary Education / Grade 2 Primary Education / Grade 2 / Interactive Digital Content Primary Education / Grade 2 / Educhannel Tv Lessons Primary Education / Grade 2 / Educhannel Tv Lessons / Mathematics Primary Education / Grade 2 / Educhannel Tv Lessons / English Primary Education / Grade 2 / Radio Lessons Primary Education / Grade 2 / Radio Lessons / Mathematics Primary Education / Grade 2 / Radio Lessons / Mathematics / Grade 2 Term 2 Primary Education / Grade 2 / Radio Lessons / English Primary Education / Grade 2 / Radio Lessons / English / Grade 2 Term 2 Primary Education / Grade 2 / Radio Lessons / English / Grade 2 Term 3 Primary Education / Grade 2 / Radio Lessons / Kiswahili Primary Education / Grade 2 / Radio Lessons / Kiswahili / Grade 2 Term 3 Primary Education / Grade 2 / Hygiene and Nutrition Primary Education / Grade 2 / Hygiene and Nutrition / Grade 2 Term 2 Primary Education / Grade 2 / E-books Primary Education / Grade 2 / E-books / Tusome Readers Primary Education / Grade 3 Primary Education / Grade 3 / Radio Lessons Primary Education / Grade 3 / Radio Lessons / Mathematics Primary Education / Grade 3 / Radio Lessons / Mathematics / Grade 3 Term 2 Primary Education / Grade 3 / Radio Lessons / Mathematics / Grade 3 Term 3 Primary Education / Grade 3 / Radio Lessons / English Primary Education / Grade 3 / Radio Lessons / English / Grade 3 Term 2 Primary Education / Grade 3 / Radio Lessons / English / Grade 3 Term 3 Primary Education / Grade 3 / Radio Lessons / Environmental Activities Primary Education / Grade 3 / Radio Lessons / Environmental Activities / Grade 3 Term 2 Primary Education / Grade 3 / Radio Lessons / Kiswahili Primary Education / Grade 3 / Radio Lessons / Kiswahili / Grade 3 Term 3 Primary Education / Grade 3 / Educhannel TV Lessons Primary Education / Grade 3 / Educhannel TV Lessons / Mathematics Primary Education / Grade 3 / Educhannel TV Lessons / English Primary Education / Grade 3 / Educhannel TV Lessons / Kiswahili Primary Education / Grade 3 / Educhannel TV Lessons / Hygiene and Nutrition Primary Education / Grade 3 / Educhannel TV Lessons / Environmental Activities Primary Education / Grade 3 / Interactive Digital Content Primary Education / Grade 3 / EBooks Primary Education / Grade 3 / Tusome English Video Lessons Primary Education / Grade 3 / Tusome English Video Lessons / Tusome English Grade 3 Lessons Primary Education / Grade 4 Primary Education / Grade 4 / Educhannel Tv Lessons Primary Education / Grade 4 / Educhannel Tv Lessons / Home Science Primary Education / Grade 4 / Educhannel Tv Lessons / Agriculture Primary Education / Grade 4 / Educhannel Tv Lessons / Music Primary Education / Grade 4 / Educhannel Tv Lessons / Physical Education Primary Education / Grade 4 / Educhannel Tv Lessons / Art and Craft Primary Education / Grade 4 / Educhannel Tv Lessons / Kenya Sign Language Primary Education / Grade 4 / Educhannel Tv Lessons / Mathematics Primary Education / Grade 4 / Educhannel Tv Lessons / Science and Technology Primary Education / Grade 4 / Educhannel Tv Lessons / Social Studies Primary Education / Grade 4 / Educhannel Tv Lessons / English Primary Education / Grade 4 / Educhannel Tv Lessons / Kiswahili Primary Education / Grade 4 / Educhannel Tv Lessons / Environmental Activity Primary Education / Grade 4 / Radio lessons Primary Education / Grade 4 / Radio lessons / Social Studies Primary Education / Grade 4 / Radio lessons / Social Studies / Grade 4 Term 2 Primary Education / Grade 4 / Radio lessons / Social Studies / Grade 4 Term 3 Primary Education / Grade 4 / Radio lessons / CRE Primary Education / Grade 4 / Radio lessons / CRE / Grade 4 Term 2 Primary Education / Grade 4 / Radio lessons / English Primary Education / Grade 4 / Radio lessons / English / Grade 4 Term 2 Primary Education / Grade 4 / Radio lessons / English / Grade 4 Term 3 Primary Education / Grade 4 / Radio lessons / Hygiene and Nutrition Primary Education / Grade 4 / Radio lessons / Hygiene and Nutrition / Grade 4 Term 1 Primary Education / Grade 4 / Radio lessons / IRE Primary Education / Grade 4 / Radio lessons / IRE / Grade 4 Term 2 Primary Education / Grade 4 / Radio lessons / Science and Technology Primary Education / Grade 4 / Radio lessons / Science and Technology / Grade 4 Term 3 Primary Education / Grade 4 / Radio lessons / Agriculture Primary Education / Grade 4 / Radio lessons / Agriculture / Grade 4 Term 3 Primary Education / Grade 4 / Radio lessons / Mathematics Primary Education / Grade 4 / Radio lessons / Mathematics / Grade 4 Term 3 Primary Education / Grade 4 / SNE Primary Education / Grade 4 / Interactive Digital Content Primary Education / Grade 5 Primary Education / Grade 5 / Educhannel Tv Lessons Primary Education / Grade 5 / Educhannel Tv Lessons / English Primary Education / Grade 5 / Educhannel Tv Lessons / Kiswahili Primary Education / Grade 5 / Educhannel Tv Lessons / Mathematics Primary Education / Grade 5 / Radio Lessons Primary Education / Grade 5 / Radio Lessons / English Primary Education / Grade 5 / Radio Lessons / Science and Technology Primary Education / Grade 5 / Radio Lessons / Agriculture Primary Education / Grade 5 / Radio Lessons / Social studies Primary Education / Grade 5 / Radio Lessons / Christian Religious Education Primary Education / Grade 5 / Radio Lessons / Mathematics Primary Education / Grade 5 / Interactive Digital Content Primary Education / Grade 6 Primary Education / Grade 6 / Radio Lessons Primary Education / Grade 6 / Radio Lessons / CRE Primary Education / Grade 6 / Radio Lessons / Social Studies Primary Education / Grade 6 / Radio Lessons / Science Primary Education / Grade 6 / Radio Lessons / Kiswahili Primary Education / Grade 6 / Radio Lessons / English Primary Education / Grade 6 / Radio Lessons / Mathematics Primary Education / Grade 6 / Educhannel TV Lessons Primary Education / Grade 6 / Educhannel TV Lessons / Kiswahili Primary Education / Grade 6 / Educhannel TV Lessons / Agriculture Primary Education / Grade 6 / Educhannel TV Lessons / Art and Craft Primary Education / Grade 6 / Educhannel TV Lessons / English Primary Education / Grade 6 / Educhannel TV Lessons / Home Science Primary Education / Grade 6 / Educhannel TV Lessons / Music Primary Education / Grade 6 / Educhannel TV Lessons / Science and technology Primary Education / Grade 6 / Educhannel TV Lessons / Physical health education Primary Education / Grade 6 / Interactive Digital Content Junior School Junior School / Grade 8 Junior School / Grade 8 / Educhannel Tv Lessons Junior School / Grade 8 / Radio Lessons Junior School / Grade 8 / Interactive Digital Content Junior School / Grade 7 Junior School / Grade 7 / Educhannel TV lessons Junior School / Grade 7 / Radio Lessons Junior School / Grade 7 / Radio Lessons / Mathematics Junior School / Grade 7 / Radio Lessons / Kiswahili Junior School / Grade 7 / Radio Lessons / English Junior School / Grade 7 / Radio Lessons / Christian Religious Education Junior School / Grade 7 / Radio Lessons / Integrated Science Junior School / Grade 7 / Radio Lessons / Social Studies Junior School / Grade 7 / Radio Lessons / Pre-Technical Studies Junior School / Grade 7 / Interactive Digital Content Secondary Education Secondary Education / Form 1 Secondary Education / Form 1 / Interactive Digital Content Secondary Education / Form 1 / Educhannel Tv Lessons Secondary Education / Form 1 / Educhannel Tv Lessons / Mathematics Secondary Education / Form 1 / Educhannel Tv Lessons / English Secondary Education / Form 1 / Educhannel Tv Lessons / Physics Secondary Education / Form 1 / Educhannel Tv Lessons / Biology Secondary Education / Form 1 / Educhannel Tv Lessons / Chemistry Secondary Education / Form 1 / Educhannel Tv Lessons / Kiswahili Secondary Education / Form 1 / Educhannel Tv Lessons / History and Government Secondary Education / Form 1 / Educhannel Tv Lessons / Business Studies Secondary Education / Form 1 / Radio Lessons Secondary Education / Form 1 / Ebooks Secondary Education / Form 2 Secondary Education / Form 2 / Interactive Digital Content Secondary Education / Form 2 / Educhannel Tv Lessons Secondary Education / Form 2 / Educhannel Tv Lessons / Physics Secondary Education / Form 2 / Radio Lessons Secondary Education / Form 2 / Radio Lessons / Biology Secondary Education / Form 3 Secondary Education / Form 3 / Interactive Digital Content Secondary Education / Form 3 / Educhannel Tv Lessons Secondary Education / Form 3 / Educhannel Tv Lessons / Mathematics Secondary Education / Form 3 / Educhannel Tv Lessons / English Secondary Education / Form 3 / Educhannel Tv Lessons / Kiswahili Secondary Education / Form 3 / Educhannel Tv Lessons / Biology Secondary Education / Form 3 / Educhannel Tv Lessons / Chemistry Secondary Education / Form 3 / Educhannel Tv Lessons / Physics Secondary Education / Form 3 / Educhannel Tv Lessons / Business Studies Secondary Education / Form 3 / Educhannel Tv Lessons / History and Government Secondary Education / Form 3 / Radio Lessons Secondary Education / Form 4 Secondary Education / Form 4 / Interactive Digital Content Secondary Education / Form 4 / Educhannel Tv Lessons Secondary Education / Form 4 / Educhannel Tv Lessons / Form 4 Mathematics Secondary Education / Form 4 / Educhannel Tv Lessons / Form 4 English Secondary Education / Form 4 / Educhannel Tv Lessons / Form 4 Physics Secondary Education / Form 4 / Educhannel Tv Lessons / Form 4 Biology Secondary Education / Form 4 / Educhannel Tv Lessons / Form 4 Kiswahili Secondary Education / Form 4 / Educhannel Tv Lessons / Form 4 Chemistry Secondary Education / Form 4 / Educhannel Tv Lessons / Form 4 History and Government Secondary Education / Form 4 / Educhannel Tv Lessons / Form 4 Business Studies Secondary Education / Form 4 / Radio Lessons Secondary Education / Form 4 / Radio Lessons / Mathematics Secondary Education / Form 4 / Radio Lessons / Mathematics / Form 4 Term 1 Secondary Education / Form 4 / Radio Lessons / Mathematics / Form 4 Term 2 Secondary Education / Form 4 / Radio Lessons / Mathematics / Form 4 Term 3 General Knowledge General Knowledge / VOA Connect General Knowledge / Ask the expert General Knowledge / Citizenship and Democracy General Knowledge / Digital Story General Knowledge / Impacted Educhannel Lessons Educhannel Lessons / English Educhannel Lessons / English / Transport and travel Educhannel Lessons / English / Pronunciation skills Educhannel Lessons / English / Listening and speaking Educhannel Lessons / English / Family Educhannel Lessons / English / Environment Educhannel Lessons / English / Drug and Substance Educhannel Lessons / Agriculture Educhannel Lessons / Biology Educhannel Lessons / Biology / Living Things Educhannel Lessons / Biology / Secretion and homeostasis Educhannel Lessons / Biology / Support and movement Educhannel Lessons / Business Studies Educhannel Lessons / Chemistry Educhannel Lessons / Earth Movement and Volcanicity Educhannel Lessons / Environmental Activities Educhannel Lessons / Geograpghy Educhannel Lessons / History Educhannel Lessons / History / Kenyan History Educhannel Lessons / Homescience Educhannel Lessons / Homescience / Basic care clothing Educhannel Lessons / Kiswahili Educhannel Lessons / Kiswahili / Primary Educhannel Lessons / Kiswahili / Primary / Darasa 4-5 Educhannel Lessons / Kiswahili / Secondary Educhannel Lessons / Kiswahili / Secondary / Isimu Jamii Educhannel Lessons / Kiswahili / Secondary / Sarufi Educhannel Lessons / Mathematics Educhannel Lessons / Mathematics / Secondary Educhannel Lessons / Mathematics / Secondary / Commercial Arithmetics Educhannel Lessons / Mathematics / Primary Educhannel Lessons / Mathematics / Primary / Class 5-8 Educhannel Lessons / Mathematics / Primary / Class 5-8 / Practical uses of Money Educhannel Lessons / Mathematics / Primary / Class 5-8 / Measurement Educhannel Lessons / Organic Chemistry Educhannel Lessons / Performing Music Educhannel Lessons / Homescience Educhannel Lessons / Homescience / Basic care of clothing Educhannel Lessons / Art and Craft Educhannel Lessons / Physics Educhannel Lessons / Physics / Thermodynamics Educhannel Lessons / Physics / Mechanics Educhannel Lessons / Physics / Electricity and Magnetism Educhannel Lessons / The Doyen Exposition Educhannel Lessons / Science Educhannel Lessons / Science / Making work easier Educhannel Lessons / Science / Living Things Educhannel Lessons / Science / Energy conservation Educhannel Lessons / Physical and Health Education Educhannel Lessons / Physical and Health Education / Grade 1-4 Open Education Resourses(OERs) Open Education Resourses(OERs) / Movement and Creative Activities Open Education Resourses(OERs) / 	Religious Education Activities Open Education Resourses(OERs) / Mathematical Activities Open Education Resourses(OERs) / Environmental Activities Open Education Resourses(OERs) / Kiswahili Language Open Education Resourses(OERs) / LTK | Concordia University Open Education Resourses(OERs) / Hygiene and Nutrition Open Education Resourses(OERs) / ENGLISH LANGUAGE ACTIVITIES Open Education Resourses(OERs) / Casio Materials Open Education Resourses(OERs) / Health Education Open Education Resourses(OERs) / Carbon Literacy Special Needs Education Special Needs Education / Grade 1 Special Needs Education / Grade 1 / Adapted Interactive Digital Content for Hearing Impaired(HI) Special Needs Education / Grade 1 / Adapted Interactive Digital Content for Hearing Impaired(HI) / English Activities Special Needs Education / Grade 1 / Adapted Interactive Digital Content for Hearing Impaired(HI) / Environmental Activities Special Needs Education / Grade 1 / Adapted Interactive Digital Content for Hearing Impaired(HI) / Creative Activities Special Needs Education / Grade 1 / Adapted Interactive Digital Content for Visual Impaired(VI) Special Needs Education / Grade 2 Special Needs Education / Grade 2 / Adapted Interactive Digital Content for Hearing Impaired(HI) Special Needs Education / Grade 2 / Adapted Interactive Digital Content for Hearing Impaired(HI) / Mathematics Grade 2 Special Needs Education / Grade 2 / Adapted Interactive Digital Content for Hearing Impaired(HI) / Environmental Activities Grade 2 Special Needs Education / Grade 2 / Adapted Interactive Digital Content for Hearing Impaired(HI) / Hygiene and Nutrition Grade 2 Special Needs Education / Grade 2 / Adapted Interactive Digital Content for Hearing Impaired(HI) / Christian Religious Education Grade 2 (HI) Special Needs Education / Grade 2 / Adapted Interactive Digital Content for Hearing Impaired(HI) / Literacy Activities Grade2 (HI) Special Needs Education / Grade 2 / Adapted Interactive Digital Content for Hearing Impaired(HI) / English Activities Grad2 H.I Special Needs Education / Grade 2 / Adapted Interactive Digital Content for Hearing Impaired(HI) / Creative Activities Grade2 -H.I Special Needs Education / Grade 2 / Adapted Interactive Digital Content for Visual Impaired(VI) Special Needs Education / Grade 2 / Adapted Interactive Digital Content for Visual Impaired(VI) / Mathematics Special Needs Education / Grade 2 / Adapted Interactive Digital Content for Visual Impaired(VI) / Kiswahili Special Needs Education / Grade 2 / Adapted Interactive Digital Content for Visual Impaired(VI) / English Special Needs Education / Grade 2 / Adapted Interactive Digital Content for Visual Impaired(VI) / Creative Activities Special Needs Education / Grade 2 / Adapted Interactive Digital Content for Visual Impaired(VI) / CRE Special Needs Education / Grade 3 Special Needs Education / Grade 3 / Adapted Interactive Digital Content for Learners with Hearing Impairment (HI) Special Needs Education / Grade 3 / Adapted Interactive Digital Content for Learners with Hearing Impairment (HI) / Visual Arts Special Needs Education / Grade 3 / Adapted Interactive Digital Content for Learners with Hearing Impairment (HI) / English Special Needs Education / Grade 3 / Adapted Interactive Digital Content for Learners with Hearing Impairment (HI) / Hygiene and Nutrition Special Needs Education / Grade 3 / Adapted Interactive Digital Content for Learners with Hearing Impairment (HI) / Music Special Needs Education / Grade 3 / Adapted Interactive Digital Content for Learners with Hearing Impairment (HI) / Mathematics Special Needs Education / Grade 3 / Adapted Interactive Digital Content for Learners with Hearing Impairment (HI) / Environmental Special Needs Education / Grade 3 / Adapted Interactive Digital Content for Learners with Hearing Impairment (HI) / CRE Special Needs Education / Grade 3 / Adapted Interactive Digital Content for Learners with Visual Impairment (VI) Special Needs Education / Grade 3 / Adapted Interactive Digital Content for Learners with Visual Impairment (VI) / Music Special Needs Education / Grade 3 / Adapted Interactive Digital Content for Learners with Visual Impairment (VI) / Mathematics Special Needs Education / Grade 3 / Adapted Interactive Digital Content for Learners with Visual Impairment (VI) / Visual Arts Special Needs Education / Grade 3 / Adapted Interactive Digital Content for Learners with Visual Impairment (VI) / Kiswahili Special Needs Education / Grade 3 / Adapted Interactive Digital Content for Learners with Visual Impairment (VI) / Hygiene and Nutrition Special Needs Education / Grade 3 / Adapted Interactive Digital Content for Learners with Visual Impairment (VI) / Environmental Special Needs Education / Grade 3 / Adapted Interactive Digital Content for Learners with Visual Impairment (VI) / English Special Needs Education / Grade 3 / Adapted Interactive Digital Content for Learners with Visual Impairment (VI) / CRE Special Needs Education / Grade 4 Special Needs Education / Grade 4 / Adapted Interactive Digital Content for Learners with Hearing Impairment (HI) Special Needs Education / Grade 4 / Adapted Interactive Digital Content for Learners with Hearing Impairment (HI) / Mathematics Special Needs Education / Grade 4 / Adapted Interactive Digital Content for Learners with Hearing Impairment (HI) / English Special Needs Education / Grade 4 / Adapted Interactive Digital Content for Learners with Hearing Impairment (HI) / Science and Technology Special Needs Education / Grade 4 / Adapted Interactive Digital Content for Learners with Hearing Impairment (HI) / Agriculture Special Needs Education / Grade 4 / Adapted Interactive Digital Content for Learners with Hearing Impairment (HI) / Social Studies Special Needs Education / Grade 4 / Adapted Interactive Digital Content for Learners with Hearing Impairment (HI) / Home Science Special Needs Education / Grade 4 / Adapted Interactive Digital Content for Learners with Hearing Impairment (HI) / Art and Craft Special Needs Education / Grade 4 / Adapted Interactive Digital Content for Learners with Hearing Impairment (HI) / Music Special Needs Education / Grade 4 / Adapted Interactive Digital Content for Learners with Hearing Impairment (HI) / Christian Religious Education (CRE) Special Needs Education / Grade 4 / Adapted Interactive Digital Content for Learners with Visual Impairment (VI) Special Needs Education / Grade 4 / Adapted Interactive Digital Content for Learners with Visual Impairment (VI) / Mathematics Special Needs Education / Grade 4 / Adapted Interactive Digital Content for Learners with Visual Impairment (VI) / English Special Needs Education / Grade 4 / Adapted Interactive Digital Content for Learners with Visual Impairment (VI) / Kiswahili Special Needs Education / Grade 4 / Adapted Interactive Digital Content for Learners with Visual Impairment (VI) / Science and Technology Special Needs Education / Grade 4 / Adapted Interactive Digital Content for Learners with Visual Impairment (VI) / Agriculture Special Needs Education / Grade 4 / Adapted Interactive Digital Content for Learners with Visual Impairment (VI) / Social Studies Special Needs Education / Grade 4 / Adapted Interactive Digital Content for Learners with Visual Impairment (VI) / Home Science Special Needs Education / Grade 4 / Adapted Interactive Digital Content for Learners with Visual Impairment (VI) / Art and Craft Special Needs Education / Grade 4 / Adapted Interactive Digital Content for Learners with Visual Impairment (VI) / Christian Religious Education (CRE) Special Needs Education / Grade 4 / Adapted Interactive Digital Content for Learners with Visual Impairment (VI) / Music Special Needs Education / Grade 5 Special Needs Education / Grade 5 / Adapted Interactive Digital Content for Learners with Hearing Impairment (HI) Special Needs Education / Grade 5 / Adapted Interactive Digital Content for Learners with Hearing Impairment (HI) / English Special Needs Education / Grade 5 / Adapted Interactive Digital Content for Learners with Hearing Impairment (HI) / Christian Religious Education Special Needs Education / Grade 5 / Adapted Interactive Digital Content for Learners with Hearing Impairment (HI) / Social Studies Special Needs Education / Grade 5 / Adapted Interactive Digital Content for Learners with Hearing Impairment (HI) / Agriculture and Nutrition Special Needs Education / Grade 5 / Adapted Interactive Digital Content for Learners with Hearing Impairment (HI) / Creative Arts Special Needs Education / Grade 5 / Adapted Interactive Digital Content for Learners with Hearing Impairment (HI) / Mathematics Special Needs Education / Grade 5 / Adapted Interactive Digital Content for Learners with Hearing Impairment (HI) / Science and Technology Special Needs Education / Grade 5 / Adapted Interactive Digital Content for Learners with Hearing Impairment (HI) / Islamic Religious Education Special Needs Education / Grade 5 / Adapted Interactive Digital Content for Learners with Visual Impairment (VI) Special Needs Education / Grade 5 / Adapted Interactive Digital Content for Learners with Visual Impairment (VI) / Creative Arts Special Needs Education / Grade 5 / Adapted Interactive Digital Content for Learners with Visual Impairment (VI) / Social Studies Special Needs Education / Grade 5 / Adapted Interactive Digital Content for Learners with Visual Impairment (VI) / Kiswahili Special Needs Education / Grade 5 / Adapted Interactive Digital Content for Learners with Visual Impairment (VI) / Christian Religious Education Special Needs Education / Grade 5 / Adapted Interactive Digital Content for Learners with Visual Impairment (VI) / Science and Technology Special Needs Education / Grade 5 / Adapted Interactive Digital Content for Learners with Visual Impairment (VI) / Agriculture and Nutrition Special Needs Education / Grade 5 / Adapted Interactive Digital Content for Learners with Visual Impairment (VI) / Islamic Religious Education Special Needs Education / Grade 5 / Adapted Interactive Digital Content for Learners with Visual Impairment (VI) / Mathematics Special Needs Education / Grade 5 / Adapted Interactive Digital Content for Learners with Visual Impairment (VI) / English Special Needs Education / Grade 6 Special Needs Education / Grade 6 / Adapted Interactive Digital Content for Learners with Hearing Impairment (HI) Special Needs Education / Grade 6 / Adapted Interactive Digital Content for Learners with Hearing Impairment (HI) / Science and Technology Special Needs Education / Grade 6 / Adapted Interactive Digital Content for Learners with Hearing Impairment (HI) / Christian Religious Education Special Needs Education / Grade 6 / Adapted Interactive Digital Content for Learners with Hearing Impairment (HI) / Creative Arts Special Needs Education / Grade 6 / Adapted Interactive Digital Content for Learners with Hearing Impairment (HI) / Islamic Religious Education Special Needs Education / Grade 6 / Adapted Interactive Digital Content for Learners with Hearing Impairment (HI) / English Special Needs Education / Grade 6 / Adapted Interactive Digital Content for Learners with Hearing Impairment (HI) / Social Studies Special Needs Education / Grade 6 / Adapted Interactive Digital Content for Learners with Hearing Impairment (HI) / Agriculture Special Needs Education / Grade 6 / Adapted Interactive Digital Content for Learners with Hearing Impairment (HI) / Mathematics Special Needs Education / Grade 6 / Adapted Interactive Digital Content for Learners with Visual Impairment (VI) Special Needs Education / Grade 6 / Adapted Interactive Digital Content for Learners with Visual Impairment (VI) / Christian Religious Education Special Needs Education / Grade 6 / Adapted Interactive Digital Content for Learners with Visual Impairment (VI) / Kiswahili Special Needs Education / Grade 6 / Adapted Interactive Digital Content for Learners with Visual Impairment (VI) / English Special Needs Education / Grade 6 / Adapted Interactive Digital Content for Learners with Visual Impairment (VI) / Creative Arts Special Needs Education / Grade 6 / Adapted Interactive Digital Content for Learners with Visual Impairment (VI) / Mathematics Special Needs Education / Grade 6 / Adapted Interactive Digital Content for Learners with Visual Impairment (VI) / Science and Technology Special Needs Education / Grade 6 / Adapted Interactive Digital Content for Learners with Visual Impairment (VI) / Islamic Religious Education Special Needs Education / Grade 6 / Adapted Interactive Digital Content for Learners with Visual Impairment (VI) / Social Studies Special Needs Education / Grade 6 / Adapted Interactive Digital Content for Learners with Visual Impairment (VI) / Agriculture and Nutrition Special Needs Education / Ebooks Special Needs Education / Videos Special Needs Education / Foundational and Stage-Based Special Needs Education / Prevocational Level Special Needs Education / Prevocational Level / Music Special Needs Education / Prevocational Level / Hindu Religious Education Special Needs Education / Prevocational Level / Christian Religious Education Special Needs Education / Prevocational Level / Physical Education Special Needs Education / Prevocational Level / Islamic Religious Education Special Needs Education / Prevocational Level / Social Studies Special Needs Education / Prevocational Level / Prevocational Skills 1 Special Needs Education / Prevocational Level / Prevocational Skills 2 Special Needs Education / Prevocational Level / Prevocational Skills 3 Accessible Digital Textbooks Interactive Simulations for Sciences and Mathematics Interactive Simulations for Sciences and Mathematics / Physics Interactive Simulations for Sciences and Mathematics / Chemistry Interactive Simulations for Sciences and Mathematics / Mathematics Information, Education and Communication(IEC) Materials Information, Education and Communication(IEC) Materials / Child Online Safety Information, Education and Communication(IEC) Materials / Child Road Safety Information, Education and Communication(IEC) Materials / Child Road Safety / Integration Matrices Information, Education and Communication(IEC) Materials / Child Road Safety / Integration Matrices / Early Years Education Information, Education and Communication(IEC) Materials / Child Road Safety / Integration Matrices / Upper Primary Information, Education and Communication(IEC) Materials / Child Road Safety / Integration Matrices / Junior School Information, Education and Communication(IEC) Materials / Child Road Safety / Integration Matrices / Senior School Information, Education and Communication(IEC) Materials / Child Road Safety / Information, Education and Communication(IEC) Materials on Child Road Safety Information, Education and Communication(IEC) Materials / Child Road Safety / Information, Education and Communication(IEC) Materials on Child Road Safety / Early Years Education Information, Education and Communication(IEC) Materials / Child Road Safety / Information, Education and Communication(IEC) Materials on Child Road Safety / Upper Primary Information, Education and Communication(IEC) Materials / Child Road Safety / Information, Education and Communication(IEC) Materials on Child Road Safety / Junior School Information, Education and Communication(IEC) Materials / Child Road Safety / Information, Education and Communication(IEC) Materials on Child Road Safety / Senior School Information, Education and Communication(IEC) Materials / Child Road Safety / Teacher's Handbook Information, Education and Communication(IEC) Materials / Financial Literacy Learners’ Toolkit Teacher Resources Teacher Resources / Educational Resources Materials Development Teacher Resources / Educational Resources Materials Development / CRE Teacher Resources / Educational Resources Materials Development / English Teacher Resources / Educational Resources Materials Development / Environment Teacher Resources / Educational Resources Materials Development / Foundations Teacher Resources / Educational Resources Materials Development / H.R.E Teacher Resources / Educational Resources Materials Development / Hygiene and Nutrition Teacher Resources / Educational Resources Materials Development / I.R.E Teacher Resources / Educational Resources Materials Development / Kiswahili Teacher Resources / Educational Resources Materials Development / Language Activities Teacher Resources / Educational Resources Materials Development / Literacy Skills Teacher Resources / Educational Resources Materials Development / Mathematics Teacher Resources / Educational Resources Materials Development / Movements and Arts Teacher Resources / Pre-Primary Teacher Radio Programmes Teacher Resources / CBC Courses Teacher Resources / Special Needs Educations Teacher Resources / Interactive Digital Content for Teacher Education Teacher Resources / Interactive Digital Content for Teacher Education / English Teacher Resources / Interactive Digital Content for Teacher Education / Music Teacher Resources / Interactive Digital Content for Teacher Education / Christian Religious Education Teacher Resources / Interactive Digital Content for Teacher Education / Art and Craft Teacher Resources / Interactive Digital Content for Teacher Education / Indigenous Languages Teacher Resources / Interactive Digital Content for Teacher Education / Home science Teacher Resources / Interactive Digital Content for Teacher Education / Science and Technology Teacher Resources / Interactive Digital Content for Teacher Education / Islamic Religious Education Teacher Resources / Interactive Digital Content for Teacher Education / Mandarin Teacher Resources / Interactive Digital Content for Teacher Education / Agriculture Teacher Resources / Interactive Digital Content for Teacher Education / Mathematics Teacher Resources / Interactive Digital Content for Teacher Education / French Teacher Resources / Interactive Digital Content for Teacher Education / Hindu Religious Education Teacher Resources / Interactive Digital Content for Teacher Education / Social Studies Teacher Resources / Interactive Digital Content for Teacher Education / Kiswahili Teacher Resources / Interactive Digital Content for Teacher Education / Physical Education Teacher Resources / Interactive Digital Content for Teacher Education / Arabic Parental Resources Financial Literacy Financial Literacy / Financial Literacy for Junior School Financial Literacy / Financial Literacy for Junior School / Taxation Financial Literacy / Financial Literacy for Senior School Financial Literacy / Financial Literacy for Senior School / Taxation Search lessons Search Parent’s Roles Competency Based CurriculumSee moreGuidelines on Parental Empowerment and EngagementSee moreParental and Caregivers ProgrammesSee more Home Calendar Pre-primary Pre-Primary 1 Pre-Primary 2 Primary Grade 1 Grade 2 Grade 3 Grade 4 Grade 5 Grade 6 Secondary Grade 7 Grade 8 Form 1 Form 2 Form 3 Form 4 OER's SNE The Kenya Education Cloud (KEC) is a digital platform designed to enhance teaching and learning in Kenya by providing a wide range of digital educational resources. Serving as a centralized hub for e-learning, it promotes access to interactive content, supports modern pedagogical methods, and fosters collaboration among educators and learners. External Links Ministry of Education Kenya National Examinations Council Teachers Service Commission Kenya Kenya Institute of Special Education (KISE) ICT Authority TVET Authority Elimika Additional Resources Accessible Digital Textbook (ADT) Curriculum Reports Parental Resources Child Online Protection Guidelines Our Contacts Kenya Institute of Curriculum DevelopmentDesai Rd, Off Muranga Rd,Nairobi, Kenya. Telephone Contacts+254 729327331 +254 729327334 Email Addressinfo@kicd.ac.ke Kenya Education Cloud © 2024. All rights reserved. Privacy Policy Terms & Conditions (Login) Data retention summary","['mathematics', 'english', 'kiswahili', 'biology', 'chemistry', 'physics', 'geography', 'history', 'business', 'computer', 'agriculture', 'home_science', 'art', 'music', 'physical_education', 'religious_education']",form_1,cbc,[],2025-09-08T00:49:45.180810,unknown,special,parental_resources,,
https://oer.kec.ac.ke/courses/,Courses – oer.kec.ac.ke,,"Home About Learning Areas Resources Menu Toggle Learning Areas Forums Events Calendar Mobile App Contact Log In Register Home About Learning Areas Resources Menu Toggle Learning Areas Forums Events Calendar Mobile App Contact Log In Register Home About Learning Areas Resources Menu Toggle Learning Areas Forums Events Calendar Mobile App Contact Log In Register Home About Learning Areas Resources Menu Toggle Learning Areas Forums Events Calendar Mobile App Contact Log In Register Home About Learning Areas Resources Menu Toggle Learning Areas Forums Events Calendar Mobile App Contact Log In Register Main Menu Main Menu Home About Learning Areas Resources Menu Toggle Learning Areas Forums Events Calendar Mobile App Contact Log In Register Home About Learning Areas Resources Menu Toggle Learning Areas Forums Events Calendar Mobile App Contact Log In Register Home About Learning Areas Resources Menu Toggle Learning Areas Forums Events Calendar Mobile App Contact Log In Register Home About Learning Areas Resources Menu Toggle Learning Areas Forums Events Calendar Mobile App Contact Log In Register Open Education Resources Platform What We Offer The KICD OER platform offers a wide array of educational resources Access Open Education Resources – Learning Areas #ld-cg-m5ujmqcdop .grid{grid-template-columns:repeat(3,minmax(0,1fr));}	#ld-cg-m5ujmqcdop .grid > .item > .post,	#ld-cg-m5ujmqcdop .grid > .item .content{display:flex;flex-direction:column;height:100%;}	#ld-cg-m5ujmqcdop .grid > .item .content > *:last-child{margin-top:auto;}	#ld-cg-m5ujmqcdop .grid > .item .content .entry-title,	#ld-cg-m5ujmqcdop .grid > .item .content .entry-title *{}	#ld-cg-m5ujmqcdop .grid > .item .content .entry-title{}	#ld-cg-m5ujmqcdop .grid > .item .content .entry-title *{}	#ld-cg-m5ujmqcdop .grid > .item .content .entry-content{}	#ld-cg-m5ujmqcdop .grid > .item .content .entry-content *{}	#ld-cg-m5ujmqcdop .grid > .item .ribbon{}	#ld-cg-m5ujmqcdop .grid > .item .ribbon,	#ld-cg-m5ujmqcdop .grid > .item .ribbon *{}	#ld-cg-m5ujmqcdop .grid > .item .icon{}	#ld-cg-m5ujmqcdop .grid > .item .icon,	#ld-cg-m5ujmqcdop .grid > .item .icon *{}	#ld-cg-m5ujmqcdop .grid > .item .button,	#ld-cg-m5ujmqcdop .grid > .item .button *{}	#ld-cg-m5ujmqcdop .grid > .item .button,	#ld-cg-m5ujmqcdop .grid > .item .button *{} Filter Keyword Learning Area Categories Kenya Grade 1 Kenya Grade 2 Kenya Grade 6 Uncategorized User Guide Learning Area Tags Agriculture Art and Craft Christian Religious Education English Home Science Islamic Religious Education Kiswahili Mathematics Music Physical and Health Education Science and Technology Social Studies Apply Clear Grade 6 Science and Technology By KICD Kenya Grade 6 The Grade 6 Science and Technology learning area encourages curiosity, exploration, and critical thinking through han… Price Free Enroll Now Grade 6 Music By KICD Kenya Grade 6 In Grade 6 Music, students build on their understanding of music through listening, singing, playing instruments, and… Price Free Enroll Now Grade 6 Agriculture By KICD Kenya Grade 6 In Grade 6 Agriculture, students explore the basics of farming and the importance of agriculture in daily life. This … Price Free Enroll Now Teacher's User Guide By KICD User Guide, User Guide This is a teacher’s user guide. It provides information of how to use the platform to manage learners and grade books… Price Free Enroll Now Grade 6 Social Studies – Strand 2 (Visual Impairment) By KICD Kenya Grade 6 This Grade 6 Social Studies class, focused on Strand 2: Human and Economic Development, is designed to help visual-im… Price Free Enroll Now Grade 2 English By KICD Kenya Grade 2 Grade 2 English learning area builds on foundational language skills, helping students improve their reading, writing… Price Free Enroll Now Gredi ya 2 Shughuli za Kiswahili By KICD Kenya Grade 2 Somo la Kiswahili kwa Darasa la Pili linapanua ujuzi wa wanafunzi katika kusikiliza, kuzungumza, kusoma, na kuandika…. Price Free Enroll Now Gredi ya 1 Shughuli za Kiswahili By KICD Kenya Grade 1 Somo la Kiswahili kwa Darasa la Kwanza linawasaidia wanafunzi kujifunza na kukuza ujuzi wa kusikiliza, kuzungumza, ku… Price Free Enroll Now Grade 6 Christian Religious Education By KICD Kenya Grade 6 The Grade 6 Christian Religious Education (CRE) learning area helps students develop a deeper understanding of Christ… Price Free Enroll Now Load More Share on Facebook Share on LinkedIn Email this Page Open Education Resources Platform What We Offer The KICD OER platform offers a wide array of educational resources Access Open Education Resources – Learning Areas #ld-cg-m5ujmqcdop .grid{grid-template-columns:repeat(3,minmax(0,1fr));}	#ld-cg-m5ujmqcdop .grid > .item > .post,	#ld-cg-m5ujmqcdop .grid > .item .content{display:flex;flex-direction:column;height:100%;}	#ld-cg-m5ujmqcdop .grid > .item .content > *:last-child{margin-top:auto;}	#ld-cg-m5ujmqcdop .grid > .item .content .entry-title,	#ld-cg-m5ujmqcdop .grid > .item .content .entry-title *{}	#ld-cg-m5ujmqcdop .grid > .item .content .entry-title{}	#ld-cg-m5ujmqcdop .grid > .item .content .entry-title *{}	#ld-cg-m5ujmqcdop .grid > .item .content .entry-content{}	#ld-cg-m5ujmqcdop .grid > .item .content .entry-content *{}	#ld-cg-m5ujmqcdop .grid > .item .ribbon{}	#ld-cg-m5ujmqcdop .grid > .item .ribbon,	#ld-cg-m5ujmqcdop .grid > .item .ribbon *{}	#ld-cg-m5ujmqcdop .grid > .item .icon{}	#ld-cg-m5ujmqcdop .grid > .item .icon,	#ld-cg-m5ujmqcdop .grid > .item .icon *{}	#ld-cg-m5ujmqcdop .grid > .item .button,	#ld-cg-m5ujmqcdop .grid > .item .button *{}	#ld-cg-m5ujmqcdop .grid > .item .button,	#ld-cg-m5ujmqcdop .grid > .item .button *{} Filter Keyword Learning Area Categories Kenya Grade 1 Kenya Grade 2 Kenya Grade 6 Uncategorized User Guide Learning Area Tags Agriculture Art and Craft Christian Religious Education English Home Science Islamic Religious Education Kiswahili Mathematics Music Physical and Health Education Science and Technology Social Studies Apply Clear Grade 6 Science and Technology By KICD Kenya Grade 6 The Grade 6 Science and Technology learning area encourages curiosity, exploration, and critical thinking through han… Price Free Enroll Now Grade 6 Music By KICD Kenya Grade 6 In Grade 6 Music, students build on their understanding of music through listening, singing, playing instruments, and… Price Free Enroll Now Grade 6 Agriculture By KICD Kenya Grade 6 In Grade 6 Agriculture, students explore the basics of farming and the importance of agriculture in daily life. This … Price Free Enroll Now Teacher's User Guide By KICD User Guide, User Guide This is a teacher’s user guide. It provides information of how to use the platform to manage learners and grade books… Price Free Enroll Now Grade 6 Social Studies – Strand 2 (Visual Impairment) By KICD Kenya Grade 6 This Grade 6 Social Studies class, focused on Strand 2: Human and Economic Development, is designed to help visual-im… Price Free Enroll Now Grade 2 English By KICD Kenya Grade 2 Grade 2 English learning area builds on foundational language skills, helping students improve their reading, writing… Price Free Enroll Now Gredi ya 2 Shughuli za Kiswahili By KICD Kenya Grade 2 Somo la Kiswahili kwa Darasa la Pili linapanua ujuzi wa wanafunzi katika kusikiliza, kuzungumza, kusoma, na kuandika…. Price Free Enroll Now Gredi ya 1 Shughuli za Kiswahili By KICD Kenya Grade 1 Somo la Kiswahili kwa Darasa la Kwanza linawasaidia wanafunzi kujifunza na kukuza ujuzi wa kusikiliza, kuzungumza, ku… Price Free Enroll Now Grade 6 Christian Religious Education By KICD Kenya Grade 6 The Grade 6 Christian Religious Education (CRE) learning area helps students develop a deeper understanding of Christ… Price Free Enroll Now Load More Share on Facebook Share on LinkedIn Email this Page Open Education Resources Platform What We Offer The KICD OER platform offers a wide array of educational resources Access Open Education Resources – Learning Areas #ld-cg-m5ujmqcdop .grid{grid-template-columns:repeat(3,minmax(0,1fr));}	#ld-cg-m5ujmqcdop .grid > .item > .post,	#ld-cg-m5ujmqcdop .grid > .item .content{display:flex;flex-direction:column;height:100%;}	#ld-cg-m5ujmqcdop .grid > .item .content > *:last-child{margin-top:auto;}	#ld-cg-m5ujmqcdop .grid > .item .content .entry-title,	#ld-cg-m5ujmqcdop .grid > .item .content .entry-title *{}	#ld-cg-m5ujmqcdop .grid > .item .content .entry-title{}	#ld-cg-m5ujmqcdop .grid > .item .content .entry-title *{}	#ld-cg-m5ujmqcdop .grid > .item .content .entry-content{}	#ld-cg-m5ujmqcdop .grid > .item .content .entry-content *{}	#ld-cg-m5ujmqcdop .grid > .item .ribbon{}	#ld-cg-m5ujmqcdop .grid > .item .ribbon,	#ld-cg-m5ujmqcdop .grid > .item .ribbon *{}	#ld-cg-m5ujmqcdop .grid > .item .icon{}	#ld-cg-m5ujmqcdop .grid > .item .icon,	#ld-cg-m5ujmqcdop .grid > .item .icon *{}	#ld-cg-m5ujmqcdop .grid > .item .button,	#ld-cg-m5ujmqcdop .grid > .item .button *{}	#ld-cg-m5ujmqcdop .grid > .item .button,	#ld-cg-m5ujmqcdop .grid > .item .button *{} Filter Keyword Learning Area Categories Kenya Grade 1 Kenya Grade 2 Kenya Grade 6 Uncategorized User Guide Learning Area Tags Agriculture Art and Craft Christian Religious Education English Home Science Islamic Religious Education Kiswahili Mathematics Music Physical and Health Education Science and Technology Social Studies Apply Clear Grade 6 Science and Technology By KICD Kenya Grade 6 The Grade 6 Science and Technology learning area encourages curiosity, exploration, and critical thinking through han… Price Free Enroll Now Grade 6 Music By KICD Kenya Grade 6 In Grade 6 Music, students build on their understanding of music through listening, singing, playing instruments, and… Price Free Enroll Now Grade 6 Agriculture By KICD Kenya Grade 6 In Grade 6 Agriculture, students explore the basics of farming and the importance of agriculture in daily life. This … Price Free Enroll Now Teacher's User Guide By KICD User Guide, User Guide This is a teacher’s user guide. It provides information of how to use the platform to manage learners and grade books… Price Free Enroll Now Grade 6 Social Studies – Strand 2 (Visual Impairment) By KICD Kenya Grade 6 This Grade 6 Social Studies class, focused on Strand 2: Human and Economic Development, is designed to help visual-im… Price Free Enroll Now Grade 2 English By KICD Kenya Grade 2 Grade 2 English learning area builds on foundational language skills, helping students improve their reading, writing… Price Free Enroll Now Gredi ya 2 Shughuli za Kiswahili By KICD Kenya Grade 2 Somo la Kiswahili kwa Darasa la Pili linapanua ujuzi wa wanafunzi katika kusikiliza, kuzungumza, kusoma, na kuandika…. Price Free Enroll Now Gredi ya 1 Shughuli za Kiswahili By KICD Kenya Grade 1 Somo la Kiswahili kwa Darasa la Kwanza linawasaidia wanafunzi kujifunza na kukuza ujuzi wa kusikiliza, kuzungumza, ku… Price Free Enroll Now Grade 6 Christian Religious Education By KICD Kenya Grade 6 The Grade 6 Christian Religious Education (CRE) learning area helps students develop a deeper understanding of Christ… Price Free Enroll Now Load More Share on Facebook Share on LinkedIn Email this Page Grade 6 Science and Technology By KICD Kenya Grade 6 The Grade 6 Science and Technology learning area encourages curiosity, exploration, and critical thinking through han… Price Free Enroll Now The Grade 6 Science and Technology learning area encourages curiosity, exploration, and critical thinking through han… Grade 6 Music By KICD Kenya Grade 6 In Grade 6 Music, students build on their understanding of music through listening, singing, playing instruments, and… Price Free Enroll Now In Grade 6 Music, students build on their understanding of music through listening, singing, playing instruments, and… Grade 6 Agriculture By KICD Kenya Grade 6 In Grade 6 Agriculture, students explore the basics of farming and the importance of agriculture in daily life. This … Price Free Enroll Now In Grade 6 Agriculture, students explore the basics of farming and the importance of agriculture in daily life. This … Teacher's User Guide By KICD User Guide, User Guide This is a teacher’s user guide. It provides information of how to use the platform to manage learners and grade books… Price Free Enroll Now This is a teacher’s user guide. It provides information of how to use the platform to manage learners and grade books… Grade 6 Social Studies – Strand 2 (Visual Impairment) By KICD Kenya Grade 6 This Grade 6 Social Studies class, focused on Strand 2: Human and Economic Development, is designed to help visual-im… Price Free Enroll Now This Grade 6 Social Studies class, focused on Strand 2: Human and Economic Development, is designed to help visual-im… Grade 2 English By KICD Kenya Grade 2 Grade 2 English learning area builds on foundational language skills, helping students improve their reading, writing… Price Free Enroll Now Grade 2 English learning area builds on foundational language skills, helping students improve their reading, writing… Gredi ya 2 Shughuli za Kiswahili By KICD Kenya Grade 2 Somo la Kiswahili kwa Darasa la Pili linapanua ujuzi wa wanafunzi katika kusikiliza, kuzungumza, kusoma, na kuandika…. Price Free Enroll Now Somo la Kiswahili kwa Darasa la Pili linapanua ujuzi wa wanafunzi katika kusikiliza, kuzungumza, kusoma, na kuandika…. Gredi ya 1 Shughuli za Kiswahili By KICD Kenya Grade 1 Somo la Kiswahili kwa Darasa la Kwanza linawasaidia wanafunzi kujifunza na kukuza ujuzi wa kusikiliza, kuzungumza, ku… Price Free Enroll Now Somo la Kiswahili kwa Darasa la Kwanza linawasaidia wanafunzi kujifunza na kukuza ujuzi wa kusikiliza, kuzungumza, ku… Grade 6 Christian Religious Education By KICD Kenya Grade 6 The Grade 6 Christian Religious Education (CRE) learning area helps students develop a deeper understanding of Christ… Price Free Enroll Now The Grade 6 Christian Religious Education (CRE) learning area helps students develop a deeper understanding of Christ… Courses – oer.kec.ac.ke Skip to content Home About Learning Areas Resources Menu Toggle Learning Areas Forums Events Calendar Mobile App Contact Log In Register Main Menu Home About Learning Areas Resources Menu Toggle Learning Areas Forums Events Calendar Mobile App Contact Log In Register Open Education Resources Platform What We Offer The KICD OER platform offers a wide array of educational resources Access Open Education Resources – Learning Areas #ld-cg-m5ujmqcdop .grid{grid-template-columns:repeat(3,minmax(0,1fr));}	#ld-cg-m5ujmqcdop .grid > .item > .post,	#ld-cg-m5ujmqcdop .grid > .item .content{display:flex;flex-direction:column;height:100%;}	#ld-cg-m5ujmqcdop .grid > .item .content > *:last-child{margin-top:auto;}	#ld-cg-m5ujmqcdop .grid > .item .content .entry-title,	#ld-cg-m5ujmqcdop .grid > .item .content .entry-title *{}	#ld-cg-m5ujmqcdop .grid > .item .content .entry-title{}	#ld-cg-m5ujmqcdop .grid > .item .content .entry-title *{}	#ld-cg-m5ujmqcdop .grid > .item .content .entry-content{}	#ld-cg-m5ujmqcdop .grid > .item .content .entry-content *{}	#ld-cg-m5ujmqcdop .grid > .item .ribbon{}	#ld-cg-m5ujmqcdop .grid > .item .ribbon,	#ld-cg-m5ujmqcdop .grid > .item .ribbon *{}	#ld-cg-m5ujmqcdop .grid > .item .icon{}	#ld-cg-m5ujmqcdop .grid > .item .icon,	#ld-cg-m5ujmqcdop .grid > .item .icon *{}	#ld-cg-m5ujmqcdop .grid > .item .button,	#ld-cg-m5ujmqcdop .grid > .item .button *{}	#ld-cg-m5ujmqcdop .grid > .item .button,	#ld-cg-m5ujmqcdop .grid > .item .button *{} Filter Keyword Learning Area Categories Kenya Grade 1 Kenya Grade 2 Kenya Grade 6 Uncategorized User Guide Learning Area Tags Agriculture Art and Craft Christian Religious Education English Home Science Islamic Religious Education Kiswahili Mathematics Music Physical and Health Education Science and Technology Social Studies Apply Clear Grade 6 Science and Technology By KICD Kenya Grade 6 The Grade 6 Science and Technology learning area encourages curiosity, exploration, and critical thinking through han… Price Free Enroll Now Grade 6 Music By KICD Kenya Grade 6 In Grade 6 Music, students build on their understanding of music through listening, singing, playing instruments, and… Price Free Enroll Now Grade 6 Agriculture By KICD Kenya Grade 6 In Grade 6 Agriculture, students explore the basics of farming and the importance of agriculture in daily life. This … Price Free Enroll Now Teacher's User Guide By KICD User Guide, User Guide This is a teacher’s user guide. It provides information of how to use the platform to manage learners and grade books… Price Free Enroll Now Grade 6 Social Studies – Strand 2 (Visual Impairment) By KICD Kenya Grade 6 This Grade 6 Social Studies class, focused on Strand 2: Human and Economic Development, is designed to help visual-im… Price Free Enroll Now Grade 2 English By KICD Kenya Grade 2 Grade 2 English learning area builds on foundational language skills, helping students improve their reading, writing… Price Free Enroll Now Gredi ya 2 Shughuli za Kiswahili By KICD Kenya Grade 2 Somo la Kiswahili kwa Darasa la Pili linapanua ujuzi wa wanafunzi katika kusikiliza, kuzungumza, kusoma, na kuandika…. Price Free Enroll Now Gredi ya 1 Shughuli za Kiswahili By KICD Kenya Grade 1 Somo la Kiswahili kwa Darasa la Kwanza linawasaidia wanafunzi kujifunza na kukuza ujuzi wa kusikiliza, kuzungumza, ku… Price Free Enroll Now Grade 6 Christian Religious Education By KICD Kenya Grade 6 The Grade 6 Christian Religious Education (CRE) learning area helps students develop a deeper understanding of Christ… Price Free Enroll Now Load More Share on Facebook Share on LinkedIn Email this Page Kenya Institute ofCurriculum DevelopmentOpen Education Resources“Nurturing Every Learners Potential” The Kenya Institute of Curriculum Development(KICD) is an Institute established through the KICDAct No. 4 of 2013 of the laws of Kenya. © 2025 Kenya Institute of Curriculum Development.All Rights Reserved Our Contacts Kenya Institute of Curriculum Development Desai Rd, Off­ Muranga Rd, Nairobi, Kenya. Telephone Contacts +254 20 3749900-9 +254 20 3749900-3 +254 729 327 334 +254 787 883 311 Email Address info@kicd.ac.ke Developed by Darasa Online, a subsidiary of Mashariki Ltd. (Kenya)","['mathematics', 'english', 'kiswahili', 'computer', 'agriculture', 'home_science', 'art', 'music', 'physical_education', 'religious_education']",grade_1,unknown,[],2025-09-08T00:49:46.053631,unknown,,,,
https://lms.kec.ac.ke/course/index.php?categoryid=115,Form 3,"Kenya Education Cloud is your ultimate digital learning hub, providing access to curated e-learning resources, educational tools, and innovative content for students, teachers, and institutions.","Form 3 Home Lessons Secondary Education Form 3 Lesson categories: Pre-Primary Pre-Primary / Radio Lessons Pre-Primary / Educhannel Video Lessons Pre-Primary / Educhannel Video Lessons / Language Activities Pre-Primary / Educhannel Video Lessons / Mathematics Pre-Primary / Educhannel Video Lessons / Our School Pre-Primary / Educhannel Video Lessons / Picture Making Pre-Primary / Educhannel Video Lessons / Social Environment Pre-Primary / Educhannel Video Lessons / Pre-Primary 1 Pre-Primary / Educhannel Video Lessons / Pre-Primary 2 Pre-Primary / Interactive digital Content Pre-Primary / Ebooks Primary Education Primary Education / Grade 1 Primary Education / Grade 1 / Educhannel TV Lessons Primary Education / Grade 1 / Educhannel TV Lessons / English Primary Education / Grade 1 / Educhannel TV Lessons / Mathematics Primary Education / Grade 1 / Educhannel TV Lessons / Kiswahili Primary Education / Grade 1 / Educhannel TV Lessons / Kenya Sign Language(KSL) Primary Education / Grade 1 / Educhannel TV Lessons / Hygiene and nutrition Primary Education / Grade 1 / Educhannel TV Lessons / Environmental Activities Primary Education / Grade 1 / Interactive Digital Content Primary Education / Grade 1 / Radio Lessons Primary Education / Grade 1 / Radio Lessons / Mathematics Primary Education / Grade 1 / Radio Lessons / Mathematics / Grade 1 Term 2 Primary Education / Grade 1 / Radio Lessons / Mathematics / Grade 1 Term 3 Primary Education / Grade 1 / Radio Lessons / Kiswahili Primary Education / Grade 1 / Radio Lessons / Kiswahili / Grade 1 Term 2 Primary Education / Grade 1 / Radio Lessons / Kiswahili / Grade 1 Term 3 Primary Education / Grade 1 / Radio Lessons / English Primary Education / Grade 1 / Radio Lessons / English / Grade 1 Term 2 Primary Education / Grade 1 / Radio Lessons / English / Grade 1 Term 3 Primary Education / Grade 1 / Ebooks Primary Education / Grade 1 / Ebooks / Tusome readers Primary Education / Grade 1 / Ebooks / Indigenous Languages Primary Education / Grade 2 Primary Education / Grade 2 / Interactive Digital Content Primary Education / Grade 2 / Educhannel Tv Lessons Primary Education / Grade 2 / Educhannel Tv Lessons / Mathematics Primary Education / Grade 2 / Educhannel Tv Lessons / English Primary Education / Grade 2 / Radio Lessons Primary Education / Grade 2 / Radio Lessons / Mathematics Primary Education / Grade 2 / Radio Lessons / Mathematics / Grade 2 Term 2 Primary Education / Grade 2 / Radio Lessons / English Primary Education / Grade 2 / Radio Lessons / English / Grade 2 Term 2 Primary Education / Grade 2 / Radio Lessons / English / Grade 2 Term 3 Primary Education / Grade 2 / Radio Lessons / Kiswahili Primary Education / Grade 2 / Radio Lessons / Kiswahili / Grade 2 Term 3 Primary Education / Grade 2 / Hygiene and Nutrition Primary Education / Grade 2 / Hygiene and Nutrition / Grade 2 Term 2 Primary Education / Grade 2 / E-books Primary Education / Grade 2 / E-books / Tusome Readers Primary Education / Grade 3 Primary Education / Grade 3 / Radio Lessons Primary Education / Grade 3 / Radio Lessons / Mathematics Primary Education / Grade 3 / Radio Lessons / Mathematics / Grade 3 Term 2 Primary Education / Grade 3 / Radio Lessons / Mathematics / Grade 3 Term 3 Primary Education / Grade 3 / Radio Lessons / English Primary Education / Grade 3 / Radio Lessons / English / Grade 3 Term 2 Primary Education / Grade 3 / Radio Lessons / English / Grade 3 Term 3 Primary Education / Grade 3 / Radio Lessons / Environmental Activities Primary Education / Grade 3 / Radio Lessons / Environmental Activities / Grade 3 Term 2 Primary Education / Grade 3 / Radio Lessons / Kiswahili Primary Education / Grade 3 / Radio Lessons / Kiswahili / Grade 3 Term 3 Primary Education / Grade 3 / Educhannel TV Lessons Primary Education / Grade 3 / Educhannel TV Lessons / Mathematics Primary Education / Grade 3 / Educhannel TV Lessons / English Primary Education / Grade 3 / Educhannel TV Lessons / Kiswahili Primary Education / Grade 3 / Educhannel TV Lessons / Hygiene and Nutrition Primary Education / Grade 3 / Educhannel TV Lessons / Environmental Activities Primary Education / Grade 3 / Interactive Digital Content Primary Education / Grade 3 / EBooks Primary Education / Grade 3 / Tusome English Video Lessons Primary Education / Grade 3 / Tusome English Video Lessons / Tusome English Grade 3 Lessons Primary Education / Grade 4 Primary Education / Grade 4 / Educhannel Tv Lessons Primary Education / Grade 4 / Educhannel Tv Lessons / Home Science Primary Education / Grade 4 / Educhannel Tv Lessons / Agriculture Primary Education / Grade 4 / Educhannel Tv Lessons / Music Primary Education / Grade 4 / Educhannel Tv Lessons / Physical Education Primary Education / Grade 4 / Educhannel Tv Lessons / Art and Craft Primary Education / Grade 4 / Educhannel Tv Lessons / Kenya Sign Language Primary Education / Grade 4 / Educhannel Tv Lessons / Mathematics Primary Education / Grade 4 / Educhannel Tv Lessons / Science and Technology Primary Education / Grade 4 / Educhannel Tv Lessons / Social Studies Primary Education / Grade 4 / Educhannel Tv Lessons / English Primary Education / Grade 4 / Educhannel Tv Lessons / Kiswahili Primary Education / Grade 4 / Educhannel Tv Lessons / Environmental Activity Primary Education / Grade 4 / Radio lessons Primary Education / Grade 4 / Radio lessons / Social Studies Primary Education / Grade 4 / Radio lessons / Social Studies / Grade 4 Term 2 Primary Education / Grade 4 / Radio lessons / Social Studies / Grade 4 Term 3 Primary Education / Grade 4 / Radio lessons / CRE Primary Education / Grade 4 / Radio lessons / CRE / Grade 4 Term 2 Primary Education / Grade 4 / Radio lessons / English Primary Education / Grade 4 / Radio lessons / English / Grade 4 Term 2 Primary Education / Grade 4 / Radio lessons / English / Grade 4 Term 3 Primary Education / Grade 4 / Radio lessons / Hygiene and Nutrition Primary Education / Grade 4 / Radio lessons / Hygiene and Nutrition / Grade 4 Term 1 Primary Education / Grade 4 / Radio lessons / IRE Primary Education / Grade 4 / Radio lessons / IRE / Grade 4 Term 2 Primary Education / Grade 4 / Radio lessons / Science and Technology Primary Education / Grade 4 / Radio lessons / Science and Technology / Grade 4 Term 3 Primary Education / Grade 4 / Radio lessons / Agriculture Primary Education / Grade 4 / Radio lessons / Agriculture / Grade 4 Term 3 Primary Education / Grade 4 / Radio lessons / Mathematics Primary Education / Grade 4 / Radio lessons / Mathematics / Grade 4 Term 3 Primary Education / Grade 4 / SNE Primary Education / Grade 4 / Interactive Digital Content Primary Education / Grade 5 Primary Education / Grade 5 / Educhannel Tv Lessons Primary Education / Grade 5 / Educhannel Tv Lessons / English Primary Education / Grade 5 / Educhannel Tv Lessons / Kiswahili Primary Education / Grade 5 / Educhannel Tv Lessons / Mathematics Primary Education / Grade 5 / Radio Lessons Primary Education / Grade 5 / Radio Lessons / English Primary Education / Grade 5 / Radio Lessons / Science and Technology Primary Education / Grade 5 / Radio Lessons / Agriculture Primary Education / Grade 5 / Radio Lessons / Social studies Primary Education / Grade 5 / Radio Lessons / Christian Religious Education Primary Education / Grade 5 / Radio Lessons / Mathematics Primary Education / Grade 5 / Interactive Digital Content Primary Education / Grade 6 Primary Education / Grade 6 / Radio Lessons Primary Education / Grade 6 / Radio Lessons / CRE Primary Education / Grade 6 / Radio Lessons / Social Studies Primary Education / Grade 6 / Radio Lessons / Science Primary Education / Grade 6 / Radio Lessons / Kiswahili Primary Education / Grade 6 / Radio Lessons / English Primary Education / Grade 6 / Radio Lessons / Mathematics Primary Education / Grade 6 / Educhannel TV Lessons Primary Education / Grade 6 / Educhannel TV Lessons / Kiswahili Primary Education / Grade 6 / Educhannel TV Lessons / Agriculture Primary Education / Grade 6 / Educhannel TV Lessons / Art and Craft Primary Education / Grade 6 / Educhannel TV Lessons / English Primary Education / Grade 6 / Educhannel TV Lessons / Home Science Primary Education / Grade 6 / Educhannel TV Lessons / Music Primary Education / Grade 6 / Educhannel TV Lessons / Science and technology Primary Education / Grade 6 / Educhannel TV Lessons / Physical health education Primary Education / Grade 6 / Interactive Digital Content Junior School Junior School / Grade 8 Junior School / Grade 8 / Educhannel Tv Lessons Junior School / Grade 8 / Radio Lessons Junior School / Grade 8 / Interactive Digital Content Junior School / Grade 7 Junior School / Grade 7 / Educhannel TV lessons Junior School / Grade 7 / Radio Lessons Junior School / Grade 7 / Radio Lessons / Mathematics Junior School / Grade 7 / Radio Lessons / Kiswahili Junior School / Grade 7 / Radio Lessons / English Junior School / Grade 7 / Radio Lessons / Christian Religious Education Junior School / Grade 7 / Radio Lessons / Integrated Science Junior School / Grade 7 / Radio Lessons / Social Studies Junior School / Grade 7 / Radio Lessons / Pre-Technical Studies Junior School / Grade 7 / Interactive Digital Content Secondary Education Secondary Education / Form 1 Secondary Education / Form 1 / Interactive Digital Content Secondary Education / Form 1 / Educhannel Tv Lessons Secondary Education / Form 1 / Educhannel Tv Lessons / Mathematics Secondary Education / Form 1 / Educhannel Tv Lessons / English Secondary Education / Form 1 / Educhannel Tv Lessons / Physics Secondary Education / Form 1 / Educhannel Tv Lessons / Biology Secondary Education / Form 1 / Educhannel Tv Lessons / Chemistry Secondary Education / Form 1 / Educhannel Tv Lessons / Kiswahili Secondary Education / Form 1 / Educhannel Tv Lessons / History and Government Secondary Education / Form 1 / Educhannel Tv Lessons / Business Studies Secondary Education / Form 1 / Radio Lessons Secondary Education / Form 1 / Ebooks Secondary Education / Form 2 Secondary Education / Form 2 / Interactive Digital Content Secondary Education / Form 2 / Educhannel Tv Lessons Secondary Education / Form 2 / Educhannel Tv Lessons / Physics Secondary Education / Form 2 / Radio Lessons Secondary Education / Form 2 / Radio Lessons / Biology Secondary Education / Form 3 Secondary Education / Form 3 / Interactive Digital Content Secondary Education / Form 3 / Educhannel Tv Lessons Secondary Education / Form 3 / Educhannel Tv Lessons / Mathematics Secondary Education / Form 3 / Educhannel Tv Lessons / English Secondary Education / Form 3 / Educhannel Tv Lessons / Kiswahili Secondary Education / Form 3 / Educhannel Tv Lessons / Biology Secondary Education / Form 3 / Educhannel Tv Lessons / Chemistry Secondary Education / Form 3 / Educhannel Tv Lessons / Physics Secondary Education / Form 3 / Educhannel Tv Lessons / Business Studies Secondary Education / Form 3 / Educhannel Tv Lessons / History and Government Secondary Education / Form 3 / Radio Lessons Secondary Education / Form 4 Secondary Education / Form 4 / Interactive Digital Content Secondary Education / Form 4 / Educhannel Tv Lessons Secondary Education / Form 4 / Educhannel Tv Lessons / Form 4 Mathematics Secondary Education / Form 4 / Educhannel Tv Lessons / Form 4 English Secondary Education / Form 4 / Educhannel Tv Lessons / Form 4 Physics Secondary Education / Form 4 / Educhannel Tv Lessons / Form 4 Biology Secondary Education / Form 4 / Educhannel Tv Lessons / Form 4 Kiswahili Secondary Education / Form 4 / Educhannel Tv Lessons / Form 4 Chemistry Secondary Education / Form 4 / Educhannel Tv Lessons / Form 4 History and Government Secondary Education / Form 4 / Educhannel Tv Lessons / Form 4 Business Studies Secondary Education / Form 4 / Radio Lessons Secondary Education / Form 4 / Radio Lessons / Mathematics Secondary Education / Form 4 / Radio Lessons / Mathematics / Form 4 Term 1 Secondary Education / Form 4 / Radio Lessons / Mathematics / Form 4 Term 2 Secondary Education / Form 4 / Radio Lessons / Mathematics / Form 4 Term 3 General Knowledge General Knowledge / VOA Connect General Knowledge / Ask the expert General Knowledge / Citizenship and Democracy General Knowledge / Digital Story General Knowledge / Impacted Educhannel Lessons Educhannel Lessons / English Educhannel Lessons / English / Transport and travel Educhannel Lessons / English / Pronunciation skills Educhannel Lessons / English / Listening and speaking Educhannel Lessons / English / Family Educhannel Lessons / English / Environment Educhannel Lessons / English / Drug and Substance Educhannel Lessons / Agriculture Educhannel Lessons / Biology Educhannel Lessons / Biology / Living Things Educhannel Lessons / Biology / Secretion and homeostasis Educhannel Lessons / Biology / Support and movement Educhannel Lessons / Business Studies Educhannel Lessons / Chemistry Educhannel Lessons / Earth Movement and Volcanicity Educhannel Lessons / Environmental Activities Educhannel Lessons / Geograpghy Educhannel Lessons / History Educhannel Lessons / History / Kenyan History Educhannel Lessons / Homescience Educhannel Lessons / Homescience / Basic care clothing Educhannel Lessons / Kiswahili Educhannel Lessons / Kiswahili / Primary Educhannel Lessons / Kiswahili / Primary / Darasa 4-5 Educhannel Lessons / Kiswahili / Secondary Educhannel Lessons / Kiswahili / Secondary / Isimu Jamii Educhannel Lessons / Kiswahili / Secondary / Sarufi Educhannel Lessons / Mathematics Educhannel Lessons / Mathematics / Secondary Educhannel Lessons / Mathematics / Secondary / Commercial Arithmetics Educhannel Lessons / Mathematics / Primary Educhannel Lessons / Mathematics / Primary / Class 5-8 Educhannel Lessons / Mathematics / Primary / Class 5-8 / Practical uses of Money Educhannel Lessons / Mathematics / Primary / Class 5-8 / Measurement Educhannel Lessons / Organic Chemistry Educhannel Lessons / Performing Music Educhannel Lessons / Homescience Educhannel Lessons / Homescience / Basic care of clothing Educhannel Lessons / Art and Craft Educhannel Lessons / Physics Educhannel Lessons / Physics / Thermodynamics Educhannel Lessons / Physics / Mechanics Educhannel Lessons / Physics / Electricity and Magnetism Educhannel Lessons / The Doyen Exposition Educhannel Lessons / Science Educhannel Lessons / Science / Making work easier Educhannel Lessons / Science / Living Things Educhannel Lessons / Science / Energy conservation Educhannel Lessons / Physical and Health Education Educhannel Lessons / Physical and Health Education / Grade 1-4 Open Education Resourses(OERs) Open Education Resourses(OERs) / Movement and Creative Activities Open Education Resourses(OERs) / 	Religious Education Activities Open Education Resourses(OERs) / Mathematical Activities Open Education Resourses(OERs) / Environmental Activities Open Education Resourses(OERs) / Kiswahili Language Open Education Resourses(OERs) / LTK | Concordia University Open Education Resourses(OERs) / Hygiene and Nutrition Open Education Resourses(OERs) / ENGLISH LANGUAGE ACTIVITIES Open Education Resourses(OERs) / Casio Materials Open Education Resourses(OERs) / Health Education Open Education Resourses(OERs) / Carbon Literacy Special Needs Education Special Needs Education / Grade 1 Special Needs Education / Grade 1 / Adapted Interactive Digital Content for Hearing Impaired(HI) Special Needs Education / Grade 1 / Adapted Interactive Digital Content for Hearing Impaired(HI) / English Activities Special Needs Education / Grade 1 / Adapted Interactive Digital Content for Hearing Impaired(HI) / Environmental Activities Special Needs Education / Grade 1 / Adapted Interactive Digital Content for Hearing Impaired(HI) / Creative Activities Special Needs Education / Grade 1 / Adapted Interactive Digital Content for Visual Impaired(VI) Special Needs Education / Grade 2 Special Needs Education / Grade 2 / Adapted Interactive Digital Content for Hearing Impaired(HI) Special Needs Education / Grade 2 / Adapted Interactive Digital Content for Hearing Impaired(HI) / Mathematics Grade 2 Special Needs Education / Grade 2 / Adapted Interactive Digital Content for Hearing Impaired(HI) / Environmental Activities Grade 2 Special Needs Education / Grade 2 / Adapted Interactive Digital Content for Hearing Impaired(HI) / Hygiene and Nutrition Grade 2 Special Needs Education / Grade 2 / Adapted Interactive Digital Content for Hearing Impaired(HI) / Christian Religious Education Grade 2 (HI) Special Needs Education / Grade 2 / Adapted Interactive Digital Content for Hearing Impaired(HI) / Literacy Activities Grade2 (HI) Special Needs Education / Grade 2 / Adapted Interactive Digital Content for Hearing Impaired(HI) / English Activities Grad2 H.I Special Needs Education / Grade 2 / Adapted Interactive Digital Content for Hearing Impaired(HI) / Creative Activities Grade2 -H.I Special Needs Education / Grade 2 / Adapted Interactive Digital Content for Visual Impaired(VI) Special Needs Education / Grade 2 / Adapted Interactive Digital Content for Visual Impaired(VI) / Mathematics Special Needs Education / Grade 2 / Adapted Interactive Digital Content for Visual Impaired(VI) / Kiswahili Special Needs Education / Grade 2 / Adapted Interactive Digital Content for Visual Impaired(VI) / English Special Needs Education / Grade 2 / Adapted Interactive Digital Content for Visual Impaired(VI) / Creative Activities Special Needs Education / Grade 2 / Adapted Interactive Digital Content for Visual Impaired(VI) / CRE Special Needs Education / Grade 3 Special Needs Education / Grade 3 / Adapted Interactive Digital Content for Learners with Hearing Impairment (HI) Special Needs Education / Grade 3 / Adapted Interactive Digital Content for Learners with Hearing Impairment (HI) / Visual Arts Special Needs Education / Grade 3 / Adapted Interactive Digital Content for Learners with Hearing Impairment (HI) / English Special Needs Education / Grade 3 / Adapted Interactive Digital Content for Learners with Hearing Impairment (HI) / Hygiene and Nutrition Special Needs Education / Grade 3 / Adapted Interactive Digital Content for Learners with Hearing Impairment (HI) / Music Special Needs Education / Grade 3 / Adapted Interactive Digital Content for Learners with Hearing Impairment (HI) / Mathematics Special Needs Education / Grade 3 / Adapted Interactive Digital Content for Learners with Hearing Impairment (HI) / Environmental Special Needs Education / Grade 3 / Adapted Interactive Digital Content for Learners with Hearing Impairment (HI) / CRE Special Needs Education / Grade 3 / Adapted Interactive Digital Content for Learners with Visual Impairment (VI) Special Needs Education / Grade 3 / Adapted Interactive Digital Content for Learners with Visual Impairment (VI) / Music Special Needs Education / Grade 3 / Adapted Interactive Digital Content for Learners with Visual Impairment (VI) / Mathematics Special Needs Education / Grade 3 / Adapted Interactive Digital Content for Learners with Visual Impairment (VI) / Visual Arts Special Needs Education / Grade 3 / Adapted Interactive Digital Content for Learners with Visual Impairment (VI) / Kiswahili Special Needs Education / Grade 3 / Adapted Interactive Digital Content for Learners with Visual Impairment (VI) / Hygiene and Nutrition Special Needs Education / Grade 3 / Adapted Interactive Digital Content for Learners with Visual Impairment (VI) / Environmental Special Needs Education / Grade 3 / Adapted Interactive Digital Content for Learners with Visual Impairment (VI) / English Special Needs Education / Grade 3 / Adapted Interactive Digital Content for Learners with Visual Impairment (VI) / CRE Special Needs Education / Grade 4 Special Needs Education / Grade 4 / Adapted Interactive Digital Content for Learners with Hearing Impairment (HI) Special Needs Education / Grade 4 / Adapted Interactive Digital Content for Learners with Hearing Impairment (HI) / Mathematics Special Needs Education / Grade 4 / Adapted Interactive Digital Content for Learners with Hearing Impairment (HI) / English Special Needs Education / Grade 4 / Adapted Interactive Digital Content for Learners with Hearing Impairment (HI) / Science and Technology Special Needs Education / Grade 4 / Adapted Interactive Digital Content for Learners with Hearing Impairment (HI) / Agriculture Special Needs Education / Grade 4 / Adapted Interactive Digital Content for Learners with Hearing Impairment (HI) / Social Studies Special Needs Education / Grade 4 / Adapted Interactive Digital Content for Learners with Hearing Impairment (HI) / Home Science Special Needs Education / Grade 4 / Adapted Interactive Digital Content for Learners with Hearing Impairment (HI) / Art and Craft Special Needs Education / Grade 4 / Adapted Interactive Digital Content for Learners with Hearing Impairment (HI) / Music Special Needs Education / Grade 4 / Adapted Interactive Digital Content for Learners with Hearing Impairment (HI) / Christian Religious Education (CRE) Special Needs Education / Grade 4 / Adapted Interactive Digital Content for Learners with Visual Impairment (VI) Special Needs Education / Grade 4 / Adapted Interactive Digital Content for Learners with Visual Impairment (VI) / Mathematics Special Needs Education / Grade 4 / Adapted Interactive Digital Content for Learners with Visual Impairment (VI) / English Special Needs Education / Grade 4 / Adapted Interactive Digital Content for Learners with Visual Impairment (VI) / Kiswahili Special Needs Education / Grade 4 / Adapted Interactive Digital Content for Learners with Visual Impairment (VI) / Science and Technology Special Needs Education / Grade 4 / Adapted Interactive Digital Content for Learners with Visual Impairment (VI) / Agriculture Special Needs Education / Grade 4 / Adapted Interactive Digital Content for Learners with Visual Impairment (VI) / Social Studies Special Needs Education / Grade 4 / Adapted Interactive Digital Content for Learners with Visual Impairment (VI) / Home Science Special Needs Education / Grade 4 / Adapted Interactive Digital Content for Learners with Visual Impairment (VI) / Art and Craft Special Needs Education / Grade 4 / Adapted Interactive Digital Content for Learners with Visual Impairment (VI) / Christian Religious Education (CRE) Special Needs Education / Grade 4 / Adapted Interactive Digital Content for Learners with Visual Impairment (VI) / Music Special Needs Education / Grade 5 Special Needs Education / Grade 5 / Adapted Interactive Digital Content for Learners with Hearing Impairment (HI) Special Needs Education / Grade 5 / Adapted Interactive Digital Content for Learners with Hearing Impairment (HI) / English Special Needs Education / Grade 5 / Adapted Interactive Digital Content for Learners with Hearing Impairment (HI) / Christian Religious Education Special Needs Education / Grade 5 / Adapted Interactive Digital Content for Learners with Hearing Impairment (HI) / Social Studies Special Needs Education / Grade 5 / Adapted Interactive Digital Content for Learners with Hearing Impairment (HI) / Agriculture and Nutrition Special Needs Education / Grade 5 / Adapted Interactive Digital Content for Learners with Hearing Impairment (HI) / Creative Arts Special Needs Education / Grade 5 / Adapted Interactive Digital Content for Learners with Hearing Impairment (HI) / Mathematics Special Needs Education / Grade 5 / Adapted Interactive Digital Content for Learners with Hearing Impairment (HI) / Science and Technology Special Needs Education / Grade 5 / Adapted Interactive Digital Content for Learners with Hearing Impairment (HI) / Islamic Religious Education Special Needs Education / Grade 5 / Adapted Interactive Digital Content for Learners with Visual Impairment (VI) Special Needs Education / Grade 5 / Adapted Interactive Digital Content for Learners with Visual Impairment (VI) / Creative Arts Special Needs Education / Grade 5 / Adapted Interactive Digital Content for Learners with Visual Impairment (VI) / Social Studies Special Needs Education / Grade 5 / Adapted Interactive Digital Content for Learners with Visual Impairment (VI) / Kiswahili Special Needs Education / Grade 5 / Adapted Interactive Digital Content for Learners with Visual Impairment (VI) / Christian Religious Education Special Needs Education / Grade 5 / Adapted Interactive Digital Content for Learners with Visual Impairment (VI) / Science and Technology Special Needs Education / Grade 5 / Adapted Interactive Digital Content for Learners with Visual Impairment (VI) / Agriculture and Nutrition Special Needs Education / Grade 5 / Adapted Interactive Digital Content for Learners with Visual Impairment (VI) / Islamic Religious Education Special Needs Education / Grade 5 / Adapted Interactive Digital Content for Learners with Visual Impairment (VI) / Mathematics Special Needs Education / Grade 5 / Adapted Interactive Digital Content for Learners with Visual Impairment (VI) / English Special Needs Education / Grade 6 Special Needs Education / Grade 6 / Adapted Interactive Digital Content for Learners with Hearing Impairment (HI) Special Needs Education / Grade 6 / Adapted Interactive Digital Content for Learners with Hearing Impairment (HI) / Science and Technology Special Needs Education / Grade 6 / Adapted Interactive Digital Content for Learners with Hearing Impairment (HI) / Christian Religious Education Special Needs Education / Grade 6 / Adapted Interactive Digital Content for Learners with Hearing Impairment (HI) / Creative Arts Special Needs Education / Grade 6 / Adapted Interactive Digital Content for Learners with Hearing Impairment (HI) / Islamic Religious Education Special Needs Education / Grade 6 / Adapted Interactive Digital Content for Learners with Hearing Impairment (HI) / English Special Needs Education / Grade 6 / Adapted Interactive Digital Content for Learners with Hearing Impairment (HI) / Social Studies Special Needs Education / Grade 6 / Adapted Interactive Digital Content for Learners with Hearing Impairment (HI) / Agriculture Special Needs Education / Grade 6 / Adapted Interactive Digital Content for Learners with Hearing Impairment (HI) / Mathematics Special Needs Education / Grade 6 / Adapted Interactive Digital Content for Learners with Visual Impairment (VI) Special Needs Education / Grade 6 / Adapted Interactive Digital Content for Learners with Visual Impairment (VI) / Christian Religious Education Special Needs Education / Grade 6 / Adapted Interactive Digital Content for Learners with Visual Impairment (VI) / Kiswahili Special Needs Education / Grade 6 / Adapted Interactive Digital Content for Learners with Visual Impairment (VI) / English Special Needs Education / Grade 6 / Adapted Interactive Digital Content for Learners with Visual Impairment (VI) / Creative Arts Special Needs Education / Grade 6 / Adapted Interactive Digital Content for Learners with Visual Impairment (VI) / Mathematics Special Needs Education / Grade 6 / Adapted Interactive Digital Content for Learners with Visual Impairment (VI) / Science and Technology Special Needs Education / Grade 6 / Adapted Interactive Digital Content for Learners with Visual Impairment (VI) / Islamic Religious Education Special Needs Education / Grade 6 / Adapted Interactive Digital Content for Learners with Visual Impairment (VI) / Social Studies Special Needs Education / Grade 6 / Adapted Interactive Digital Content for Learners with Visual Impairment (VI) / Agriculture and Nutrition Special Needs Education / Ebooks Special Needs Education / Videos Special Needs Education / Foundational and Stage-Based Special Needs Education / Prevocational Level Special Needs Education / Prevocational Level / Music Special Needs Education / Prevocational Level / Hindu Religious Education Special Needs Education / Prevocational Level / Christian Religious Education Special Needs Education / Prevocational Level / Physical Education Special Needs Education / Prevocational Level / Islamic Religious Education Special Needs Education / Prevocational Level / Social Studies Special Needs Education / Prevocational Level / Prevocational Skills 1 Special Needs Education / Prevocational Level / Prevocational Skills 2 Special Needs Education / Prevocational Level / Prevocational Skills 3 Accessible Digital Textbooks Interactive Simulations for Sciences and Mathematics Interactive Simulations for Sciences and Mathematics / Physics Interactive Simulations for Sciences and Mathematics / Chemistry Interactive Simulations for Sciences and Mathematics / Mathematics Information, Education and Communication(IEC) Materials Information, Education and Communication(IEC) Materials / Child Online Safety Information, Education and Communication(IEC) Materials / Child Road Safety Information, Education and Communication(IEC) Materials / Child Road Safety / Integration Matrices Information, Education and Communication(IEC) Materials / Child Road Safety / Integration Matrices / Early Years Education Information, Education and Communication(IEC) Materials / Child Road Safety / Integration Matrices / Upper Primary Information, Education and Communication(IEC) Materials / Child Road Safety / Integration Matrices / Junior School Information, Education and Communication(IEC) Materials / Child Road Safety / Integration Matrices / Senior School Information, Education and Communication(IEC) Materials / Child Road Safety / Information, Education and Communication(IEC) Materials on Child Road Safety Information, Education and Communication(IEC) Materials / Child Road Safety / Information, Education and Communication(IEC) Materials on Child Road Safety / Early Years Education Information, Education and Communication(IEC) Materials / Child Road Safety / Information, Education and Communication(IEC) Materials on Child Road Safety / Upper Primary Information, Education and Communication(IEC) Materials / Child Road Safety / Information, Education and Communication(IEC) Materials on Child Road Safety / Junior School Information, Education and Communication(IEC) Materials / Child Road Safety / Information, Education and Communication(IEC) Materials on Child Road Safety / Senior School Information, Education and Communication(IEC) Materials / Child Road Safety / Teacher's Handbook Information, Education and Communication(IEC) Materials / Financial Literacy Learners’ Toolkit Teacher Resources Teacher Resources / Educational Resources Materials Development Teacher Resources / Educational Resources Materials Development / CRE Teacher Resources / Educational Resources Materials Development / English Teacher Resources / Educational Resources Materials Development / Environment Teacher Resources / Educational Resources Materials Development / Foundations Teacher Resources / Educational Resources Materials Development / H.R.E Teacher Resources / Educational Resources Materials Development / Hygiene and Nutrition Teacher Resources / Educational Resources Materials Development / I.R.E Teacher Resources / Educational Resources Materials Development / Kiswahili Teacher Resources / Educational Resources Materials Development / Language Activities Teacher Resources / Educational Resources Materials Development / Literacy Skills Teacher Resources / Educational Resources Materials Development / Mathematics Teacher Resources / Educational Resources Materials Development / Movements and Arts Teacher Resources / Pre-Primary Teacher Radio Programmes Teacher Resources / CBC Courses Teacher Resources / Special Needs Educations Teacher Resources / Interactive Digital Content for Teacher Education Teacher Resources / Interactive Digital Content for Teacher Education / English Teacher Resources / Interactive Digital Content for Teacher Education / Music Teacher Resources / Interactive Digital Content for Teacher Education / Christian Religious Education Teacher Resources / Interactive Digital Content for Teacher Education / Art and Craft Teacher Resources / Interactive Digital Content for Teacher Education / Indigenous Languages Teacher Resources / Interactive Digital Content for Teacher Education / Home science Teacher Resources / Interactive Digital Content for Teacher Education / Science and Technology Teacher Resources / Interactive Digital Content for Teacher Education / Islamic Religious Education Teacher Resources / Interactive Digital Content for Teacher Education / Mandarin Teacher Resources / Interactive Digital Content for Teacher Education / Agriculture Teacher Resources / Interactive Digital Content for Teacher Education / Mathematics Teacher Resources / Interactive Digital Content for Teacher Education / French Teacher Resources / Interactive Digital Content for Teacher Education / Hindu Religious Education Teacher Resources / Interactive Digital Content for Teacher Education / Social Studies Teacher Resources / Interactive Digital Content for Teacher Education / Kiswahili Teacher Resources / Interactive Digital Content for Teacher Education / Physical Education Teacher Resources / Interactive Digital Content for Teacher Education / Arabic Parental Resources Financial Literacy Financial Literacy / Financial Literacy for Junior School Financial Literacy / Financial Literacy for Junior School / Taxation Financial Literacy / Financial Literacy for Senior School Financial Literacy / Financial Literacy for Senior School / Taxation Search lessons Search Expand allInteractive Digital Content Educhannel Tv LessonsRadio Lessons Interactive Digital Content Educhannel Tv LessonsRadio Lessons Digital Content | Kenya Education Cloud | Unlimited Learning Experiences Skip to main content (Login) Form 3 Home Lessons Secondary Education Form 3 Lesson categories: Pre-Primary Pre-Primary / Radio Lessons Pre-Primary / Educhannel Video Lessons Pre-Primary / Educhannel Video Lessons / Language Activities Pre-Primary / Educhannel Video Lessons / Mathematics Pre-Primary / Educhannel Video Lessons / Our School Pre-Primary / Educhannel Video Lessons / Picture Making Pre-Primary / Educhannel Video Lessons / Social Environment Pre-Primary / Educhannel Video Lessons / Pre-Primary 1 Pre-Primary / Educhannel Video Lessons / Pre-Primary 2 Pre-Primary / Interactive digital Content Pre-Primary / Ebooks Primary Education Primary Education / Grade 1 Primary Education / Grade 1 / Educhannel TV Lessons Primary Education / Grade 1 / Educhannel TV Lessons / English Primary Education / Grade 1 / Educhannel TV Lessons / Mathematics Primary Education / Grade 1 / Educhannel TV Lessons / Kiswahili Primary Education / Grade 1 / Educhannel TV Lessons / Kenya Sign Language(KSL) Primary Education / Grade 1 / Educhannel TV Lessons / Hygiene and nutrition Primary Education / Grade 1 / Educhannel TV Lessons / Environmental Activities Primary Education / Grade 1 / Interactive Digital Content Primary Education / Grade 1 / Radio Lessons Primary Education / Grade 1 / Radio Lessons / Mathematics Primary Education / Grade 1 / Radio Lessons / Mathematics / Grade 1 Term 2 Primary Education / Grade 1 / Radio Lessons / Mathematics / Grade 1 Term 3 Primary Education / Grade 1 / Radio Lessons / Kiswahili Primary Education / Grade 1 / Radio Lessons / Kiswahili / Grade 1 Term 2 Primary Education / Grade 1 / Radio Lessons / Kiswahili / Grade 1 Term 3 Primary Education / Grade 1 / Radio Lessons / English Primary Education / Grade 1 / Radio Lessons / English / Grade 1 Term 2 Primary Education / Grade 1 / Radio Lessons / English / Grade 1 Term 3 Primary Education / Grade 1 / Ebooks Primary Education / Grade 1 / Ebooks / Tusome readers Primary Education / Grade 1 / Ebooks / Indigenous Languages Primary Education / Grade 2 Primary Education / Grade 2 / Interactive Digital Content Primary Education / Grade 2 / Educhannel Tv Lessons Primary Education / Grade 2 / Educhannel Tv Lessons / Mathematics Primary Education / Grade 2 / Educhannel Tv Lessons / English Primary Education / Grade 2 / Radio Lessons Primary Education / Grade 2 / Radio Lessons / Mathematics Primary Education / Grade 2 / Radio Lessons / Mathematics / Grade 2 Term 2 Primary Education / Grade 2 / Radio Lessons / English Primary Education / Grade 2 / Radio Lessons / English / Grade 2 Term 2 Primary Education / Grade 2 / Radio Lessons / English / Grade 2 Term 3 Primary Education / Grade 2 / Radio Lessons / Kiswahili Primary Education / Grade 2 / Radio Lessons / Kiswahili / Grade 2 Term 3 Primary Education / Grade 2 / Hygiene and Nutrition Primary Education / Grade 2 / Hygiene and Nutrition / Grade 2 Term 2 Primary Education / Grade 2 / E-books Primary Education / Grade 2 / E-books / Tusome Readers Primary Education / Grade 3 Primary Education / Grade 3 / Radio Lessons Primary Education / Grade 3 / Radio Lessons / Mathematics Primary Education / Grade 3 / Radio Lessons / Mathematics / Grade 3 Term 2 Primary Education / Grade 3 / Radio Lessons / Mathematics / Grade 3 Term 3 Primary Education / Grade 3 / Radio Lessons / English Primary Education / Grade 3 / Radio Lessons / English / Grade 3 Term 2 Primary Education / Grade 3 / Radio Lessons / English / Grade 3 Term 3 Primary Education / Grade 3 / Radio Lessons / Environmental Activities Primary Education / Grade 3 / Radio Lessons / Environmental Activities / Grade 3 Term 2 Primary Education / Grade 3 / Radio Lessons / Kiswahili Primary Education / Grade 3 / Radio Lessons / Kiswahili / Grade 3 Term 3 Primary Education / Grade 3 / Educhannel TV Lessons Primary Education / Grade 3 / Educhannel TV Lessons / Mathematics Primary Education / Grade 3 / Educhannel TV Lessons / English Primary Education / Grade 3 / Educhannel TV Lessons / Kiswahili Primary Education / Grade 3 / Educhannel TV Lessons / Hygiene and Nutrition Primary Education / Grade 3 / Educhannel TV Lessons / Environmental Activities Primary Education / Grade 3 / Interactive Digital Content Primary Education / Grade 3 / EBooks Primary Education / Grade 3 / Tusome English Video Lessons Primary Education / Grade 3 / Tusome English Video Lessons / Tusome English Grade 3 Lessons Primary Education / Grade 4 Primary Education / Grade 4 / Educhannel Tv Lessons Primary Education / Grade 4 / Educhannel Tv Lessons / Home Science Primary Education / Grade 4 / Educhannel Tv Lessons / Agriculture Primary Education / Grade 4 / Educhannel Tv Lessons / Music Primary Education / Grade 4 / Educhannel Tv Lessons / Physical Education Primary Education / Grade 4 / Educhannel Tv Lessons / Art and Craft Primary Education / Grade 4 / Educhannel Tv Lessons / Kenya Sign Language Primary Education / Grade 4 / Educhannel Tv Lessons / Mathematics Primary Education / Grade 4 / Educhannel Tv Lessons / Science and Technology Primary Education / Grade 4 / Educhannel Tv Lessons / Social Studies Primary Education / Grade 4 / Educhannel Tv Lessons / English Primary Education / Grade 4 / Educhannel Tv Lessons / Kiswahili Primary Education / Grade 4 / Educhannel Tv Lessons / Environmental Activity Primary Education / Grade 4 / Radio lessons Primary Education / Grade 4 / Radio lessons / Social Studies Primary Education / Grade 4 / Radio lessons / Social Studies / Grade 4 Term 2 Primary Education / Grade 4 / Radio lessons / Social Studies / Grade 4 Term 3 Primary Education / Grade 4 / Radio lessons / CRE Primary Education / Grade 4 / Radio lessons / CRE / Grade 4 Term 2 Primary Education / Grade 4 / Radio lessons / English Primary Education / Grade 4 / Radio lessons / English / Grade 4 Term 2 Primary Education / Grade 4 / Radio lessons / English / Grade 4 Term 3 Primary Education / Grade 4 / Radio lessons / Hygiene and Nutrition Primary Education / Grade 4 / Radio lessons / Hygiene and Nutrition / Grade 4 Term 1 Primary Education / Grade 4 / Radio lessons / IRE Primary Education / Grade 4 / Radio lessons / IRE / Grade 4 Term 2 Primary Education / Grade 4 / Radio lessons / Science and Technology Primary Education / Grade 4 / Radio lessons / Science and Technology / Grade 4 Term 3 Primary Education / Grade 4 / Radio lessons / Agriculture Primary Education / Grade 4 / Radio lessons / Agriculture / Grade 4 Term 3 Primary Education / Grade 4 / Radio lessons / Mathematics Primary Education / Grade 4 / Radio lessons / Mathematics / Grade 4 Term 3 Primary Education / Grade 4 / SNE Primary Education / Grade 4 / Interactive Digital Content Primary Education / Grade 5 Primary Education / Grade 5 / Educhannel Tv Lessons Primary Education / Grade 5 / Educhannel Tv Lessons / English Primary Education / Grade 5 / Educhannel Tv Lessons / Kiswahili Primary Education / Grade 5 / Educhannel Tv Lessons / Mathematics Primary Education / Grade 5 / Radio Lessons Primary Education / Grade 5 / Radio Lessons / English Primary Education / Grade 5 / Radio Lessons / Science and Technology Primary Education / Grade 5 / Radio Lessons / Agriculture Primary Education / Grade 5 / Radio Lessons / Social studies Primary Education / Grade 5 / Radio Lessons / Christian Religious Education Primary Education / Grade 5 / Radio Lessons / Mathematics Primary Education / Grade 5 / Interactive Digital Content Primary Education / Grade 6 Primary Education / Grade 6 / Radio Lessons Primary Education / Grade 6 / Radio Lessons / CRE Primary Education / Grade 6 / Radio Lessons / Social Studies Primary Education / Grade 6 / Radio Lessons / Science Primary Education / Grade 6 / Radio Lessons / Kiswahili Primary Education / Grade 6 / Radio Lessons / English Primary Education / Grade 6 / Radio Lessons / Mathematics Primary Education / Grade 6 / Educhannel TV Lessons Primary Education / Grade 6 / Educhannel TV Lessons / Kiswahili Primary Education / Grade 6 / Educhannel TV Lessons / Agriculture Primary Education / Grade 6 / Educhannel TV Lessons / Art and Craft Primary Education / Grade 6 / Educhannel TV Lessons / English Primary Education / Grade 6 / Educhannel TV Lessons / Home Science Primary Education / Grade 6 / Educhannel TV Lessons / Music Primary Education / Grade 6 / Educhannel TV Lessons / Science and technology Primary Education / Grade 6 / Educhannel TV Lessons / Physical health education Primary Education / Grade 6 / Interactive Digital Content Junior School Junior School / Grade 8 Junior School / Grade 8 / Educhannel Tv Lessons Junior School / Grade 8 / Radio Lessons Junior School / Grade 8 / Interactive Digital Content Junior School / Grade 7 Junior School / Grade 7 / Educhannel TV lessons Junior School / Grade 7 / Radio Lessons Junior School / Grade 7 / Radio Lessons / Mathematics Junior School / Grade 7 / Radio Lessons / Kiswahili Junior School / Grade 7 / Radio Lessons / English Junior School / Grade 7 / Radio Lessons / Christian Religious Education Junior School / Grade 7 / Radio Lessons / Integrated Science Junior School / Grade 7 / Radio Lessons / Social Studies Junior School / Grade 7 / Radio Lessons / Pre-Technical Studies Junior School / Grade 7 / Interactive Digital Content Secondary Education Secondary Education / Form 1 Secondary Education / Form 1 / Interactive Digital Content Secondary Education / Form 1 / Educhannel Tv Lessons Secondary Education / Form 1 / Educhannel Tv Lessons / Mathematics Secondary Education / Form 1 / Educhannel Tv Lessons / English Secondary Education / Form 1 / Educhannel Tv Lessons / Physics Secondary Education / Form 1 / Educhannel Tv Lessons / Biology Secondary Education / Form 1 / Educhannel Tv Lessons / Chemistry Secondary Education / Form 1 / Educhannel Tv Lessons / Kiswahili Secondary Education / Form 1 / Educhannel Tv Lessons / History and Government Secondary Education / Form 1 / Educhannel Tv Lessons / Business Studies Secondary Education / Form 1 / Radio Lessons Secondary Education / Form 1 / Ebooks Secondary Education / Form 2 Secondary Education / Form 2 / Interactive Digital Content Secondary Education / Form 2 / Educhannel Tv Lessons Secondary Education / Form 2 / Educhannel Tv Lessons / Physics Secondary Education / Form 2 / Radio Lessons Secondary Education / Form 2 / Radio Lessons / Biology Secondary Education / Form 3 Secondary Education / Form 3 / Interactive Digital Content Secondary Education / Form 3 / Educhannel Tv Lessons Secondary Education / Form 3 / Educhannel Tv Lessons / Mathematics Secondary Education / Form 3 / Educhannel Tv Lessons / English Secondary Education / Form 3 / Educhannel Tv Lessons / Kiswahili Secondary Education / Form 3 / Educhannel Tv Lessons / Biology Secondary Education / Form 3 / Educhannel Tv Lessons / Chemistry Secondary Education / Form 3 / Educhannel Tv Lessons / Physics Secondary Education / Form 3 / Educhannel Tv Lessons / Business Studies Secondary Education / Form 3 / Educhannel Tv Lessons / History and Government Secondary Education / Form 3 / Radio Lessons Secondary Education / Form 4 Secondary Education / Form 4 / Interactive Digital Content Secondary Education / Form 4 / Educhannel Tv Lessons Secondary Education / Form 4 / Educhannel Tv Lessons / Form 4 Mathematics Secondary Education / Form 4 / Educhannel Tv Lessons / Form 4 English Secondary Education / Form 4 / Educhannel Tv Lessons / Form 4 Physics Secondary Education / Form 4 / Educhannel Tv Lessons / Form 4 Biology Secondary Education / Form 4 / Educhannel Tv Lessons / Form 4 Kiswahili Secondary Education / Form 4 / Educhannel Tv Lessons / Form 4 Chemistry Secondary Education / Form 4 / Educhannel Tv Lessons / Form 4 History and Government Secondary Education / Form 4 / Educhannel Tv Lessons / Form 4 Business Studies Secondary Education / Form 4 / Radio Lessons Secondary Education / Form 4 / Radio Lessons / Mathematics Secondary Education / Form 4 / Radio Lessons / Mathematics / Form 4 Term 1 Secondary Education / Form 4 / Radio Lessons / Mathematics / Form 4 Term 2 Secondary Education / Form 4 / Radio Lessons / Mathematics / Form 4 Term 3 General Knowledge General Knowledge / VOA Connect General Knowledge / Ask the expert General Knowledge / Citizenship and Democracy General Knowledge / Digital Story General Knowledge / Impacted Educhannel Lessons Educhannel Lessons / English Educhannel Lessons / English / Transport and travel Educhannel Lessons / English / Pronunciation skills Educhannel Lessons / English / Listening and speaking Educhannel Lessons / English / Family Educhannel Lessons / English / Environment Educhannel Lessons / English / Drug and Substance Educhannel Lessons / Agriculture Educhannel Lessons / Biology Educhannel Lessons / Biology / Living Things Educhannel Lessons / Biology / Secretion and homeostasis Educhannel Lessons / Biology / Support and movement Educhannel Lessons / Business Studies Educhannel Lessons / Chemistry Educhannel Lessons / Earth Movement and Volcanicity Educhannel Lessons / Environmental Activities Educhannel Lessons / Geograpghy Educhannel Lessons / History Educhannel Lessons / History / Kenyan History Educhannel Lessons / Homescience Educhannel Lessons / Homescience / Basic care clothing Educhannel Lessons / Kiswahili Educhannel Lessons / Kiswahili / Primary Educhannel Lessons / Kiswahili / Primary / Darasa 4-5 Educhannel Lessons / Kiswahili / Secondary Educhannel Lessons / Kiswahili / Secondary / Isimu Jamii Educhannel Lessons / Kiswahili / Secondary / Sarufi Educhannel Lessons / Mathematics Educhannel Lessons / Mathematics / Secondary Educhannel Lessons / Mathematics / Secondary / Commercial Arithmetics Educhannel Lessons / Mathematics / Primary Educhannel Lessons / Mathematics / Primary / Class 5-8 Educhannel Lessons / Mathematics / Primary / Class 5-8 / Practical uses of Money Educhannel Lessons / Mathematics / Primary / Class 5-8 / Measurement Educhannel Lessons / Organic Chemistry Educhannel Lessons / Performing Music Educhannel Lessons / Homescience Educhannel Lessons / Homescience / Basic care of clothing Educhannel Lessons / Art and Craft Educhannel Lessons / Physics Educhannel Lessons / Physics / Thermodynamics Educhannel Lessons / Physics / Mechanics Educhannel Lessons / Physics / Electricity and Magnetism Educhannel Lessons / The Doyen Exposition Educhannel Lessons / Science Educhannel Lessons / Science / Making work easier Educhannel Lessons / Science / Living Things Educhannel Lessons / Science / Energy conservation Educhannel Lessons / Physical and Health Education Educhannel Lessons / Physical and Health Education / Grade 1-4 Open Education Resourses(OERs) Open Education Resourses(OERs) / Movement and Creative Activities Open Education Resourses(OERs) / 	Religious Education Activities Open Education Resourses(OERs) / Mathematical Activities Open Education Resourses(OERs) / Environmental Activities Open Education Resourses(OERs) / Kiswahili Language Open Education Resourses(OERs) / LTK | Concordia University Open Education Resourses(OERs) / Hygiene and Nutrition Open Education Resourses(OERs) / ENGLISH LANGUAGE ACTIVITIES Open Education Resourses(OERs) / Casio Materials Open Education Resourses(OERs) / Health Education Open Education Resourses(OERs) / Carbon Literacy Special Needs Education Special Needs Education / Grade 1 Special Needs Education / Grade 1 / Adapted Interactive Digital Content for Hearing Impaired(HI) Special Needs Education / Grade 1 / Adapted Interactive Digital Content for Hearing Impaired(HI) / English Activities Special Needs Education / Grade 1 / Adapted Interactive Digital Content for Hearing Impaired(HI) / Environmental Activities Special Needs Education / Grade 1 / Adapted Interactive Digital Content for Hearing Impaired(HI) / Creative Activities Special Needs Education / Grade 1 / Adapted Interactive Digital Content for Visual Impaired(VI) Special Needs Education / Grade 2 Special Needs Education / Grade 2 / Adapted Interactive Digital Content for Hearing Impaired(HI) Special Needs Education / Grade 2 / Adapted Interactive Digital Content for Hearing Impaired(HI) / Mathematics Grade 2 Special Needs Education / Grade 2 / Adapted Interactive Digital Content for Hearing Impaired(HI) / Environmental Activities Grade 2 Special Needs Education / Grade 2 / Adapted Interactive Digital Content for Hearing Impaired(HI) / Hygiene and Nutrition Grade 2 Special Needs Education / Grade 2 / Adapted Interactive Digital Content for Hearing Impaired(HI) / Christian Religious Education Grade 2 (HI) Special Needs Education / Grade 2 / Adapted Interactive Digital Content for Hearing Impaired(HI) / Literacy Activities Grade2 (HI) Special Needs Education / Grade 2 / Adapted Interactive Digital Content for Hearing Impaired(HI) / English Activities Grad2 H.I Special Needs Education / Grade 2 / Adapted Interactive Digital Content for Hearing Impaired(HI) / Creative Activities Grade2 -H.I Special Needs Education / Grade 2 / Adapted Interactive Digital Content for Visual Impaired(VI) Special Needs Education / Grade 2 / Adapted Interactive Digital Content for Visual Impaired(VI) / Mathematics Special Needs Education / Grade 2 / Adapted Interactive Digital Content for Visual Impaired(VI) / Kiswahili Special Needs Education / Grade 2 / Adapted Interactive Digital Content for Visual Impaired(VI) / English Special Needs Education / Grade 2 / Adapted Interactive Digital Content for Visual Impaired(VI) / Creative Activities Special Needs Education / Grade 2 / Adapted Interactive Digital Content for Visual Impaired(VI) / CRE Special Needs Education / Grade 3 Special Needs Education / Grade 3 / Adapted Interactive Digital Content for Learners with Hearing Impairment (HI) Special Needs Education / Grade 3 / Adapted Interactive Digital Content for Learners with Hearing Impairment (HI) / Visual Arts Special Needs Education / Grade 3 / Adapted Interactive Digital Content for Learners with Hearing Impairment (HI) / English Special Needs Education / Grade 3 / Adapted Interactive Digital Content for Learners with Hearing Impairment (HI) / Hygiene and Nutrition Special Needs Education / Grade 3 / Adapted Interactive Digital Content for Learners with Hearing Impairment (HI) / Music Special Needs Education / Grade 3 / Adapted Interactive Digital Content for Learners with Hearing Impairment (HI) / Mathematics Special Needs Education / Grade 3 / Adapted Interactive Digital Content for Learners with Hearing Impairment (HI) / Environmental Special Needs Education / Grade 3 / Adapted Interactive Digital Content for Learners with Hearing Impairment (HI) / CRE Special Needs Education / Grade 3 / Adapted Interactive Digital Content for Learners with Visual Impairment (VI) Special Needs Education / Grade 3 / Adapted Interactive Digital Content for Learners with Visual Impairment (VI) / Music Special Needs Education / Grade 3 / Adapted Interactive Digital Content for Learners with Visual Impairment (VI) / Mathematics Special Needs Education / Grade 3 / Adapted Interactive Digital Content for Learners with Visual Impairment (VI) / Visual Arts Special Needs Education / Grade 3 / Adapted Interactive Digital Content for Learners with Visual Impairment (VI) / Kiswahili Special Needs Education / Grade 3 / Adapted Interactive Digital Content for Learners with Visual Impairment (VI) / Hygiene and Nutrition Special Needs Education / Grade 3 / Adapted Interactive Digital Content for Learners with Visual Impairment (VI) / Environmental Special Needs Education / Grade 3 / Adapted Interactive Digital Content for Learners with Visual Impairment (VI) / English Special Needs Education / Grade 3 / Adapted Interactive Digital Content for Learners with Visual Impairment (VI) / CRE Special Needs Education / Grade 4 Special Needs Education / Grade 4 / Adapted Interactive Digital Content for Learners with Hearing Impairment (HI) Special Needs Education / Grade 4 / Adapted Interactive Digital Content for Learners with Hearing Impairment (HI) / Mathematics Special Needs Education / Grade 4 / Adapted Interactive Digital Content for Learners with Hearing Impairment (HI) / English Special Needs Education / Grade 4 / Adapted Interactive Digital Content for Learners with Hearing Impairment (HI) / Science and Technology Special Needs Education / Grade 4 / Adapted Interactive Digital Content for Learners with Hearing Impairment (HI) / Agriculture Special Needs Education / Grade 4 / Adapted Interactive Digital Content for Learners with Hearing Impairment (HI) / Social Studies Special Needs Education / Grade 4 / Adapted Interactive Digital Content for Learners with Hearing Impairment (HI) / Home Science Special Needs Education / Grade 4 / Adapted Interactive Digital Content for Learners with Hearing Impairment (HI) / Art and Craft Special Needs Education / Grade 4 / Adapted Interactive Digital Content for Learners with Hearing Impairment (HI) / Music Special Needs Education / Grade 4 / Adapted Interactive Digital Content for Learners with Hearing Impairment (HI) / Christian Religious Education (CRE) Special Needs Education / Grade 4 / Adapted Interactive Digital Content for Learners with Visual Impairment (VI) Special Needs Education / Grade 4 / Adapted Interactive Digital Content for Learners with Visual Impairment (VI) / Mathematics Special Needs Education / Grade 4 / Adapted Interactive Digital Content for Learners with Visual Impairment (VI) / English Special Needs Education / Grade 4 / Adapted Interactive Digital Content for Learners with Visual Impairment (VI) / Kiswahili Special Needs Education / Grade 4 / Adapted Interactive Digital Content for Learners with Visual Impairment (VI) / Science and Technology Special Needs Education / Grade 4 / Adapted Interactive Digital Content for Learners with Visual Impairment (VI) / Agriculture Special Needs Education / Grade 4 / Adapted Interactive Digital Content for Learners with Visual Impairment (VI) / Social Studies Special Needs Education / Grade 4 / Adapted Interactive Digital Content for Learners with Visual Impairment (VI) / Home Science Special Needs Education / Grade 4 / Adapted Interactive Digital Content for Learners with Visual Impairment (VI) / Art and Craft Special Needs Education / Grade 4 / Adapted Interactive Digital Content for Learners with Visual Impairment (VI) / Christian Religious Education (CRE) Special Needs Education / Grade 4 / Adapted Interactive Digital Content for Learners with Visual Impairment (VI) / Music Special Needs Education / Grade 5 Special Needs Education / Grade 5 / Adapted Interactive Digital Content for Learners with Hearing Impairment (HI) Special Needs Education / Grade 5 / Adapted Interactive Digital Content for Learners with Hearing Impairment (HI) / English Special Needs Education / Grade 5 / Adapted Interactive Digital Content for Learners with Hearing Impairment (HI) / Christian Religious Education Special Needs Education / Grade 5 / Adapted Interactive Digital Content for Learners with Hearing Impairment (HI) / Social Studies Special Needs Education / Grade 5 / Adapted Interactive Digital Content for Learners with Hearing Impairment (HI) / Agriculture and Nutrition Special Needs Education / Grade 5 / Adapted Interactive Digital Content for Learners with Hearing Impairment (HI) / Creative Arts Special Needs Education / Grade 5 / Adapted Interactive Digital Content for Learners with Hearing Impairment (HI) / Mathematics Special Needs Education / Grade 5 / Adapted Interactive Digital Content for Learners with Hearing Impairment (HI) / Science and Technology Special Needs Education / Grade 5 / Adapted Interactive Digital Content for Learners with Hearing Impairment (HI) / Islamic Religious Education Special Needs Education / Grade 5 / Adapted Interactive Digital Content for Learners with Visual Impairment (VI) Special Needs Education / Grade 5 / Adapted Interactive Digital Content for Learners with Visual Impairment (VI) / Creative Arts Special Needs Education / Grade 5 / Adapted Interactive Digital Content for Learners with Visual Impairment (VI) / Social Studies Special Needs Education / Grade 5 / Adapted Interactive Digital Content for Learners with Visual Impairment (VI) / Kiswahili Special Needs Education / Grade 5 / Adapted Interactive Digital Content for Learners with Visual Impairment (VI) / Christian Religious Education Special Needs Education / Grade 5 / Adapted Interactive Digital Content for Learners with Visual Impairment (VI) / Science and Technology Special Needs Education / Grade 5 / Adapted Interactive Digital Content for Learners with Visual Impairment (VI) / Agriculture and Nutrition Special Needs Education / Grade 5 / Adapted Interactive Digital Content for Learners with Visual Impairment (VI) / Islamic Religious Education Special Needs Education / Grade 5 / Adapted Interactive Digital Content for Learners with Visual Impairment (VI) / Mathematics Special Needs Education / Grade 5 / Adapted Interactive Digital Content for Learners with Visual Impairment (VI) / English Special Needs Education / Grade 6 Special Needs Education / Grade 6 / Adapted Interactive Digital Content for Learners with Hearing Impairment (HI) Special Needs Education / Grade 6 / Adapted Interactive Digital Content for Learners with Hearing Impairment (HI) / Science and Technology Special Needs Education / Grade 6 / Adapted Interactive Digital Content for Learners with Hearing Impairment (HI) / Christian Religious Education Special Needs Education / Grade 6 / Adapted Interactive Digital Content for Learners with Hearing Impairment (HI) / Creative Arts Special Needs Education / Grade 6 / Adapted Interactive Digital Content for Learners with Hearing Impairment (HI) / Islamic Religious Education Special Needs Education / Grade 6 / Adapted Interactive Digital Content for Learners with Hearing Impairment (HI) / English Special Needs Education / Grade 6 / Adapted Interactive Digital Content for Learners with Hearing Impairment (HI) / Social Studies Special Needs Education / Grade 6 / Adapted Interactive Digital Content for Learners with Hearing Impairment (HI) / Agriculture Special Needs Education / Grade 6 / Adapted Interactive Digital Content for Learners with Hearing Impairment (HI) / Mathematics Special Needs Education / Grade 6 / Adapted Interactive Digital Content for Learners with Visual Impairment (VI) Special Needs Education / Grade 6 / Adapted Interactive Digital Content for Learners with Visual Impairment (VI) / Christian Religious Education Special Needs Education / Grade 6 / Adapted Interactive Digital Content for Learners with Visual Impairment (VI) / Kiswahili Special Needs Education / Grade 6 / Adapted Interactive Digital Content for Learners with Visual Impairment (VI) / English Special Needs Education / Grade 6 / Adapted Interactive Digital Content for Learners with Visual Impairment (VI) / Creative Arts Special Needs Education / Grade 6 / Adapted Interactive Digital Content for Learners with Visual Impairment (VI) / Mathematics Special Needs Education / Grade 6 / Adapted Interactive Digital Content for Learners with Visual Impairment (VI) / Science and Technology Special Needs Education / Grade 6 / Adapted Interactive Digital Content for Learners with Visual Impairment (VI) / Islamic Religious Education Special Needs Education / Grade 6 / Adapted Interactive Digital Content for Learners with Visual Impairment (VI) / Social Studies Special Needs Education / Grade 6 / Adapted Interactive Digital Content for Learners with Visual Impairment (VI) / Agriculture and Nutrition Special Needs Education / Ebooks Special Needs Education / Videos Special Needs Education / Foundational and Stage-Based Special Needs Education / Prevocational Level Special Needs Education / Prevocational Level / Music Special Needs Education / Prevocational Level / Hindu Religious Education Special Needs Education / Prevocational Level / Christian Religious Education Special Needs Education / Prevocational Level / Physical Education Special Needs Education / Prevocational Level / Islamic Religious Education Special Needs Education / Prevocational Level / Social Studies Special Needs Education / Prevocational Level / Prevocational Skills 1 Special Needs Education / Prevocational Level / Prevocational Skills 2 Special Needs Education / Prevocational Level / Prevocational Skills 3 Accessible Digital Textbooks Interactive Simulations for Sciences and Mathematics Interactive Simulations for Sciences and Mathematics / Physics Interactive Simulations for Sciences and Mathematics / Chemistry Interactive Simulations for Sciences and Mathematics / Mathematics Information, Education and Communication(IEC) Materials Information, Education and Communication(IEC) Materials / Child Online Safety Information, Education and Communication(IEC) Materials / Child Road Safety Information, Education and Communication(IEC) Materials / Child Road Safety / Integration Matrices Information, Education and Communication(IEC) Materials / Child Road Safety / Integration Matrices / Early Years Education Information, Education and Communication(IEC) Materials / Child Road Safety / Integration Matrices / Upper Primary Information, Education and Communication(IEC) Materials / Child Road Safety / Integration Matrices / Junior School Information, Education and Communication(IEC) Materials / Child Road Safety / Integration Matrices / Senior School Information, Education and Communication(IEC) Materials / Child Road Safety / Information, Education and Communication(IEC) Materials on Child Road Safety Information, Education and Communication(IEC) Materials / Child Road Safety / Information, Education and Communication(IEC) Materials on Child Road Safety / Early Years Education Information, Education and Communication(IEC) Materials / Child Road Safety / Information, Education and Communication(IEC) Materials on Child Road Safety / Upper Primary Information, Education and Communication(IEC) Materials / Child Road Safety / Information, Education and Communication(IEC) Materials on Child Road Safety / Junior School Information, Education and Communication(IEC) Materials / Child Road Safety / Information, Education and Communication(IEC) Materials on Child Road Safety / Senior School Information, Education and Communication(IEC) Materials / Child Road Safety / Teacher's Handbook Information, Education and Communication(IEC) Materials / Financial Literacy Learners’ Toolkit Teacher Resources Teacher Resources / Educational Resources Materials Development Teacher Resources / Educational Resources Materials Development / CRE Teacher Resources / Educational Resources Materials Development / English Teacher Resources / Educational Resources Materials Development / Environment Teacher Resources / Educational Resources Materials Development / Foundations Teacher Resources / Educational Resources Materials Development / H.R.E Teacher Resources / Educational Resources Materials Development / Hygiene and Nutrition Teacher Resources / Educational Resources Materials Development / I.R.E Teacher Resources / Educational Resources Materials Development / Kiswahili Teacher Resources / Educational Resources Materials Development / Language Activities Teacher Resources / Educational Resources Materials Development / Literacy Skills Teacher Resources / Educational Resources Materials Development / Mathematics Teacher Resources / Educational Resources Materials Development / Movements and Arts Teacher Resources / Pre-Primary Teacher Radio Programmes Teacher Resources / CBC Courses Teacher Resources / Special Needs Educations Teacher Resources / Interactive Digital Content for Teacher Education Teacher Resources / Interactive Digital Content for Teacher Education / English Teacher Resources / Interactive Digital Content for Teacher Education / Music Teacher Resources / Interactive Digital Content for Teacher Education / Christian Religious Education Teacher Resources / Interactive Digital Content for Teacher Education / Art and Craft Teacher Resources / Interactive Digital Content for Teacher Education / Indigenous Languages Teacher Resources / Interactive Digital Content for Teacher Education / Home science Teacher Resources / Interactive Digital Content for Teacher Education / Science and Technology Teacher Resources / Interactive Digital Content for Teacher Education / Islamic Religious Education Teacher Resources / Interactive Digital Content for Teacher Education / Mandarin Teacher Resources / Interactive Digital Content for Teacher Education / Agriculture Teacher Resources / Interactive Digital Content for Teacher Education / Mathematics Teacher Resources / Interactive Digital Content for Teacher Education / French Teacher Resources / Interactive Digital Content for Teacher Education / Hindu Religious Education Teacher Resources / Interactive Digital Content for Teacher Education / Social Studies Teacher Resources / Interactive Digital Content for Teacher Education / Kiswahili Teacher Resources / Interactive Digital Content for Teacher Education / Physical Education Teacher Resources / Interactive Digital Content for Teacher Education / Arabic Parental Resources Financial Literacy Financial Literacy / Financial Literacy for Junior School Financial Literacy / Financial Literacy for Junior School / Taxation Financial Literacy / Financial Literacy for Senior School Financial Literacy / Financial Literacy for Senior School / Taxation Search lessons Search Expand allInteractive Digital Content Educhannel Tv LessonsRadio Lessons Home Calendar Pre-primary Pre-Primary 1 Pre-Primary 2 Primary Grade 1 Grade 2 Grade 3 Grade 4 Grade 5 Grade 6 Secondary Grade 7 Grade 8 Form 1 Form 2 Form 3 Form 4 OER's SNE The Kenya Education Cloud (KEC) is a digital platform designed to enhance teaching and learning in Kenya by providing a wide range of digital educational resources. Serving as a centralized hub for e-learning, it promotes access to interactive content, supports modern pedagogical methods, and fosters collaboration among educators and learners. External Links Ministry of Education Kenya National Examinations Council Teachers Service Commission Kenya Kenya Institute of Special Education (KISE) ICT Authority TVET Authority Elimika Additional Resources Accessible Digital Textbook (ADT) Curriculum Reports Parental Resources Child Online Protection Guidelines Our Contacts Kenya Institute of Curriculum DevelopmentDesai Rd, Off Muranga Rd,Nairobi, Kenya. Telephone Contacts+254 729327331 +254 729327334 Email Addressinfo@kicd.ac.ke Kenya Education Cloud © 2024. All rights reserved. Privacy Policy Terms & Conditions (Login) Data retention summary","['mathematics', 'english', 'kiswahili', 'biology', 'chemistry', 'physics', 'geography', 'history', 'business', 'computer', 'agriculture', 'home_science', 'art', 'music', 'physical_education', 'religious_education']",form_1,cbc,[],2025-09-08T00:49:47.148557,unknown,secondary,,form_3,
https://elimika.kec.ac.ke/auth/oauth2/login.php?id=1&wantsurl=https%3A%2F%2Felimika.kec.ac.ke%2F&sesskey=jU1o3yBsc3,Elimika Platform | Kenya Education Cloud | Unlimited Learning Experinces,"Elimika is an online teacher training platform , offering Competency Based Curriculum (CBC)-aligned courses developed by the Kenya Institute of Curriculum Development (KICD). Learn anytime, anywhere and enhance your skills in ICT integration, assessment, pedagogy, and professional teaching under Kenya’s Competency Based Curriculum.","Elimika Home Your session has most likely timed out. Please log in again.More information about this error Continue Elimika Platform | Kenya Education Cloud | Unlimited Learning Experinces Elimika home_app_logoSide panel English ‎(en)‎ Afrikaans ‎(af)‎ English ‎(en)‎ Search Close Search Toggle search input Log in Username Password Remember username Forgot Password? Log in Alternatively, you can Log in to the Elimika platform using your account on: Sign up Home frontpageloaded Search Site announcements Courses Skip to main content Elimika Home Your session has most likely timed out. Please log in again.More information about this error Continue The Kenya Education Cloud (KEC) is a digital platform designed to enhance teaching and learning in Kenya by providing a wide range of digital educational resources. Serving as a centralized hub for e-learning, it promotes access to interactive content, supports modern pedagogical methods, and fosters collaboration among educators and learners. Follow Us External Links Ministry of Education Kenya National Examinations Council Teachers Service Commission Kenya Kenya Institute of Special Education (KISE) ICT Authority TVET Authority Follow Us External Links Additional Resources Accessible Digital Textbook (ADT) Curriculum Reports OrangeBook - List of Approved materials Child Online Protection Guidelines Parental Resources Follow Us Additional Resources Our Contacts Kenya Institute of Curriculum DevelopmentDesai Rd, Off Muranga Rd,Nairobi, Kenya.Telephone Contacts+254 729327331+254 729327334Email Addressinfo@kicd.ac.ke Follow Us Our Contacts English ‎(en)‎ Afrikaans ‎(af)‎ English ‎(en)‎ Kenya Institute of Curriculum Development Elimika © 2025. All rights reserved. Terms & Conditions Privacy Policy You are not logged in. (Log in)","['english', 'computer', 'art']",unknown,unknown,[],2025-09-08T00:49:48.719792,unknown,,,,
https://oer.kec.ac.ke/contact/,Contact – oer.kec.ac.ke,,"Home About Learning Areas Resources Menu Toggle Learning Areas Forums Events Calendar Mobile App Contact Log In Register Home About Learning Areas Resources Menu Toggle Learning Areas Forums Events Calendar Mobile App Contact Log In Register Home About Learning Areas Resources Menu Toggle Learning Areas Forums Events Calendar Mobile App Contact Log In Register Home About Learning Areas Resources Menu Toggle Learning Areas Forums Events Calendar Mobile App Contact Log In Register Home About Learning Areas Resources Menu Toggle Learning Areas Forums Events Calendar Mobile App Contact Log In Register Main Menu Main Menu Home About Learning Areas Resources Menu Toggle Learning Areas Forums Events Calendar Mobile App Contact Log In Register Home About Learning Areas Resources Menu Toggle Learning Areas Forums Events Calendar Mobile App Contact Log In Register Home About Learning Areas Resources Menu Toggle Learning Areas Forums Events Calendar Mobile App Contact Log In Register Home About Learning Areas Resources Menu Toggle Learning Areas Forums Events Calendar Mobile App Contact Log In Register Contact Us Your email will not be published or shared without your consent. Required Fields are marked* Please enable JavaScript in your browser to complete this form.Name *Email *PhoneComment or MessageCustom Captcha * = Submit Our Contacts Kenya Institute of Curriculum Development Desai Rd, Off Muranga Rd, Nairobi, Kenya. Telephone Contacts +254 20 3749900-9+254 20 3749900-3+254 729 327 334+254 787 883 311 Email Address info@kicd.ac.ke Follow Us on Social Media Contact Us Your email will not be published or shared without your consent. Required Fields are marked* Please enable JavaScript in your browser to complete this form.Name *Email *PhoneComment or MessageCustom Captcha * = Submit Our Contacts Kenya Institute of Curriculum Development Desai Rd, Off Muranga Rd, Nairobi, Kenya. Telephone Contacts +254 20 3749900-9+254 20 3749900-3+254 729 327 334+254 787 883 311 Email Address info@kicd.ac.ke Follow Us on Social Media Contact Us Your email will not be published or shared without your consent. Required Fields are marked* Please enable JavaScript in your browser to complete this form.Name *Email *PhoneComment or MessageCustom Captcha * = Submit Our Contacts Kenya Institute of Curriculum Development Desai Rd, Off Muranga Rd, Nairobi, Kenya. Telephone Contacts +254 20 3749900-9+254 20 3749900-3+254 729 327 334+254 787 883 311 Email Address info@kicd.ac.ke Follow Us on Social Media Kenya Institute of Curriculum Development Desai Rd, Off Muranga Rd, Nairobi, Kenya. Telephone Contacts +254 20 3749900-9+254 20 3749900-3+254 729 327 334+254 787 883 311 Email Address info@kicd.ac.ke Contact – oer.kec.ac.ke Skip to content Home About Learning Areas Resources Menu Toggle Learning Areas Forums Events Calendar Mobile App Contact Log In Register Main Menu Home About Learning Areas Resources Menu Toggle Learning Areas Forums Events Calendar Mobile App Contact Log In Register Contact Us Your email will not be published or shared without your consent. Required Fields are marked* Please enable JavaScript in your browser to complete this form.Name *Email *PhoneComment or MessageCustom Captcha * = Submit Our Contacts Kenya Institute of Curriculum Development Desai Rd, Off Muranga Rd, Nairobi, Kenya. Telephone Contacts +254 20 3749900-9+254 20 3749900-3+254 729 327 334+254 787 883 311 Email Address info@kicd.ac.ke Follow Us on Social Media Kenya Institute ofCurriculum DevelopmentOpen Education Resources“Nurturing Every Learners Potential” The Kenya Institute of Curriculum Development(KICD) is an Institute established through the KICDAct No. 4 of 2013 of the laws of Kenya. © 2025 Kenya Institute of Curriculum Development.All Rights Reserved Our Contacts Kenya Institute of Curriculum Development Desai Rd, Off­ Muranga Rd, Nairobi, Kenya. Telephone Contacts +254 20 3749900-9 +254 20 3749900-3 +254 729 327 334 +254 787 883 311 Email Address info@kicd.ac.ke Developed by Darasa Online, a subsidiary of Mashariki Ltd. (Kenya)",['religious_education'],unknown,unknown,[],2025-09-08T00:49:48.761966,unknown,,,,
https://lms.kec.ac.ke/course/index.php?categoryid=344,Accessible Digital Textbooks,"Kenya Education Cloud is your ultimate digital learning hub, providing access to curated e-learning resources, educational tools, and innovative content for students, teachers, and institutions.","Accessible Digital Textbooks Home Lessons Accessible Digital Textbooks Lesson categories: Pre-Primary Pre-Primary / Radio Lessons Pre-Primary / Educhannel Video Lessons Pre-Primary / Educhannel Video Lessons / Language Activities Pre-Primary / Educhannel Video Lessons / Mathematics Pre-Primary / Educhannel Video Lessons / Our School Pre-Primary / Educhannel Video Lessons / Picture Making Pre-Primary / Educhannel Video Lessons / Social Environment Pre-Primary / Educhannel Video Lessons / Pre-Primary 1 Pre-Primary / Educhannel Video Lessons / Pre-Primary 2 Pre-Primary / Interactive digital Content Pre-Primary / Ebooks Primary Education Primary Education / Grade 1 Primary Education / Grade 1 / Educhannel TV Lessons Primary Education / Grade 1 / Educhannel TV Lessons / English Primary Education / Grade 1 / Educhannel TV Lessons / Mathematics Primary Education / Grade 1 / Educhannel TV Lessons / Kiswahili Primary Education / Grade 1 / Educhannel TV Lessons / Kenya Sign Language(KSL) Primary Education / Grade 1 / Educhannel TV Lessons / Hygiene and nutrition Primary Education / Grade 1 / Educhannel TV Lessons / Environmental Activities Primary Education / Grade 1 / Interactive Digital Content Primary Education / Grade 1 / Radio Lessons Primary Education / Grade 1 / Radio Lessons / Mathematics Primary Education / Grade 1 / Radio Lessons / Mathematics / Grade 1 Term 2 Primary Education / Grade 1 / Radio Lessons / Mathematics / Grade 1 Term 3 Primary Education / Grade 1 / Radio Lessons / Kiswahili Primary Education / Grade 1 / Radio Lessons / Kiswahili / Grade 1 Term 2 Primary Education / Grade 1 / Radio Lessons / Kiswahili / Grade 1 Term 3 Primary Education / Grade 1 / Radio Lessons / English Primary Education / Grade 1 / Radio Lessons / English / Grade 1 Term 2 Primary Education / Grade 1 / Radio Lessons / English / Grade 1 Term 3 Primary Education / Grade 1 / Ebooks Primary Education / Grade 1 / Ebooks / Tusome readers Primary Education / Grade 1 / Ebooks / Indigenous Languages Primary Education / Grade 2 Primary Education / Grade 2 / Interactive Digital Content Primary Education / Grade 2 / Educhannel Tv Lessons Primary Education / Grade 2 / Educhannel Tv Lessons / Mathematics Primary Education / Grade 2 / Educhannel Tv Lessons / English Primary Education / Grade 2 / Radio Lessons Primary Education / Grade 2 / Radio Lessons / Mathematics Primary Education / Grade 2 / Radio Lessons / Mathematics / Grade 2 Term 2 Primary Education / Grade 2 / Radio Lessons / English Primary Education / Grade 2 / Radio Lessons / English / Grade 2 Term 2 Primary Education / Grade 2 / Radio Lessons / English / Grade 2 Term 3 Primary Education / Grade 2 / Radio Lessons / Kiswahili Primary Education / Grade 2 / Radio Lessons / Kiswahili / Grade 2 Term 3 Primary Education / Grade 2 / Hygiene and Nutrition Primary Education / Grade 2 / Hygiene and Nutrition / Grade 2 Term 2 Primary Education / Grade 2 / E-books Primary Education / Grade 2 / E-books / Tusome Readers Primary Education / Grade 3 Primary Education / Grade 3 / Radio Lessons Primary Education / Grade 3 / Radio Lessons / Mathematics Primary Education / Grade 3 / Radio Lessons / Mathematics / Grade 3 Term 2 Primary Education / Grade 3 / Radio Lessons / Mathematics / Grade 3 Term 3 Primary Education / Grade 3 / Radio Lessons / English Primary Education / Grade 3 / Radio Lessons / English / Grade 3 Term 2 Primary Education / Grade 3 / Radio Lessons / English / Grade 3 Term 3 Primary Education / Grade 3 / Radio Lessons / Environmental Activities Primary Education / Grade 3 / Radio Lessons / Environmental Activities / Grade 3 Term 2 Primary Education / Grade 3 / Radio Lessons / Kiswahili Primary Education / Grade 3 / Radio Lessons / Kiswahili / Grade 3 Term 3 Primary Education / Grade 3 / Educhannel TV Lessons Primary Education / Grade 3 / Educhannel TV Lessons / Mathematics Primary Education / Grade 3 / Educhannel TV Lessons / English Primary Education / Grade 3 / Educhannel TV Lessons / Kiswahili Primary Education / Grade 3 / Educhannel TV Lessons / Hygiene and Nutrition Primary Education / Grade 3 / Educhannel TV Lessons / Environmental Activities Primary Education / Grade 3 / Interactive Digital Content Primary Education / Grade 3 / EBooks Primary Education / Grade 3 / Tusome English Video Lessons Primary Education / Grade 3 / Tusome English Video Lessons / Tusome English Grade 3 Lessons Primary Education / Grade 4 Primary Education / Grade 4 / Educhannel Tv Lessons Primary Education / Grade 4 / Educhannel Tv Lessons / Home Science Primary Education / Grade 4 / Educhannel Tv Lessons / Agriculture Primary Education / Grade 4 / Educhannel Tv Lessons / Music Primary Education / Grade 4 / Educhannel Tv Lessons / Physical Education Primary Education / Grade 4 / Educhannel Tv Lessons / Art and Craft Primary Education / Grade 4 / Educhannel Tv Lessons / Kenya Sign Language Primary Education / Grade 4 / Educhannel Tv Lessons / Mathematics Primary Education / Grade 4 / Educhannel Tv Lessons / Science and Technology Primary Education / Grade 4 / Educhannel Tv Lessons / Social Studies Primary Education / Grade 4 / Educhannel Tv Lessons / English Primary Education / Grade 4 / Educhannel Tv Lessons / Kiswahili Primary Education / Grade 4 / Educhannel Tv Lessons / Environmental Activity Primary Education / Grade 4 / Radio lessons Primary Education / Grade 4 / Radio lessons / Social Studies Primary Education / Grade 4 / Radio lessons / Social Studies / Grade 4 Term 2 Primary Education / Grade 4 / Radio lessons / Social Studies / Grade 4 Term 3 Primary Education / Grade 4 / Radio lessons / CRE Primary Education / Grade 4 / Radio lessons / CRE / Grade 4 Term 2 Primary Education / Grade 4 / Radio lessons / English Primary Education / Grade 4 / Radio lessons / English / Grade 4 Term 2 Primary Education / Grade 4 / Radio lessons / English / Grade 4 Term 3 Primary Education / Grade 4 / Radio lessons / Hygiene and Nutrition Primary Education / Grade 4 / Radio lessons / Hygiene and Nutrition / Grade 4 Term 1 Primary Education / Grade 4 / Radio lessons / IRE Primary Education / Grade 4 / Radio lessons / IRE / Grade 4 Term 2 Primary Education / Grade 4 / Radio lessons / Science and Technology Primary Education / Grade 4 / Radio lessons / Science and Technology / Grade 4 Term 3 Primary Education / Grade 4 / Radio lessons / Agriculture Primary Education / Grade 4 / Radio lessons / Agriculture / Grade 4 Term 3 Primary Education / Grade 4 / Radio lessons / Mathematics Primary Education / Grade 4 / Radio lessons / Mathematics / Grade 4 Term 3 Primary Education / Grade 4 / SNE Primary Education / Grade 4 / Interactive Digital Content Primary Education / Grade 5 Primary Education / Grade 5 / Educhannel Tv Lessons Primary Education / Grade 5 / Educhannel Tv Lessons / English Primary Education / Grade 5 / Educhannel Tv Lessons / Kiswahili Primary Education / Grade 5 / Educhannel Tv Lessons / Mathematics Primary Education / Grade 5 / Radio Lessons Primary Education / Grade 5 / Radio Lessons / English Primary Education / Grade 5 / Radio Lessons / Science and Technology Primary Education / Grade 5 / Radio Lessons / Agriculture Primary Education / Grade 5 / Radio Lessons / Social studies Primary Education / Grade 5 / Radio Lessons / Christian Religious Education Primary Education / Grade 5 / Radio Lessons / Mathematics Primary Education / Grade 5 / Interactive Digital Content Primary Education / Grade 6 Primary Education / Grade 6 / Radio Lessons Primary Education / Grade 6 / Radio Lessons / CRE Primary Education / Grade 6 / Radio Lessons / Social Studies Primary Education / Grade 6 / Radio Lessons / Science Primary Education / Grade 6 / Radio Lessons / Kiswahili Primary Education / Grade 6 / Radio Lessons / English Primary Education / Grade 6 / Radio Lessons / Mathematics Primary Education / Grade 6 / Educhannel TV Lessons Primary Education / Grade 6 / Educhannel TV Lessons / Kiswahili Primary Education / Grade 6 / Educhannel TV Lessons / Agriculture Primary Education / Grade 6 / Educhannel TV Lessons / Art and Craft Primary Education / Grade 6 / Educhannel TV Lessons / English Primary Education / Grade 6 / Educhannel TV Lessons / Home Science Primary Education / Grade 6 / Educhannel TV Lessons / Music Primary Education / Grade 6 / Educhannel TV Lessons / Science and technology Primary Education / Grade 6 / Educhannel TV Lessons / Physical health education Primary Education / Grade 6 / Interactive Digital Content Junior School Junior School / Grade 8 Junior School / Grade 8 / Educhannel Tv Lessons Junior School / Grade 8 / Radio Lessons Junior School / Grade 8 / Interactive Digital Content Junior School / Grade 7 Junior School / Grade 7 / Educhannel TV lessons Junior School / Grade 7 / Radio Lessons Junior School / Grade 7 / Radio Lessons / Mathematics Junior School / Grade 7 / Radio Lessons / Kiswahili Junior School / Grade 7 / Radio Lessons / English Junior School / Grade 7 / Radio Lessons / Christian Religious Education Junior School / Grade 7 / Radio Lessons / Integrated Science Junior School / Grade 7 / Radio Lessons / Social Studies Junior School / Grade 7 / Radio Lessons / Pre-Technical Studies Junior School / Grade 7 / Interactive Digital Content Secondary Education Secondary Education / Form 1 Secondary Education / Form 1 / Interactive Digital Content Secondary Education / Form 1 / Educhannel Tv Lessons Secondary Education / Form 1 / Educhannel Tv Lessons / Mathematics Secondary Education / Form 1 / Educhannel Tv Lessons / English Secondary Education / Form 1 / Educhannel Tv Lessons / Physics Secondary Education / Form 1 / Educhannel Tv Lessons / Biology Secondary Education / Form 1 / Educhannel Tv Lessons / Chemistry Secondary Education / Form 1 / Educhannel Tv Lessons / Kiswahili Secondary Education / Form 1 / Educhannel Tv Lessons / History and Government Secondary Education / Form 1 / Educhannel Tv Lessons / Business Studies Secondary Education / Form 1 / Radio Lessons Secondary Education / Form 1 / Ebooks Secondary Education / Form 2 Secondary Education / Form 2 / Interactive Digital Content Secondary Education / Form 2 / Educhannel Tv Lessons Secondary Education / Form 2 / Educhannel Tv Lessons / Physics Secondary Education / Form 2 / Radio Lessons Secondary Education / Form 2 / Radio Lessons / Biology Secondary Education / Form 3 Secondary Education / Form 3 / Interactive Digital Content Secondary Education / Form 3 / Educhannel Tv Lessons Secondary Education / Form 3 / Educhannel Tv Lessons / Mathematics Secondary Education / Form 3 / Educhannel Tv Lessons / English Secondary Education / Form 3 / Educhannel Tv Lessons / Kiswahili Secondary Education / Form 3 / Educhannel Tv Lessons / Biology Secondary Education / Form 3 / Educhannel Tv Lessons / Chemistry Secondary Education / Form 3 / Educhannel Tv Lessons / Physics Secondary Education / Form 3 / Educhannel Tv Lessons / Business Studies Secondary Education / Form 3 / Educhannel Tv Lessons / History and Government Secondary Education / Form 3 / Radio Lessons Secondary Education / Form 4 Secondary Education / Form 4 / Interactive Digital Content Secondary Education / Form 4 / Educhannel Tv Lessons Secondary Education / Form 4 / Educhannel Tv Lessons / Form 4 Mathematics Secondary Education / Form 4 / Educhannel Tv Lessons / Form 4 English Secondary Education / Form 4 / Educhannel Tv Lessons / Form 4 Physics Secondary Education / Form 4 / Educhannel Tv Lessons / Form 4 Biology Secondary Education / Form 4 / Educhannel Tv Lessons / Form 4 Kiswahili Secondary Education / Form 4 / Educhannel Tv Lessons / Form 4 Chemistry Secondary Education / Form 4 / Educhannel Tv Lessons / Form 4 History and Government Secondary Education / Form 4 / Educhannel Tv Lessons / Form 4 Business Studies Secondary Education / Form 4 / Radio Lessons Secondary Education / Form 4 / Radio Lessons / Mathematics Secondary Education / Form 4 / Radio Lessons / Mathematics / Form 4 Term 1 Secondary Education / Form 4 / Radio Lessons / Mathematics / Form 4 Term 2 Secondary Education / Form 4 / Radio Lessons / Mathematics / Form 4 Term 3 General Knowledge General Knowledge / VOA Connect General Knowledge / Ask the expert General Knowledge / Citizenship and Democracy General Knowledge / Digital Story General Knowledge / Impacted Educhannel Lessons Educhannel Lessons / English Educhannel Lessons / English / Transport and travel Educhannel Lessons / English / Pronunciation skills Educhannel Lessons / English / Listening and speaking Educhannel Lessons / English / Family Educhannel Lessons / English / Environment Educhannel Lessons / English / Drug and Substance Educhannel Lessons / Agriculture Educhannel Lessons / Biology Educhannel Lessons / Biology / Living Things Educhannel Lessons / Biology / Secretion and homeostasis Educhannel Lessons / Biology / Support and movement Educhannel Lessons / Business Studies Educhannel Lessons / Chemistry Educhannel Lessons / Earth Movement and Volcanicity Educhannel Lessons / Environmental Activities Educhannel Lessons / Geograpghy Educhannel Lessons / History Educhannel Lessons / History / Kenyan History Educhannel Lessons / Homescience Educhannel Lessons / Homescience / Basic care clothing Educhannel Lessons / Kiswahili Educhannel Lessons / Kiswahili / Primary Educhannel Lessons / Kiswahili / Primary / Darasa 4-5 Educhannel Lessons / Kiswahili / Secondary Educhannel Lessons / Kiswahili / Secondary / Isimu Jamii Educhannel Lessons / Kiswahili / Secondary / Sarufi Educhannel Lessons / Mathematics Educhannel Lessons / Mathematics / Secondary Educhannel Lessons / Mathematics / Secondary / Commercial Arithmetics Educhannel Lessons / Mathematics / Primary Educhannel Lessons / Mathematics / Primary / Class 5-8 Educhannel Lessons / Mathematics / Primary / Class 5-8 / Practical uses of Money Educhannel Lessons / Mathematics / Primary / Class 5-8 / Measurement Educhannel Lessons / Organic Chemistry Educhannel Lessons / Performing Music Educhannel Lessons / Homescience Educhannel Lessons / Homescience / Basic care of clothing Educhannel Lessons / Art and Craft Educhannel Lessons / Physics Educhannel Lessons / Physics / Thermodynamics Educhannel Lessons / Physics / Mechanics Educhannel Lessons / Physics / Electricity and Magnetism Educhannel Lessons / The Doyen Exposition Educhannel Lessons / Science Educhannel Lessons / Science / Making work easier Educhannel Lessons / Science / Living Things Educhannel Lessons / Science / Energy conservation Educhannel Lessons / Physical and Health Education Educhannel Lessons / Physical and Health Education / Grade 1-4 Open Education Resourses(OERs) Open Education Resourses(OERs) / Movement and Creative Activities Open Education Resourses(OERs) / 	Religious Education Activities Open Education Resourses(OERs) / Mathematical Activities Open Education Resourses(OERs) / Environmental Activities Open Education Resourses(OERs) / Kiswahili Language Open Education Resourses(OERs) / LTK | Concordia University Open Education Resourses(OERs) / Hygiene and Nutrition Open Education Resourses(OERs) / ENGLISH LANGUAGE ACTIVITIES Open Education Resourses(OERs) / Casio Materials Open Education Resourses(OERs) / Health Education Open Education Resourses(OERs) / Carbon Literacy Special Needs Education Special Needs Education / Grade 1 Special Needs Education / Grade 1 / Adapted Interactive Digital Content for Hearing Impaired(HI) Special Needs Education / Grade 1 / Adapted Interactive Digital Content for Hearing Impaired(HI) / English Activities Special Needs Education / Grade 1 / Adapted Interactive Digital Content for Hearing Impaired(HI) / Environmental Activities Special Needs Education / Grade 1 / Adapted Interactive Digital Content for Hearing Impaired(HI) / Creative Activities Special Needs Education / Grade 1 / Adapted Interactive Digital Content for Visual Impaired(VI) Special Needs Education / Grade 2 Special Needs Education / Grade 2 / Adapted Interactive Digital Content for Hearing Impaired(HI) Special Needs Education / Grade 2 / Adapted Interactive Digital Content for Hearing Impaired(HI) / Mathematics Grade 2 Special Needs Education / Grade 2 / Adapted Interactive Digital Content for Hearing Impaired(HI) / Environmental Activities Grade 2 Special Needs Education / Grade 2 / Adapted Interactive Digital Content for Hearing Impaired(HI) / Hygiene and Nutrition Grade 2 Special Needs Education / Grade 2 / Adapted Interactive Digital Content for Hearing Impaired(HI) / Christian Religious Education Grade 2 (HI) Special Needs Education / Grade 2 / Adapted Interactive Digital Content for Hearing Impaired(HI) / Literacy Activities Grade2 (HI) Special Needs Education / Grade 2 / Adapted Interactive Digital Content for Hearing Impaired(HI) / English Activities Grad2 H.I Special Needs Education / Grade 2 / Adapted Interactive Digital Content for Hearing Impaired(HI) / Creative Activities Grade2 -H.I Special Needs Education / Grade 2 / Adapted Interactive Digital Content for Visual Impaired(VI) Special Needs Education / Grade 2 / Adapted Interactive Digital Content for Visual Impaired(VI) / Mathematics Special Needs Education / Grade 2 / Adapted Interactive Digital Content for Visual Impaired(VI) / Kiswahili Special Needs Education / Grade 2 / Adapted Interactive Digital Content for Visual Impaired(VI) / English Special Needs Education / Grade 2 / Adapted Interactive Digital Content for Visual Impaired(VI) / Creative Activities Special Needs Education / Grade 2 / Adapted Interactive Digital Content for Visual Impaired(VI) / CRE Special Needs Education / Grade 3 Special Needs Education / Grade 3 / Adapted Interactive Digital Content for Learners with Hearing Impairment (HI) Special Needs Education / Grade 3 / Adapted Interactive Digital Content for Learners with Hearing Impairment (HI) / Visual Arts Special Needs Education / Grade 3 / Adapted Interactive Digital Content for Learners with Hearing Impairment (HI) / English Special Needs Education / Grade 3 / Adapted Interactive Digital Content for Learners with Hearing Impairment (HI) / Hygiene and Nutrition Special Needs Education / Grade 3 / Adapted Interactive Digital Content for Learners with Hearing Impairment (HI) / Music Special Needs Education / Grade 3 / Adapted Interactive Digital Content for Learners with Hearing Impairment (HI) / Mathematics Special Needs Education / Grade 3 / Adapted Interactive Digital Content for Learners with Hearing Impairment (HI) / Environmental Special Needs Education / Grade 3 / Adapted Interactive Digital Content for Learners with Hearing Impairment (HI) / CRE Special Needs Education / Grade 3 / Adapted Interactive Digital Content for Learners with Visual Impairment (VI) Special Needs Education / Grade 3 / Adapted Interactive Digital Content for Learners with Visual Impairment (VI) / Music Special Needs Education / Grade 3 / Adapted Interactive Digital Content for Learners with Visual Impairment (VI) / Mathematics Special Needs Education / Grade 3 / Adapted Interactive Digital Content for Learners with Visual Impairment (VI) / Visual Arts Special Needs Education / Grade 3 / Adapted Interactive Digital Content for Learners with Visual Impairment (VI) / Kiswahili Special Needs Education / Grade 3 / Adapted Interactive Digital Content for Learners with Visual Impairment (VI) / Hygiene and Nutrition Special Needs Education / Grade 3 / Adapted Interactive Digital Content for Learners with Visual Impairment (VI) / Environmental Special Needs Education / Grade 3 / Adapted Interactive Digital Content for Learners with Visual Impairment (VI) / English Special Needs Education / Grade 3 / Adapted Interactive Digital Content for Learners with Visual Impairment (VI) / CRE Special Needs Education / Grade 4 Special Needs Education / Grade 4 / Adapted Interactive Digital Content for Learners with Hearing Impairment (HI) Special Needs Education / Grade 4 / Adapted Interactive Digital Content for Learners with Hearing Impairment (HI) / Mathematics Special Needs Education / Grade 4 / Adapted Interactive Digital Content for Learners with Hearing Impairment (HI) / English Special Needs Education / Grade 4 / Adapted Interactive Digital Content for Learners with Hearing Impairment (HI) / Science and Technology Special Needs Education / Grade 4 / Adapted Interactive Digital Content for Learners with Hearing Impairment (HI) / Agriculture Special Needs Education / Grade 4 / Adapted Interactive Digital Content for Learners with Hearing Impairment (HI) / Social Studies Special Needs Education / Grade 4 / Adapted Interactive Digital Content for Learners with Hearing Impairment (HI) / Home Science Special Needs Education / Grade 4 / Adapted Interactive Digital Content for Learners with Hearing Impairment (HI) / Art and Craft Special Needs Education / Grade 4 / Adapted Interactive Digital Content for Learners with Hearing Impairment (HI) / Music Special Needs Education / Grade 4 / Adapted Interactive Digital Content for Learners with Hearing Impairment (HI) / Christian Religious Education (CRE) Special Needs Education / Grade 4 / Adapted Interactive Digital Content for Learners with Visual Impairment (VI) Special Needs Education / Grade 4 / Adapted Interactive Digital Content for Learners with Visual Impairment (VI) / Mathematics Special Needs Education / Grade 4 / Adapted Interactive Digital Content for Learners with Visual Impairment (VI) / English Special Needs Education / Grade 4 / Adapted Interactive Digital Content for Learners with Visual Impairment (VI) / Kiswahili Special Needs Education / Grade 4 / Adapted Interactive Digital Content for Learners with Visual Impairment (VI) / Science and Technology Special Needs Education / Grade 4 / Adapted Interactive Digital Content for Learners with Visual Impairment (VI) / Agriculture Special Needs Education / Grade 4 / Adapted Interactive Digital Content for Learners with Visual Impairment (VI) / Social Studies Special Needs Education / Grade 4 / Adapted Interactive Digital Content for Learners with Visual Impairment (VI) / Home Science Special Needs Education / Grade 4 / Adapted Interactive Digital Content for Learners with Visual Impairment (VI) / Art and Craft Special Needs Education / Grade 4 / Adapted Interactive Digital Content for Learners with Visual Impairment (VI) / Christian Religious Education (CRE) Special Needs Education / Grade 4 / Adapted Interactive Digital Content for Learners with Visual Impairment (VI) / Music Special Needs Education / Grade 5 Special Needs Education / Grade 5 / Adapted Interactive Digital Content for Learners with Hearing Impairment (HI) Special Needs Education / Grade 5 / Adapted Interactive Digital Content for Learners with Hearing Impairment (HI) / English Special Needs Education / Grade 5 / Adapted Interactive Digital Content for Learners with Hearing Impairment (HI) / Christian Religious Education Special Needs Education / Grade 5 / Adapted Interactive Digital Content for Learners with Hearing Impairment (HI) / Social Studies Special Needs Education / Grade 5 / Adapted Interactive Digital Content for Learners with Hearing Impairment (HI) / Agriculture and Nutrition Special Needs Education / Grade 5 / Adapted Interactive Digital Content for Learners with Hearing Impairment (HI) / Creative Arts Special Needs Education / Grade 5 / Adapted Interactive Digital Content for Learners with Hearing Impairment (HI) / Mathematics Special Needs Education / Grade 5 / Adapted Interactive Digital Content for Learners with Hearing Impairment (HI) / Science and Technology Special Needs Education / Grade 5 / Adapted Interactive Digital Content for Learners with Hearing Impairment (HI) / Islamic Religious Education Special Needs Education / Grade 5 / Adapted Interactive Digital Content for Learners with Visual Impairment (VI) Special Needs Education / Grade 5 / Adapted Interactive Digital Content for Learners with Visual Impairment (VI) / Creative Arts Special Needs Education / Grade 5 / Adapted Interactive Digital Content for Learners with Visual Impairment (VI) / Social Studies Special Needs Education / Grade 5 / Adapted Interactive Digital Content for Learners with Visual Impairment (VI) / Kiswahili Special Needs Education / Grade 5 / Adapted Interactive Digital Content for Learners with Visual Impairment (VI) / Christian Religious Education Special Needs Education / Grade 5 / Adapted Interactive Digital Content for Learners with Visual Impairment (VI) / Science and Technology Special Needs Education / Grade 5 / Adapted Interactive Digital Content for Learners with Visual Impairment (VI) / Agriculture and Nutrition Special Needs Education / Grade 5 / Adapted Interactive Digital Content for Learners with Visual Impairment (VI) / Islamic Religious Education Special Needs Education / Grade 5 / Adapted Interactive Digital Content for Learners with Visual Impairment (VI) / Mathematics Special Needs Education / Grade 5 / Adapted Interactive Digital Content for Learners with Visual Impairment (VI) / English Special Needs Education / Grade 6 Special Needs Education / Grade 6 / Adapted Interactive Digital Content for Learners with Hearing Impairment (HI) Special Needs Education / Grade 6 / Adapted Interactive Digital Content for Learners with Hearing Impairment (HI) / Science and Technology Special Needs Education / Grade 6 / Adapted Interactive Digital Content for Learners with Hearing Impairment (HI) / Christian Religious Education Special Needs Education / Grade 6 / Adapted Interactive Digital Content for Learners with Hearing Impairment (HI) / Creative Arts Special Needs Education / Grade 6 / Adapted Interactive Digital Content for Learners with Hearing Impairment (HI) / Islamic Religious Education Special Needs Education / Grade 6 / Adapted Interactive Digital Content for Learners with Hearing Impairment (HI) / English Special Needs Education / Grade 6 / Adapted Interactive Digital Content for Learners with Hearing Impairment (HI) / Social Studies Special Needs Education / Grade 6 / Adapted Interactive Digital Content for Learners with Hearing Impairment (HI) / Agriculture Special Needs Education / Grade 6 / Adapted Interactive Digital Content for Learners with Hearing Impairment (HI) / Mathematics Special Needs Education / Grade 6 / Adapted Interactive Digital Content for Learners with Visual Impairment (VI) Special Needs Education / Grade 6 / Adapted Interactive Digital Content for Learners with Visual Impairment (VI) / Christian Religious Education Special Needs Education / Grade 6 / Adapted Interactive Digital Content for Learners with Visual Impairment (VI) / Kiswahili Special Needs Education / Grade 6 / Adapted Interactive Digital Content for Learners with Visual Impairment (VI) / English Special Needs Education / Grade 6 / Adapted Interactive Digital Content for Learners with Visual Impairment (VI) / Creative Arts Special Needs Education / Grade 6 / Adapted Interactive Digital Content for Learners with Visual Impairment (VI) / Mathematics Special Needs Education / Grade 6 / Adapted Interactive Digital Content for Learners with Visual Impairment (VI) / Science and Technology Special Needs Education / Grade 6 / Adapted Interactive Digital Content for Learners with Visual Impairment (VI) / Islamic Religious Education Special Needs Education / Grade 6 / Adapted Interactive Digital Content for Learners with Visual Impairment (VI) / Social Studies Special Needs Education / Grade 6 / Adapted Interactive Digital Content for Learners with Visual Impairment (VI) / Agriculture and Nutrition Special Needs Education / Ebooks Special Needs Education / Videos Special Needs Education / Foundational and Stage-Based Special Needs Education / Prevocational Level Special Needs Education / Prevocational Level / Music Special Needs Education / Prevocational Level / Hindu Religious Education Special Needs Education / Prevocational Level / Christian Religious Education Special Needs Education / Prevocational Level / Physical Education Special Needs Education / Prevocational Level / Islamic Religious Education Special Needs Education / Prevocational Level / Social Studies Special Needs Education / Prevocational Level / Prevocational Skills 1 Special Needs Education / Prevocational Level / Prevocational Skills 2 Special Needs Education / Prevocational Level / Prevocational Skills 3 Accessible Digital Textbooks Interactive Simulations for Sciences and Mathematics Interactive Simulations for Sciences and Mathematics / Physics Interactive Simulations for Sciences and Mathematics / Chemistry Interactive Simulations for Sciences and Mathematics / Mathematics Information, Education and Communication(IEC) Materials Information, Education and Communication(IEC) Materials / Child Online Safety Information, Education and Communication(IEC) Materials / Child Road Safety Information, Education and Communication(IEC) Materials / Child Road Safety / Integration Matrices Information, Education and Communication(IEC) Materials / Child Road Safety / Integration Matrices / Early Years Education Information, Education and Communication(IEC) Materials / Child Road Safety / Integration Matrices / Upper Primary Information, Education and Communication(IEC) Materials / Child Road Safety / Integration Matrices / Junior School Information, Education and Communication(IEC) Materials / Child Road Safety / Integration Matrices / Senior School Information, Education and Communication(IEC) Materials / Child Road Safety / Information, Education and Communication(IEC) Materials on Child Road Safety Information, Education and Communication(IEC) Materials / Child Road Safety / Information, Education and Communication(IEC) Materials on Child Road Safety / Early Years Education Information, Education and Communication(IEC) Materials / Child Road Safety / Information, Education and Communication(IEC) Materials on Child Road Safety / Upper Primary Information, Education and Communication(IEC) Materials / Child Road Safety / Information, Education and Communication(IEC) Materials on Child Road Safety / Junior School Information, Education and Communication(IEC) Materials / Child Road Safety / Information, Education and Communication(IEC) Materials on Child Road Safety / Senior School Information, Education and Communication(IEC) Materials / Child Road Safety / Teacher's Handbook Information, Education and Communication(IEC) Materials / Financial Literacy Learners’ Toolkit Teacher Resources Teacher Resources / Educational Resources Materials Development Teacher Resources / Educational Resources Materials Development / CRE Teacher Resources / Educational Resources Materials Development / English Teacher Resources / Educational Resources Materials Development / Environment Teacher Resources / Educational Resources Materials Development / Foundations Teacher Resources / Educational Resources Materials Development / H.R.E Teacher Resources / Educational Resources Materials Development / Hygiene and Nutrition Teacher Resources / Educational Resources Materials Development / I.R.E Teacher Resources / Educational Resources Materials Development / Kiswahili Teacher Resources / Educational Resources Materials Development / Language Activities Teacher Resources / Educational Resources Materials Development / Literacy Skills Teacher Resources / Educational Resources Materials Development / Mathematics Teacher Resources / Educational Resources Materials Development / Movements and Arts Teacher Resources / Pre-Primary Teacher Radio Programmes Teacher Resources / CBC Courses Teacher Resources / Special Needs Educations Teacher Resources / Interactive Digital Content for Teacher Education Teacher Resources / Interactive Digital Content for Teacher Education / English Teacher Resources / Interactive Digital Content for Teacher Education / Music Teacher Resources / Interactive Digital Content for Teacher Education / Christian Religious Education Teacher Resources / Interactive Digital Content for Teacher Education / Art and Craft Teacher Resources / Interactive Digital Content for Teacher Education / Indigenous Languages Teacher Resources / Interactive Digital Content for Teacher Education / Home science Teacher Resources / Interactive Digital Content for Teacher Education / Science and Technology Teacher Resources / Interactive Digital Content for Teacher Education / Islamic Religious Education Teacher Resources / Interactive Digital Content for Teacher Education / Mandarin Teacher Resources / Interactive Digital Content for Teacher Education / Agriculture Teacher Resources / Interactive Digital Content for Teacher Education / Mathematics Teacher Resources / Interactive Digital Content for Teacher Education / French Teacher Resources / Interactive Digital Content for Teacher Education / Hindu Religious Education Teacher Resources / Interactive Digital Content for Teacher Education / Social Studies Teacher Resources / Interactive Digital Content for Teacher Education / Kiswahili Teacher Resources / Interactive Digital Content for Teacher Education / Physical Education Teacher Resources / Interactive Digital Content for Teacher Education / Arabic Parental Resources Financial Literacy Financial Literacy / Financial Literacy for Junior School Financial Literacy / Financial Literacy for Junior School / Taxation Financial Literacy / Financial Literacy for Senior School Financial Literacy / Financial Literacy for Senior School / Taxation Welcome to the UNICEF-KICD collaboration on  Accessible Digital Textbooks(ADTs) for AllUNICEF and its partners are driving an innovative solution called Accessible Digital Textbooks(ADTs) for All, to make textbooks available, affordable and accessible for children with disabilities in all contexts. We cherish the printed word, but it isn’t always accessible to everyone. Children with disabilities remain one of the most marginalised and excluded groups and, for them, gaining access to quality education can often be challenging. By adding specific features to digital formats and following Universal Design for Learning principles, textbooks can be made accessible to students who are blind or have low vision, to those who are deaf or hard of hearing, and to those who have intellectual, developmental or learning disabilities, among others. And it doesn’t stop there: these features can enrich the learning experience for all children.The initiative brings writers, publishers, teachers, organisations of persons with disabilities, technologists and ministry of education representatives together to develop the guidelines needed to produce textbooks in accessible digital formats. They jointly set standards for features like narration, sign language, interactivity and the audio description of images. The Accessible Digital Textbooks for All initiative improves access to education, helping all children to learn and thrive together.All children learning and thriving together!The UNICEF Children with Disabilities Programme Division, based at Headquarters in New York, is currently leading this project. Search lessons Search Hygiene and Nutrition Grade 1 Strand 1: Healthy HabitsSee moreHygiene and Nutrition Grade 1 Strand 2: Personal HygieneSee moreHygiene and Nutrition Grade 1 Strand 3: FoodSee moreHygiene and Nutrition Grade 1 Strand 4: Safety EducationSee more Hygiene and Nutrition Grade 1 Strand 1: Healthy HabitsSee moreHygiene and Nutrition Grade 1 Strand 2: Personal HygieneSee moreHygiene and Nutrition Grade 1 Strand 3: FoodSee moreHygiene and Nutrition Grade 1 Strand 4: Safety EducationSee more Hygiene and Nutrition Grade 1 Strand 1: Healthy Habits Hygiene and Nutrition Grade 1 Strand 2: Personal Hygiene Hygiene and Nutrition Grade 1 Strand 3: Food Hygiene and Nutrition Grade 1 Strand 4: Safety Education Digital Content | Kenya Education Cloud | Unlimited Learning Experiences Skip to main content (Login) Accessible Digital Textbooks Home Lessons Accessible Digital Textbooks Lesson categories: Pre-Primary Pre-Primary / Radio Lessons Pre-Primary / Educhannel Video Lessons Pre-Primary / Educhannel Video Lessons / Language Activities Pre-Primary / Educhannel Video Lessons / Mathematics Pre-Primary / Educhannel Video Lessons / Our School Pre-Primary / Educhannel Video Lessons / Picture Making Pre-Primary / Educhannel Video Lessons / Social Environment Pre-Primary / Educhannel Video Lessons / Pre-Primary 1 Pre-Primary / Educhannel Video Lessons / Pre-Primary 2 Pre-Primary / Interactive digital Content Pre-Primary / Ebooks Primary Education Primary Education / Grade 1 Primary Education / Grade 1 / Educhannel TV Lessons Primary Education / Grade 1 / Educhannel TV Lessons / English Primary Education / Grade 1 / Educhannel TV Lessons / Mathematics Primary Education / Grade 1 / Educhannel TV Lessons / Kiswahili Primary Education / Grade 1 / Educhannel TV Lessons / Kenya Sign Language(KSL) Primary Education / Grade 1 / Educhannel TV Lessons / Hygiene and nutrition Primary Education / Grade 1 / Educhannel TV Lessons / Environmental Activities Primary Education / Grade 1 / Interactive Digital Content Primary Education / Grade 1 / Radio Lessons Primary Education / Grade 1 / Radio Lessons / Mathematics Primary Education / Grade 1 / Radio Lessons / Mathematics / Grade 1 Term 2 Primary Education / Grade 1 / Radio Lessons / Mathematics / Grade 1 Term 3 Primary Education / Grade 1 / Radio Lessons / Kiswahili Primary Education / Grade 1 / Radio Lessons / Kiswahili / Grade 1 Term 2 Primary Education / Grade 1 / Radio Lessons / Kiswahili / Grade 1 Term 3 Primary Education / Grade 1 / Radio Lessons / English Primary Education / Grade 1 / Radio Lessons / English / Grade 1 Term 2 Primary Education / Grade 1 / Radio Lessons / English / Grade 1 Term 3 Primary Education / Grade 1 / Ebooks Primary Education / Grade 1 / Ebooks / Tusome readers Primary Education / Grade 1 / Ebooks / Indigenous Languages Primary Education / Grade 2 Primary Education / Grade 2 / Interactive Digital Content Primary Education / Grade 2 / Educhannel Tv Lessons Primary Education / Grade 2 / Educhannel Tv Lessons / Mathematics Primary Education / Grade 2 / Educhannel Tv Lessons / English Primary Education / Grade 2 / Radio Lessons Primary Education / Grade 2 / Radio Lessons / Mathematics Primary Education / Grade 2 / Radio Lessons / Mathematics / Grade 2 Term 2 Primary Education / Grade 2 / Radio Lessons / English Primary Education / Grade 2 / Radio Lessons / English / Grade 2 Term 2 Primary Education / Grade 2 / Radio Lessons / English / Grade 2 Term 3 Primary Education / Grade 2 / Radio Lessons / Kiswahili Primary Education / Grade 2 / Radio Lessons / Kiswahili / Grade 2 Term 3 Primary Education / Grade 2 / Hygiene and Nutrition Primary Education / Grade 2 / Hygiene and Nutrition / Grade 2 Term 2 Primary Education / Grade 2 / E-books Primary Education / Grade 2 / E-books / Tusome Readers Primary Education / Grade 3 Primary Education / Grade 3 / Radio Lessons Primary Education / Grade 3 / Radio Lessons / Mathematics Primary Education / Grade 3 / Radio Lessons / Mathematics / Grade 3 Term 2 Primary Education / Grade 3 / Radio Lessons / Mathematics / Grade 3 Term 3 Primary Education / Grade 3 / Radio Lessons / English Primary Education / Grade 3 / Radio Lessons / English / Grade 3 Term 2 Primary Education / Grade 3 / Radio Lessons / English / Grade 3 Term 3 Primary Education / Grade 3 / Radio Lessons / Environmental Activities Primary Education / Grade 3 / Radio Lessons / Environmental Activities / Grade 3 Term 2 Primary Education / Grade 3 / Radio Lessons / Kiswahili Primary Education / Grade 3 / Radio Lessons / Kiswahili / Grade 3 Term 3 Primary Education / Grade 3 / Educhannel TV Lessons Primary Education / Grade 3 / Educhannel TV Lessons / Mathematics Primary Education / Grade 3 / Educhannel TV Lessons / English Primary Education / Grade 3 / Educhannel TV Lessons / Kiswahili Primary Education / Grade 3 / Educhannel TV Lessons / Hygiene and Nutrition Primary Education / Grade 3 / Educhannel TV Lessons / Environmental Activities Primary Education / Grade 3 / Interactive Digital Content Primary Education / Grade 3 / EBooks Primary Education / Grade 3 / Tusome English Video Lessons Primary Education / Grade 3 / Tusome English Video Lessons / Tusome English Grade 3 Lessons Primary Education / Grade 4 Primary Education / Grade 4 / Educhannel Tv Lessons Primary Education / Grade 4 / Educhannel Tv Lessons / Home Science Primary Education / Grade 4 / Educhannel Tv Lessons / Agriculture Primary Education / Grade 4 / Educhannel Tv Lessons / Music Primary Education / Grade 4 / Educhannel Tv Lessons / Physical Education Primary Education / Grade 4 / Educhannel Tv Lessons / Art and Craft Primary Education / Grade 4 / Educhannel Tv Lessons / Kenya Sign Language Primary Education / Grade 4 / Educhannel Tv Lessons / Mathematics Primary Education / Grade 4 / Educhannel Tv Lessons / Science and Technology Primary Education / Grade 4 / Educhannel Tv Lessons / Social Studies Primary Education / Grade 4 / Educhannel Tv Lessons / English Primary Education / Grade 4 / Educhannel Tv Lessons / Kiswahili Primary Education / Grade 4 / Educhannel Tv Lessons / Environmental Activity Primary Education / Grade 4 / Radio lessons Primary Education / Grade 4 / Radio lessons / Social Studies Primary Education / Grade 4 / Radio lessons / Social Studies / Grade 4 Term 2 Primary Education / Grade 4 / Radio lessons / Social Studies / Grade 4 Term 3 Primary Education / Grade 4 / Radio lessons / CRE Primary Education / Grade 4 / Radio lessons / CRE / Grade 4 Term 2 Primary Education / Grade 4 / Radio lessons / English Primary Education / Grade 4 / Radio lessons / English / Grade 4 Term 2 Primary Education / Grade 4 / Radio lessons / English / Grade 4 Term 3 Primary Education / Grade 4 / Radio lessons / Hygiene and Nutrition Primary Education / Grade 4 / Radio lessons / Hygiene and Nutrition / Grade 4 Term 1 Primary Education / Grade 4 / Radio lessons / IRE Primary Education / Grade 4 / Radio lessons / IRE / Grade 4 Term 2 Primary Education / Grade 4 / Radio lessons / Science and Technology Primary Education / Grade 4 / Radio lessons / Science and Technology / Grade 4 Term 3 Primary Education / Grade 4 / Radio lessons / Agriculture Primary Education / Grade 4 / Radio lessons / Agriculture / Grade 4 Term 3 Primary Education / Grade 4 / Radio lessons / Mathematics Primary Education / Grade 4 / Radio lessons / Mathematics / Grade 4 Term 3 Primary Education / Grade 4 / SNE Primary Education / Grade 4 / Interactive Digital Content Primary Education / Grade 5 Primary Education / Grade 5 / Educhannel Tv Lessons Primary Education / Grade 5 / Educhannel Tv Lessons / English Primary Education / Grade 5 / Educhannel Tv Lessons / Kiswahili Primary Education / Grade 5 / Educhannel Tv Lessons / Mathematics Primary Education / Grade 5 / Radio Lessons Primary Education / Grade 5 / Radio Lessons / English Primary Education / Grade 5 / Radio Lessons / Science and Technology Primary Education / Grade 5 / Radio Lessons / Agriculture Primary Education / Grade 5 / Radio Lessons / Social studies Primary Education / Grade 5 / Radio Lessons / Christian Religious Education Primary Education / Grade 5 / Radio Lessons / Mathematics Primary Education / Grade 5 / Interactive Digital Content Primary Education / Grade 6 Primary Education / Grade 6 / Radio Lessons Primary Education / Grade 6 / Radio Lessons / CRE Primary Education / Grade 6 / Radio Lessons / Social Studies Primary Education / Grade 6 / Radio Lessons / Science Primary Education / Grade 6 / Radio Lessons / Kiswahili Primary Education / Grade 6 / Radio Lessons / English Primary Education / Grade 6 / Radio Lessons / Mathematics Primary Education / Grade 6 / Educhannel TV Lessons Primary Education / Grade 6 / Educhannel TV Lessons / Kiswahili Primary Education / Grade 6 / Educhannel TV Lessons / Agriculture Primary Education / Grade 6 / Educhannel TV Lessons / Art and Craft Primary Education / Grade 6 / Educhannel TV Lessons / English Primary Education / Grade 6 / Educhannel TV Lessons / Home Science Primary Education / Grade 6 / Educhannel TV Lessons / Music Primary Education / Grade 6 / Educhannel TV Lessons / Science and technology Primary Education / Grade 6 / Educhannel TV Lessons / Physical health education Primary Education / Grade 6 / Interactive Digital Content Junior School Junior School / Grade 8 Junior School / Grade 8 / Educhannel Tv Lessons Junior School / Grade 8 / Radio Lessons Junior School / Grade 8 / Interactive Digital Content Junior School / Grade 7 Junior School / Grade 7 / Educhannel TV lessons Junior School / Grade 7 / Radio Lessons Junior School / Grade 7 / Radio Lessons / Mathematics Junior School / Grade 7 / Radio Lessons / Kiswahili Junior School / Grade 7 / Radio Lessons / English Junior School / Grade 7 / Radio Lessons / Christian Religious Education Junior School / Grade 7 / Radio Lessons / Integrated Science Junior School / Grade 7 / Radio Lessons / Social Studies Junior School / Grade 7 / Radio Lessons / Pre-Technical Studies Junior School / Grade 7 / Interactive Digital Content Secondary Education Secondary Education / Form 1 Secondary Education / Form 1 / Interactive Digital Content Secondary Education / Form 1 / Educhannel Tv Lessons Secondary Education / Form 1 / Educhannel Tv Lessons / Mathematics Secondary Education / Form 1 / Educhannel Tv Lessons / English Secondary Education / Form 1 / Educhannel Tv Lessons / Physics Secondary Education / Form 1 / Educhannel Tv Lessons / Biology Secondary Education / Form 1 / Educhannel Tv Lessons / Chemistry Secondary Education / Form 1 / Educhannel Tv Lessons / Kiswahili Secondary Education / Form 1 / Educhannel Tv Lessons / History and Government Secondary Education / Form 1 / Educhannel Tv Lessons / Business Studies Secondary Education / Form 1 / Radio Lessons Secondary Education / Form 1 / Ebooks Secondary Education / Form 2 Secondary Education / Form 2 / Interactive Digital Content Secondary Education / Form 2 / Educhannel Tv Lessons Secondary Education / Form 2 / Educhannel Tv Lessons / Physics Secondary Education / Form 2 / Radio Lessons Secondary Education / Form 2 / Radio Lessons / Biology Secondary Education / Form 3 Secondary Education / Form 3 / Interactive Digital Content Secondary Education / Form 3 / Educhannel Tv Lessons Secondary Education / Form 3 / Educhannel Tv Lessons / Mathematics Secondary Education / Form 3 / Educhannel Tv Lessons / English Secondary Education / Form 3 / Educhannel Tv Lessons / Kiswahili Secondary Education / Form 3 / Educhannel Tv Lessons / Biology Secondary Education / Form 3 / Educhannel Tv Lessons / Chemistry Secondary Education / Form 3 / Educhannel Tv Lessons / Physics Secondary Education / Form 3 / Educhannel Tv Lessons / Business Studies Secondary Education / Form 3 / Educhannel Tv Lessons / History and Government Secondary Education / Form 3 / Radio Lessons Secondary Education / Form 4 Secondary Education / Form 4 / Interactive Digital Content Secondary Education / Form 4 / Educhannel Tv Lessons Secondary Education / Form 4 / Educhannel Tv Lessons / Form 4 Mathematics Secondary Education / Form 4 / Educhannel Tv Lessons / Form 4 English Secondary Education / Form 4 / Educhannel Tv Lessons / Form 4 Physics Secondary Education / Form 4 / Educhannel Tv Lessons / Form 4 Biology Secondary Education / Form 4 / Educhannel Tv Lessons / Form 4 Kiswahili Secondary Education / Form 4 / Educhannel Tv Lessons / Form 4 Chemistry Secondary Education / Form 4 / Educhannel Tv Lessons / Form 4 History and Government Secondary Education / Form 4 / Educhannel Tv Lessons / Form 4 Business Studies Secondary Education / Form 4 / Radio Lessons Secondary Education / Form 4 / Radio Lessons / Mathematics Secondary Education / Form 4 / Radio Lessons / Mathematics / Form 4 Term 1 Secondary Education / Form 4 / Radio Lessons / Mathematics / Form 4 Term 2 Secondary Education / Form 4 / Radio Lessons / Mathematics / Form 4 Term 3 General Knowledge General Knowledge / VOA Connect General Knowledge / Ask the expert General Knowledge / Citizenship and Democracy General Knowledge / Digital Story General Knowledge / Impacted Educhannel Lessons Educhannel Lessons / English Educhannel Lessons / English / Transport and travel Educhannel Lessons / English / Pronunciation skills Educhannel Lessons / English / Listening and speaking Educhannel Lessons / English / Family Educhannel Lessons / English / Environment Educhannel Lessons / English / Drug and Substance Educhannel Lessons / Agriculture Educhannel Lessons / Biology Educhannel Lessons / Biology / Living Things Educhannel Lessons / Biology / Secretion and homeostasis Educhannel Lessons / Biology / Support and movement Educhannel Lessons / Business Studies Educhannel Lessons / Chemistry Educhannel Lessons / Earth Movement and Volcanicity Educhannel Lessons / Environmental Activities Educhannel Lessons / Geograpghy Educhannel Lessons / History Educhannel Lessons / History / Kenyan History Educhannel Lessons / Homescience Educhannel Lessons / Homescience / Basic care clothing Educhannel Lessons / Kiswahili Educhannel Lessons / Kiswahili / Primary Educhannel Lessons / Kiswahili / Primary / Darasa 4-5 Educhannel Lessons / Kiswahili / Secondary Educhannel Lessons / Kiswahili / Secondary / Isimu Jamii Educhannel Lessons / Kiswahili / Secondary / Sarufi Educhannel Lessons / Mathematics Educhannel Lessons / Mathematics / Secondary Educhannel Lessons / Mathematics / Secondary / Commercial Arithmetics Educhannel Lessons / Mathematics / Primary Educhannel Lessons / Mathematics / Primary / Class 5-8 Educhannel Lessons / Mathematics / Primary / Class 5-8 / Practical uses of Money Educhannel Lessons / Mathematics / Primary / Class 5-8 / Measurement Educhannel Lessons / Organic Chemistry Educhannel Lessons / Performing Music Educhannel Lessons / Homescience Educhannel Lessons / Homescience / Basic care of clothing Educhannel Lessons / Art and Craft Educhannel Lessons / Physics Educhannel Lessons / Physics / Thermodynamics Educhannel Lessons / Physics / Mechanics Educhannel Lessons / Physics / Electricity and Magnetism Educhannel Lessons / The Doyen Exposition Educhannel Lessons / Science Educhannel Lessons / Science / Making work easier Educhannel Lessons / Science / Living Things Educhannel Lessons / Science / Energy conservation Educhannel Lessons / Physical and Health Education Educhannel Lessons / Physical and Health Education / Grade 1-4 Open Education Resourses(OERs) Open Education Resourses(OERs) / Movement and Creative Activities Open Education Resourses(OERs) / 	Religious Education Activities Open Education Resourses(OERs) / Mathematical Activities Open Education Resourses(OERs) / Environmental Activities Open Education Resourses(OERs) / Kiswahili Language Open Education Resourses(OERs) / LTK | Concordia University Open Education Resourses(OERs) / Hygiene and Nutrition Open Education Resourses(OERs) / ENGLISH LANGUAGE ACTIVITIES Open Education Resourses(OERs) / Casio Materials Open Education Resourses(OERs) / Health Education Open Education Resourses(OERs) / Carbon Literacy Special Needs Education Special Needs Education / Grade 1 Special Needs Education / Grade 1 / Adapted Interactive Digital Content for Hearing Impaired(HI) Special Needs Education / Grade 1 / Adapted Interactive Digital Content for Hearing Impaired(HI) / English Activities Special Needs Education / Grade 1 / Adapted Interactive Digital Content for Hearing Impaired(HI) / Environmental Activities Special Needs Education / Grade 1 / Adapted Interactive Digital Content for Hearing Impaired(HI) / Creative Activities Special Needs Education / Grade 1 / Adapted Interactive Digital Content for Visual Impaired(VI) Special Needs Education / Grade 2 Special Needs Education / Grade 2 / Adapted Interactive Digital Content for Hearing Impaired(HI) Special Needs Education / Grade 2 / Adapted Interactive Digital Content for Hearing Impaired(HI) / Mathematics Grade 2 Special Needs Education / Grade 2 / Adapted Interactive Digital Content for Hearing Impaired(HI) / Environmental Activities Grade 2 Special Needs Education / Grade 2 / Adapted Interactive Digital Content for Hearing Impaired(HI) / Hygiene and Nutrition Grade 2 Special Needs Education / Grade 2 / Adapted Interactive Digital Content for Hearing Impaired(HI) / Christian Religious Education Grade 2 (HI) Special Needs Education / Grade 2 / Adapted Interactive Digital Content for Hearing Impaired(HI) / Literacy Activities Grade2 (HI) Special Needs Education / Grade 2 / Adapted Interactive Digital Content for Hearing Impaired(HI) / English Activities Grad2 H.I Special Needs Education / Grade 2 / Adapted Interactive Digital Content for Hearing Impaired(HI) / Creative Activities Grade2 -H.I Special Needs Education / Grade 2 / Adapted Interactive Digital Content for Visual Impaired(VI) Special Needs Education / Grade 2 / Adapted Interactive Digital Content for Visual Impaired(VI) / Mathematics Special Needs Education / Grade 2 / Adapted Interactive Digital Content for Visual Impaired(VI) / Kiswahili Special Needs Education / Grade 2 / Adapted Interactive Digital Content for Visual Impaired(VI) / English Special Needs Education / Grade 2 / Adapted Interactive Digital Content for Visual Impaired(VI) / Creative Activities Special Needs Education / Grade 2 / Adapted Interactive Digital Content for Visual Impaired(VI) / CRE Special Needs Education / Grade 3 Special Needs Education / Grade 3 / Adapted Interactive Digital Content for Learners with Hearing Impairment (HI) Special Needs Education / Grade 3 / Adapted Interactive Digital Content for Learners with Hearing Impairment (HI) / Visual Arts Special Needs Education / Grade 3 / Adapted Interactive Digital Content for Learners with Hearing Impairment (HI) / English Special Needs Education / Grade 3 / Adapted Interactive Digital Content for Learners with Hearing Impairment (HI) / Hygiene and Nutrition Special Needs Education / Grade 3 / Adapted Interactive Digital Content for Learners with Hearing Impairment (HI) / Music Special Needs Education / Grade 3 / Adapted Interactive Digital Content for Learners with Hearing Impairment (HI) / Mathematics Special Needs Education / Grade 3 / Adapted Interactive Digital Content for Learners with Hearing Impairment (HI) / Environmental Special Needs Education / Grade 3 / Adapted Interactive Digital Content for Learners with Hearing Impairment (HI) / CRE Special Needs Education / Grade 3 / Adapted Interactive Digital Content for Learners with Visual Impairment (VI) Special Needs Education / Grade 3 / Adapted Interactive Digital Content for Learners with Visual Impairment (VI) / Music Special Needs Education / Grade 3 / Adapted Interactive Digital Content for Learners with Visual Impairment (VI) / Mathematics Special Needs Education / Grade 3 / Adapted Interactive Digital Content for Learners with Visual Impairment (VI) / Visual Arts Special Needs Education / Grade 3 / Adapted Interactive Digital Content for Learners with Visual Impairment (VI) / Kiswahili Special Needs Education / Grade 3 / Adapted Interactive Digital Content for Learners with Visual Impairment (VI) / Hygiene and Nutrition Special Needs Education / Grade 3 / Adapted Interactive Digital Content for Learners with Visual Impairment (VI) / Environmental Special Needs Education / Grade 3 / Adapted Interactive Digital Content for Learners with Visual Impairment (VI) / English Special Needs Education / Grade 3 / Adapted Interactive Digital Content for Learners with Visual Impairment (VI) / CRE Special Needs Education / Grade 4 Special Needs Education / Grade 4 / Adapted Interactive Digital Content for Learners with Hearing Impairment (HI) Special Needs Education / Grade 4 / Adapted Interactive Digital Content for Learners with Hearing Impairment (HI) / Mathematics Special Needs Education / Grade 4 / Adapted Interactive Digital Content for Learners with Hearing Impairment (HI) / English Special Needs Education / Grade 4 / Adapted Interactive Digital Content for Learners with Hearing Impairment (HI) / Science and Technology Special Needs Education / Grade 4 / Adapted Interactive Digital Content for Learners with Hearing Impairment (HI) / Agriculture Special Needs Education / Grade 4 / Adapted Interactive Digital Content for Learners with Hearing Impairment (HI) / Social Studies Special Needs Education / Grade 4 / Adapted Interactive Digital Content for Learners with Hearing Impairment (HI) / Home Science Special Needs Education / Grade 4 / Adapted Interactive Digital Content for Learners with Hearing Impairment (HI) / Art and Craft Special Needs Education / Grade 4 / Adapted Interactive Digital Content for Learners with Hearing Impairment (HI) / Music Special Needs Education / Grade 4 / Adapted Interactive Digital Content for Learners with Hearing Impairment (HI) / Christian Religious Education (CRE) Special Needs Education / Grade 4 / Adapted Interactive Digital Content for Learners with Visual Impairment (VI) Special Needs Education / Grade 4 / Adapted Interactive Digital Content for Learners with Visual Impairment (VI) / Mathematics Special Needs Education / Grade 4 / Adapted Interactive Digital Content for Learners with Visual Impairment (VI) / English Special Needs Education / Grade 4 / Adapted Interactive Digital Content for Learners with Visual Impairment (VI) / Kiswahili Special Needs Education / Grade 4 / Adapted Interactive Digital Content for Learners with Visual Impairment (VI) / Science and Technology Special Needs Education / Grade 4 / Adapted Interactive Digital Content for Learners with Visual Impairment (VI) / Agriculture Special Needs Education / Grade 4 / Adapted Interactive Digital Content for Learners with Visual Impairment (VI) / Social Studies Special Needs Education / Grade 4 / Adapted Interactive Digital Content for Learners with Visual Impairment (VI) / Home Science Special Needs Education / Grade 4 / Adapted Interactive Digital Content for Learners with Visual Impairment (VI) / Art and Craft Special Needs Education / Grade 4 / Adapted Interactive Digital Content for Learners with Visual Impairment (VI) / Christian Religious Education (CRE) Special Needs Education / Grade 4 / Adapted Interactive Digital Content for Learners with Visual Impairment (VI) / Music Special Needs Education / Grade 5 Special Needs Education / Grade 5 / Adapted Interactive Digital Content for Learners with Hearing Impairment (HI) Special Needs Education / Grade 5 / Adapted Interactive Digital Content for Learners with Hearing Impairment (HI) / English Special Needs Education / Grade 5 / Adapted Interactive Digital Content for Learners with Hearing Impairment (HI) / Christian Religious Education Special Needs Education / Grade 5 / Adapted Interactive Digital Content for Learners with Hearing Impairment (HI) / Social Studies Special Needs Education / Grade 5 / Adapted Interactive Digital Content for Learners with Hearing Impairment (HI) / Agriculture and Nutrition Special Needs Education / Grade 5 / Adapted Interactive Digital Content for Learners with Hearing Impairment (HI) / Creative Arts Special Needs Education / Grade 5 / Adapted Interactive Digital Content for Learners with Hearing Impairment (HI) / Mathematics Special Needs Education / Grade 5 / Adapted Interactive Digital Content for Learners with Hearing Impairment (HI) / Science and Technology Special Needs Education / Grade 5 / Adapted Interactive Digital Content for Learners with Hearing Impairment (HI) / Islamic Religious Education Special Needs Education / Grade 5 / Adapted Interactive Digital Content for Learners with Visual Impairment (VI) Special Needs Education / Grade 5 / Adapted Interactive Digital Content for Learners with Visual Impairment (VI) / Creative Arts Special Needs Education / Grade 5 / Adapted Interactive Digital Content for Learners with Visual Impairment (VI) / Social Studies Special Needs Education / Grade 5 / Adapted Interactive Digital Content for Learners with Visual Impairment (VI) / Kiswahili Special Needs Education / Grade 5 / Adapted Interactive Digital Content for Learners with Visual Impairment (VI) / Christian Religious Education Special Needs Education / Grade 5 / Adapted Interactive Digital Content for Learners with Visual Impairment (VI) / Science and Technology Special Needs Education / Grade 5 / Adapted Interactive Digital Content for Learners with Visual Impairment (VI) / Agriculture and Nutrition Special Needs Education / Grade 5 / Adapted Interactive Digital Content for Learners with Visual Impairment (VI) / Islamic Religious Education Special Needs Education / Grade 5 / Adapted Interactive Digital Content for Learners with Visual Impairment (VI) / Mathematics Special Needs Education / Grade 5 / Adapted Interactive Digital Content for Learners with Visual Impairment (VI) / English Special Needs Education / Grade 6 Special Needs Education / Grade 6 / Adapted Interactive Digital Content for Learners with Hearing Impairment (HI) Special Needs Education / Grade 6 / Adapted Interactive Digital Content for Learners with Hearing Impairment (HI) / Science and Technology Special Needs Education / Grade 6 / Adapted Interactive Digital Content for Learners with Hearing Impairment (HI) / Christian Religious Education Special Needs Education / Grade 6 / Adapted Interactive Digital Content for Learners with Hearing Impairment (HI) / Creative Arts Special Needs Education / Grade 6 / Adapted Interactive Digital Content for Learners with Hearing Impairment (HI) / Islamic Religious Education Special Needs Education / Grade 6 / Adapted Interactive Digital Content for Learners with Hearing Impairment (HI) / English Special Needs Education / Grade 6 / Adapted Interactive Digital Content for Learners with Hearing Impairment (HI) / Social Studies Special Needs Education / Grade 6 / Adapted Interactive Digital Content for Learners with Hearing Impairment (HI) / Agriculture Special Needs Education / Grade 6 / Adapted Interactive Digital Content for Learners with Hearing Impairment (HI) / Mathematics Special Needs Education / Grade 6 / Adapted Interactive Digital Content for Learners with Visual Impairment (VI) Special Needs Education / Grade 6 / Adapted Interactive Digital Content for Learners with Visual Impairment (VI) / Christian Religious Education Special Needs Education / Grade 6 / Adapted Interactive Digital Content for Learners with Visual Impairment (VI) / Kiswahili Special Needs Education / Grade 6 / Adapted Interactive Digital Content for Learners with Visual Impairment (VI) / English Special Needs Education / Grade 6 / Adapted Interactive Digital Content for Learners with Visual Impairment (VI) / Creative Arts Special Needs Education / Grade 6 / Adapted Interactive Digital Content for Learners with Visual Impairment (VI) / Mathematics Special Needs Education / Grade 6 / Adapted Interactive Digital Content for Learners with Visual Impairment (VI) / Science and Technology Special Needs Education / Grade 6 / Adapted Interactive Digital Content for Learners with Visual Impairment (VI) / Islamic Religious Education Special Needs Education / Grade 6 / Adapted Interactive Digital Content for Learners with Visual Impairment (VI) / Social Studies Special Needs Education / Grade 6 / Adapted Interactive Digital Content for Learners with Visual Impairment (VI) / Agriculture and Nutrition Special Needs Education / Ebooks Special Needs Education / Videos Special Needs Education / Foundational and Stage-Based Special Needs Education / Prevocational Level Special Needs Education / Prevocational Level / Music Special Needs Education / Prevocational Level / Hindu Religious Education Special Needs Education / Prevocational Level / Christian Religious Education Special Needs Education / Prevocational Level / Physical Education Special Needs Education / Prevocational Level / Islamic Religious Education Special Needs Education / Prevocational Level / Social Studies Special Needs Education / Prevocational Level / Prevocational Skills 1 Special Needs Education / Prevocational Level / Prevocational Skills 2 Special Needs Education / Prevocational Level / Prevocational Skills 3 Accessible Digital Textbooks Interactive Simulations for Sciences and Mathematics Interactive Simulations for Sciences and Mathematics / Physics Interactive Simulations for Sciences and Mathematics / Chemistry Interactive Simulations for Sciences and Mathematics / Mathematics Information, Education and Communication(IEC) Materials Information, Education and Communication(IEC) Materials / Child Online Safety Information, Education and Communication(IEC) Materials / Child Road Safety Information, Education and Communication(IEC) Materials / Child Road Safety / Integration Matrices Information, Education and Communication(IEC) Materials / Child Road Safety / Integration Matrices / Early Years Education Information, Education and Communication(IEC) Materials / Child Road Safety / Integration Matrices / Upper Primary Information, Education and Communication(IEC) Materials / Child Road Safety / Integration Matrices / Junior School Information, Education and Communication(IEC) Materials / Child Road Safety / Integration Matrices / Senior School Information, Education and Communication(IEC) Materials / Child Road Safety / Information, Education and Communication(IEC) Materials on Child Road Safety Information, Education and Communication(IEC) Materials / Child Road Safety / Information, Education and Communication(IEC) Materials on Child Road Safety / Early Years Education Information, Education and Communication(IEC) Materials / Child Road Safety / Information, Education and Communication(IEC) Materials on Child Road Safety / Upper Primary Information, Education and Communication(IEC) Materials / Child Road Safety / Information, Education and Communication(IEC) Materials on Child Road Safety / Junior School Information, Education and Communication(IEC) Materials / Child Road Safety / Information, Education and Communication(IEC) Materials on Child Road Safety / Senior School Information, Education and Communication(IEC) Materials / Child Road Safety / Teacher's Handbook Information, Education and Communication(IEC) Materials / Financial Literacy Learners’ Toolkit Teacher Resources Teacher Resources / Educational Resources Materials Development Teacher Resources / Educational Resources Materials Development / CRE Teacher Resources / Educational Resources Materials Development / English Teacher Resources / Educational Resources Materials Development / Environment Teacher Resources / Educational Resources Materials Development / Foundations Teacher Resources / Educational Resources Materials Development / H.R.E Teacher Resources / Educational Resources Materials Development / Hygiene and Nutrition Teacher Resources / Educational Resources Materials Development / I.R.E Teacher Resources / Educational Resources Materials Development / Kiswahili Teacher Resources / Educational Resources Materials Development / Language Activities Teacher Resources / Educational Resources Materials Development / Literacy Skills Teacher Resources / Educational Resources Materials Development / Mathematics Teacher Resources / Educational Resources Materials Development / Movements and Arts Teacher Resources / Pre-Primary Teacher Radio Programmes Teacher Resources / CBC Courses Teacher Resources / Special Needs Educations Teacher Resources / Interactive Digital Content for Teacher Education Teacher Resources / Interactive Digital Content for Teacher Education / English Teacher Resources / Interactive Digital Content for Teacher Education / Music Teacher Resources / Interactive Digital Content for Teacher Education / Christian Religious Education Teacher Resources / Interactive Digital Content for Teacher Education / Art and Craft Teacher Resources / Interactive Digital Content for Teacher Education / Indigenous Languages Teacher Resources / Interactive Digital Content for Teacher Education / Home science Teacher Resources / Interactive Digital Content for Teacher Education / Science and Technology Teacher Resources / Interactive Digital Content for Teacher Education / Islamic Religious Education Teacher Resources / Interactive Digital Content for Teacher Education / Mandarin Teacher Resources / Interactive Digital Content for Teacher Education / Agriculture Teacher Resources / Interactive Digital Content for Teacher Education / Mathematics Teacher Resources / Interactive Digital Content for Teacher Education / French Teacher Resources / Interactive Digital Content for Teacher Education / Hindu Religious Education Teacher Resources / Interactive Digital Content for Teacher Education / Social Studies Teacher Resources / Interactive Digital Content for Teacher Education / Kiswahili Teacher Resources / Interactive Digital Content for Teacher Education / Physical Education Teacher Resources / Interactive Digital Content for Teacher Education / Arabic Parental Resources Financial Literacy Financial Literacy / Financial Literacy for Junior School Financial Literacy / Financial Literacy for Junior School / Taxation Financial Literacy / Financial Literacy for Senior School Financial Literacy / Financial Literacy for Senior School / Taxation Welcome to the UNICEF-KICD collaboration on  Accessible Digital Textbooks(ADTs) for AllUNICEF and its partners are driving an innovative solution called Accessible Digital Textbooks(ADTs) for All, to make textbooks available, affordable and accessible for children with disabilities in all contexts. We cherish the printed word, but it isn’t always accessible to everyone. Children with disabilities remain one of the most marginalised and excluded groups and, for them, gaining access to quality education can often be challenging. By adding specific features to digital formats and following Universal Design for Learning principles, textbooks can be made accessible to students who are blind or have low vision, to those who are deaf or hard of hearing, and to those who have intellectual, developmental or learning disabilities, among others. And it doesn’t stop there: these features can enrich the learning experience for all children.The initiative brings writers, publishers, teachers, organisations of persons with disabilities, technologists and ministry of education representatives together to develop the guidelines needed to produce textbooks in accessible digital formats. They jointly set standards for features like narration, sign language, interactivity and the audio description of images. The Accessible Digital Textbooks for All initiative improves access to education, helping all children to learn and thrive together.All children learning and thriving together!The UNICEF Children with Disabilities Programme Division, based at Headquarters in New York, is currently leading this project. Search lessons Search Hygiene and Nutrition Grade 1 Strand 1: Healthy HabitsSee moreHygiene and Nutrition Grade 1 Strand 2: Personal HygieneSee moreHygiene and Nutrition Grade 1 Strand 3: FoodSee moreHygiene and Nutrition Grade 1 Strand 4: Safety EducationSee more Home Calendar Pre-primary Pre-Primary 1 Pre-Primary 2 Primary Grade 1 Grade 2 Grade 3 Grade 4 Grade 5 Grade 6 Secondary Grade 7 Grade 8 Form 1 Form 2 Form 3 Form 4 OER's SNE The Kenya Education Cloud (KEC) is a digital platform designed to enhance teaching and learning in Kenya by providing a wide range of digital educational resources. Serving as a centralized hub for e-learning, it promotes access to interactive content, supports modern pedagogical methods, and fosters collaboration among educators and learners. External Links Ministry of Education Kenya National Examinations Council Teachers Service Commission Kenya Kenya Institute of Special Education (KISE) ICT Authority TVET Authority Elimika Additional Resources Accessible Digital Textbook (ADT) Curriculum Reports Parental Resources Child Online Protection Guidelines Our Contacts Kenya Institute of Curriculum DevelopmentDesai Rd, Off Muranga Rd,Nairobi, Kenya. Telephone Contacts+254 729327331 +254 729327334 Email Addressinfo@kicd.ac.ke Kenya Education Cloud © 2024. All rights reserved. Privacy Policy Terms & Conditions (Login) Data retention summary","['mathematics', 'english', 'kiswahili', 'biology', 'chemistry', 'physics', 'geography', 'history', 'business', 'computer', 'agriculture', 'home_science', 'art', 'music', 'physical_education', 'religious_education']",form_1,cbc,[],2025-09-08T00:49:49.136705,unknown,special,accessible_digital_textbook,,
https://lms.kec.ac.ke/course/index.php?categoryid=66,Primary Education,"Kenya Education Cloud is your ultimate digital learning hub, providing access to curated e-learning resources, educational tools, and innovative content for students, teachers, and institutions.","Primary Education Home Lessons Primary Education Lesson categories: Pre-Primary Pre-Primary / Radio Lessons Pre-Primary / Educhannel Video Lessons Pre-Primary / Educhannel Video Lessons / Language Activities Pre-Primary / Educhannel Video Lessons / Mathematics Pre-Primary / Educhannel Video Lessons / Our School Pre-Primary / Educhannel Video Lessons / Picture Making Pre-Primary / Educhannel Video Lessons / Social Environment Pre-Primary / Educhannel Video Lessons / Pre-Primary 1 Pre-Primary / Educhannel Video Lessons / Pre-Primary 2 Pre-Primary / Interactive digital Content Pre-Primary / Ebooks Primary Education Primary Education / Grade 1 Primary Education / Grade 1 / Educhannel TV Lessons Primary Education / Grade 1 / Educhannel TV Lessons / English Primary Education / Grade 1 / Educhannel TV Lessons / Mathematics Primary Education / Grade 1 / Educhannel TV Lessons / Kiswahili Primary Education / Grade 1 / Educhannel TV Lessons / Kenya Sign Language(KSL) Primary Education / Grade 1 / Educhannel TV Lessons / Hygiene and nutrition Primary Education / Grade 1 / Educhannel TV Lessons / Environmental Activities Primary Education / Grade 1 / Interactive Digital Content Primary Education / Grade 1 / Radio Lessons Primary Education / Grade 1 / Radio Lessons / Mathematics Primary Education / Grade 1 / Radio Lessons / Mathematics / Grade 1 Term 2 Primary Education / Grade 1 / Radio Lessons / Mathematics / Grade 1 Term 3 Primary Education / Grade 1 / Radio Lessons / Kiswahili Primary Education / Grade 1 / Radio Lessons / Kiswahili / Grade 1 Term 2 Primary Education / Grade 1 / Radio Lessons / Kiswahili / Grade 1 Term 3 Primary Education / Grade 1 / Radio Lessons / English Primary Education / Grade 1 / Radio Lessons / English / Grade 1 Term 2 Primary Education / Grade 1 / Radio Lessons / English / Grade 1 Term 3 Primary Education / Grade 1 / Ebooks Primary Education / Grade 1 / Ebooks / Tusome readers Primary Education / Grade 1 / Ebooks / Indigenous Languages Primary Education / Grade 2 Primary Education / Grade 2 / Interactive Digital Content Primary Education / Grade 2 / Educhannel Tv Lessons Primary Education / Grade 2 / Educhannel Tv Lessons / Mathematics Primary Education / Grade 2 / Educhannel Tv Lessons / English Primary Education / Grade 2 / Radio Lessons Primary Education / Grade 2 / Radio Lessons / Mathematics Primary Education / Grade 2 / Radio Lessons / Mathematics / Grade 2 Term 2 Primary Education / Grade 2 / Radio Lessons / English Primary Education / Grade 2 / Radio Lessons / English / Grade 2 Term 2 Primary Education / Grade 2 / Radio Lessons / English / Grade 2 Term 3 Primary Education / Grade 2 / Radio Lessons / Kiswahili Primary Education / Grade 2 / Radio Lessons / Kiswahili / Grade 2 Term 3 Primary Education / Grade 2 / Hygiene and Nutrition Primary Education / Grade 2 / Hygiene and Nutrition / Grade 2 Term 2 Primary Education / Grade 2 / E-books Primary Education / Grade 2 / E-books / Tusome Readers Primary Education / Grade 3 Primary Education / Grade 3 / Radio Lessons Primary Education / Grade 3 / Radio Lessons / Mathematics Primary Education / Grade 3 / Radio Lessons / Mathematics / Grade 3 Term 2 Primary Education / Grade 3 / Radio Lessons / Mathematics / Grade 3 Term 3 Primary Education / Grade 3 / Radio Lessons / English Primary Education / Grade 3 / Radio Lessons / English / Grade 3 Term 2 Primary Education / Grade 3 / Radio Lessons / English / Grade 3 Term 3 Primary Education / Grade 3 / Radio Lessons / Environmental Activities Primary Education / Grade 3 / Radio Lessons / Environmental Activities / Grade 3 Term 2 Primary Education / Grade 3 / Radio Lessons / Kiswahili Primary Education / Grade 3 / Radio Lessons / Kiswahili / Grade 3 Term 3 Primary Education / Grade 3 / Educhannel TV Lessons Primary Education / Grade 3 / Educhannel TV Lessons / Mathematics Primary Education / Grade 3 / Educhannel TV Lessons / English Primary Education / Grade 3 / Educhannel TV Lessons / Kiswahili Primary Education / Grade 3 / Educhannel TV Lessons / Hygiene and Nutrition Primary Education / Grade 3 / Educhannel TV Lessons / Environmental Activities Primary Education / Grade 3 / Interactive Digital Content Primary Education / Grade 3 / EBooks Primary Education / Grade 3 / Tusome English Video Lessons Primary Education / Grade 3 / Tusome English Video Lessons / Tusome English Grade 3 Lessons Primary Education / Grade 4 Primary Education / Grade 4 / Educhannel Tv Lessons Primary Education / Grade 4 / Educhannel Tv Lessons / Home Science Primary Education / Grade 4 / Educhannel Tv Lessons / Agriculture Primary Education / Grade 4 / Educhannel Tv Lessons / Music Primary Education / Grade 4 / Educhannel Tv Lessons / Physical Education Primary Education / Grade 4 / Educhannel Tv Lessons / Art and Craft Primary Education / Grade 4 / Educhannel Tv Lessons / Kenya Sign Language Primary Education / Grade 4 / Educhannel Tv Lessons / Mathematics Primary Education / Grade 4 / Educhannel Tv Lessons / Science and Technology Primary Education / Grade 4 / Educhannel Tv Lessons / Social Studies Primary Education / Grade 4 / Educhannel Tv Lessons / English Primary Education / Grade 4 / Educhannel Tv Lessons / Kiswahili Primary Education / Grade 4 / Educhannel Tv Lessons / Environmental Activity Primary Education / Grade 4 / Radio lessons Primary Education / Grade 4 / Radio lessons / Social Studies Primary Education / Grade 4 / Radio lessons / Social Studies / Grade 4 Term 2 Primary Education / Grade 4 / Radio lessons / Social Studies / Grade 4 Term 3 Primary Education / Grade 4 / Radio lessons / CRE Primary Education / Grade 4 / Radio lessons / CRE / Grade 4 Term 2 Primary Education / Grade 4 / Radio lessons / English Primary Education / Grade 4 / Radio lessons / English / Grade 4 Term 2 Primary Education / Grade 4 / Radio lessons / English / Grade 4 Term 3 Primary Education / Grade 4 / Radio lessons / Hygiene and Nutrition Primary Education / Grade 4 / Radio lessons / Hygiene and Nutrition / Grade 4 Term 1 Primary Education / Grade 4 / Radio lessons / IRE Primary Education / Grade 4 / Radio lessons / IRE / Grade 4 Term 2 Primary Education / Grade 4 / Radio lessons / Science and Technology Primary Education / Grade 4 / Radio lessons / Science and Technology / Grade 4 Term 3 Primary Education / Grade 4 / Radio lessons / Agriculture Primary Education / Grade 4 / Radio lessons / Agriculture / Grade 4 Term 3 Primary Education / Grade 4 / Radio lessons / Mathematics Primary Education / Grade 4 / Radio lessons / Mathematics / Grade 4 Term 3 Primary Education / Grade 4 / SNE Primary Education / Grade 4 / Interactive Digital Content Primary Education / Grade 5 Primary Education / Grade 5 / Educhannel Tv Lessons Primary Education / Grade 5 / Educhannel Tv Lessons / English Primary Education / Grade 5 / Educhannel Tv Lessons / Kiswahili Primary Education / Grade 5 / Educhannel Tv Lessons / Mathematics Primary Education / Grade 5 / Radio Lessons Primary Education / Grade 5 / Radio Lessons / English Primary Education / Grade 5 / Radio Lessons / Science and Technology Primary Education / Grade 5 / Radio Lessons / Agriculture Primary Education / Grade 5 / Radio Lessons / Social studies Primary Education / Grade 5 / Radio Lessons / Christian Religious Education Primary Education / Grade 5 / Radio Lessons / Mathematics Primary Education / Grade 5 / Interactive Digital Content Primary Education / Grade 6 Primary Education / Grade 6 / Radio Lessons Primary Education / Grade 6 / Radio Lessons / CRE Primary Education / Grade 6 / Radio Lessons / Social Studies Primary Education / Grade 6 / Radio Lessons / Science Primary Education / Grade 6 / Radio Lessons / Kiswahili Primary Education / Grade 6 / Radio Lessons / English Primary Education / Grade 6 / Radio Lessons / Mathematics Primary Education / Grade 6 / Educhannel TV Lessons Primary Education / Grade 6 / Educhannel TV Lessons / Kiswahili Primary Education / Grade 6 / Educhannel TV Lessons / Agriculture Primary Education / Grade 6 / Educhannel TV Lessons / Art and Craft Primary Education / Grade 6 / Educhannel TV Lessons / English Primary Education / Grade 6 / Educhannel TV Lessons / Home Science Primary Education / Grade 6 / Educhannel TV Lessons / Music Primary Education / Grade 6 / Educhannel TV Lessons / Science and technology Primary Education / Grade 6 / Educhannel TV Lessons / Physical health education Primary Education / Grade 6 / Interactive Digital Content Junior School Junior School / Grade 8 Junior School / Grade 8 / Educhannel Tv Lessons Junior School / Grade 8 / Radio Lessons Junior School / Grade 8 / Interactive Digital Content Junior School / Grade 7 Junior School / Grade 7 / Educhannel TV lessons Junior School / Grade 7 / Radio Lessons Junior School / Grade 7 / Radio Lessons / Mathematics Junior School / Grade 7 / Radio Lessons / Kiswahili Junior School / Grade 7 / Radio Lessons / English Junior School / Grade 7 / Radio Lessons / Christian Religious Education Junior School / Grade 7 / Radio Lessons / Integrated Science Junior School / Grade 7 / Radio Lessons / Social Studies Junior School / Grade 7 / Radio Lessons / Pre-Technical Studies Junior School / Grade 7 / Interactive Digital Content Secondary Education Secondary Education / Form 1 Secondary Education / Form 1 / Interactive Digital Content Secondary Education / Form 1 / Educhannel Tv Lessons Secondary Education / Form 1 / Educhannel Tv Lessons / Mathematics Secondary Education / Form 1 / Educhannel Tv Lessons / English Secondary Education / Form 1 / Educhannel Tv Lessons / Physics Secondary Education / Form 1 / Educhannel Tv Lessons / Biology Secondary Education / Form 1 / Educhannel Tv Lessons / Chemistry Secondary Education / Form 1 / Educhannel Tv Lessons / Kiswahili Secondary Education / Form 1 / Educhannel Tv Lessons / History and Government Secondary Education / Form 1 / Educhannel Tv Lessons / Business Studies Secondary Education / Form 1 / Radio Lessons Secondary Education / Form 1 / Ebooks Secondary Education / Form 2 Secondary Education / Form 2 / Interactive Digital Content Secondary Education / Form 2 / Educhannel Tv Lessons Secondary Education / Form 2 / Educhannel Tv Lessons / Physics Secondary Education / Form 2 / Radio Lessons Secondary Education / Form 2 / Radio Lessons / Biology Secondary Education / Form 3 Secondary Education / Form 3 / Interactive Digital Content Secondary Education / Form 3 / Educhannel Tv Lessons Secondary Education / Form 3 / Educhannel Tv Lessons / Mathematics Secondary Education / Form 3 / Educhannel Tv Lessons / English Secondary Education / Form 3 / Educhannel Tv Lessons / Kiswahili Secondary Education / Form 3 / Educhannel Tv Lessons / Biology Secondary Education / Form 3 / Educhannel Tv Lessons / Chemistry Secondary Education / Form 3 / Educhannel Tv Lessons / Physics Secondary Education / Form 3 / Educhannel Tv Lessons / Business Studies Secondary Education / Form 3 / Educhannel Tv Lessons / History and Government Secondary Education / Form 3 / Radio Lessons Secondary Education / Form 4 Secondary Education / Form 4 / Interactive Digital Content Secondary Education / Form 4 / Educhannel Tv Lessons Secondary Education / Form 4 / Educhannel Tv Lessons / Form 4 Mathematics Secondary Education / Form 4 / Educhannel Tv Lessons / Form 4 English Secondary Education / Form 4 / Educhannel Tv Lessons / Form 4 Physics Secondary Education / Form 4 / Educhannel Tv Lessons / Form 4 Biology Secondary Education / Form 4 / Educhannel Tv Lessons / Form 4 Kiswahili Secondary Education / Form 4 / Educhannel Tv Lessons / Form 4 Chemistry Secondary Education / Form 4 / Educhannel Tv Lessons / Form 4 History and Government Secondary Education / Form 4 / Educhannel Tv Lessons / Form 4 Business Studies Secondary Education / Form 4 / Radio Lessons Secondary Education / Form 4 / Radio Lessons / Mathematics Secondary Education / Form 4 / Radio Lessons / Mathematics / Form 4 Term 1 Secondary Education / Form 4 / Radio Lessons / Mathematics / Form 4 Term 2 Secondary Education / Form 4 / Radio Lessons / Mathematics / Form 4 Term 3 General Knowledge General Knowledge / VOA Connect General Knowledge / Ask the expert General Knowledge / Citizenship and Democracy General Knowledge / Digital Story General Knowledge / Impacted Educhannel Lessons Educhannel Lessons / English Educhannel Lessons / English / Transport and travel Educhannel Lessons / English / Pronunciation skills Educhannel Lessons / English / Listening and speaking Educhannel Lessons / English / Family Educhannel Lessons / English / Environment Educhannel Lessons / English / Drug and Substance Educhannel Lessons / Agriculture Educhannel Lessons / Biology Educhannel Lessons / Biology / Living Things Educhannel Lessons / Biology / Secretion and homeostasis Educhannel Lessons / Biology / Support and movement Educhannel Lessons / Business Studies Educhannel Lessons / Chemistry Educhannel Lessons / Earth Movement and Volcanicity Educhannel Lessons / Environmental Activities Educhannel Lessons / Geograpghy Educhannel Lessons / History Educhannel Lessons / History / Kenyan History Educhannel Lessons / Homescience Educhannel Lessons / Homescience / Basic care clothing Educhannel Lessons / Kiswahili Educhannel Lessons / Kiswahili / Primary Educhannel Lessons / Kiswahili / Primary / Darasa 4-5 Educhannel Lessons / Kiswahili / Secondary Educhannel Lessons / Kiswahili / Secondary / Isimu Jamii Educhannel Lessons / Kiswahili / Secondary / Sarufi Educhannel Lessons / Mathematics Educhannel Lessons / Mathematics / Secondary Educhannel Lessons / Mathematics / Secondary / Commercial Arithmetics Educhannel Lessons / Mathematics / Primary Educhannel Lessons / Mathematics / Primary / Class 5-8 Educhannel Lessons / Mathematics / Primary / Class 5-8 / Practical uses of Money Educhannel Lessons / Mathematics / Primary / Class 5-8 / Measurement Educhannel Lessons / Organic Chemistry Educhannel Lessons / Performing Music Educhannel Lessons / Homescience Educhannel Lessons / Homescience / Basic care of clothing Educhannel Lessons / Art and Craft Educhannel Lessons / Physics Educhannel Lessons / Physics / Thermodynamics Educhannel Lessons / Physics / Mechanics Educhannel Lessons / Physics / Electricity and Magnetism Educhannel Lessons / The Doyen Exposition Educhannel Lessons / Science Educhannel Lessons / Science / Making work easier Educhannel Lessons / Science / Living Things Educhannel Lessons / Science / Energy conservation Educhannel Lessons / Physical and Health Education Educhannel Lessons / Physical and Health Education / Grade 1-4 Open Education Resourses(OERs) Open Education Resourses(OERs) / Movement and Creative Activities Open Education Resourses(OERs) / 	Religious Education Activities Open Education Resourses(OERs) / Mathematical Activities Open Education Resourses(OERs) / Environmental Activities Open Education Resourses(OERs) / Kiswahili Language Open Education Resourses(OERs) / LTK | Concordia University Open Education Resourses(OERs) / Hygiene and Nutrition Open Education Resourses(OERs) / ENGLISH LANGUAGE ACTIVITIES Open Education Resourses(OERs) / Casio Materials Open Education Resourses(OERs) / Health Education Open Education Resourses(OERs) / Carbon Literacy Special Needs Education Special Needs Education / Grade 1 Special Needs Education / Grade 1 / Adapted Interactive Digital Content for Hearing Impaired(HI) Special Needs Education / Grade 1 / Adapted Interactive Digital Content for Hearing Impaired(HI) / English Activities Special Needs Education / Grade 1 / Adapted Interactive Digital Content for Hearing Impaired(HI) / Environmental Activities Special Needs Education / Grade 1 / Adapted Interactive Digital Content for Hearing Impaired(HI) / Creative Activities Special Needs Education / Grade 1 / Adapted Interactive Digital Content for Visual Impaired(VI) Special Needs Education / Grade 2 Special Needs Education / Grade 2 / Adapted Interactive Digital Content for Hearing Impaired(HI) Special Needs Education / Grade 2 / Adapted Interactive Digital Content for Hearing Impaired(HI) / Mathematics Grade 2 Special Needs Education / Grade 2 / Adapted Interactive Digital Content for Hearing Impaired(HI) / Environmental Activities Grade 2 Special Needs Education / Grade 2 / Adapted Interactive Digital Content for Hearing Impaired(HI) / Hygiene and Nutrition Grade 2 Special Needs Education / Grade 2 / Adapted Interactive Digital Content for Hearing Impaired(HI) / Christian Religious Education Grade 2 (HI) Special Needs Education / Grade 2 / Adapted Interactive Digital Content for Hearing Impaired(HI) / Literacy Activities Grade2 (HI) Special Needs Education / Grade 2 / Adapted Interactive Digital Content for Hearing Impaired(HI) / English Activities Grad2 H.I Special Needs Education / Grade 2 / Adapted Interactive Digital Content for Hearing Impaired(HI) / Creative Activities Grade2 -H.I Special Needs Education / Grade 2 / Adapted Interactive Digital Content for Visual Impaired(VI) Special Needs Education / Grade 2 / Adapted Interactive Digital Content for Visual Impaired(VI) / Mathematics Special Needs Education / Grade 2 / Adapted Interactive Digital Content for Visual Impaired(VI) / Kiswahili Special Needs Education / Grade 2 / Adapted Interactive Digital Content for Visual Impaired(VI) / English Special Needs Education / Grade 2 / Adapted Interactive Digital Content for Visual Impaired(VI) / Creative Activities Special Needs Education / Grade 2 / Adapted Interactive Digital Content for Visual Impaired(VI) / CRE Special Needs Education / Grade 3 Special Needs Education / Grade 3 / Adapted Interactive Digital Content for Learners with Hearing Impairment (HI) Special Needs Education / Grade 3 / Adapted Interactive Digital Content for Learners with Hearing Impairment (HI) / Visual Arts Special Needs Education / Grade 3 / Adapted Interactive Digital Content for Learners with Hearing Impairment (HI) / English Special Needs Education / Grade 3 / Adapted Interactive Digital Content for Learners with Hearing Impairment (HI) / Hygiene and Nutrition Special Needs Education / Grade 3 / Adapted Interactive Digital Content for Learners with Hearing Impairment (HI) / Music Special Needs Education / Grade 3 / Adapted Interactive Digital Content for Learners with Hearing Impairment (HI) / Mathematics Special Needs Education / Grade 3 / Adapted Interactive Digital Content for Learners with Hearing Impairment (HI) / Environmental Special Needs Education / Grade 3 / Adapted Interactive Digital Content for Learners with Hearing Impairment (HI) / CRE Special Needs Education / Grade 3 / Adapted Interactive Digital Content for Learners with Visual Impairment (VI) Special Needs Education / Grade 3 / Adapted Interactive Digital Content for Learners with Visual Impairment (VI) / Music Special Needs Education / Grade 3 / Adapted Interactive Digital Content for Learners with Visual Impairment (VI) / Mathematics Special Needs Education / Grade 3 / Adapted Interactive Digital Content for Learners with Visual Impairment (VI) / Visual Arts Special Needs Education / Grade 3 / Adapted Interactive Digital Content for Learners with Visual Impairment (VI) / Kiswahili Special Needs Education / Grade 3 / Adapted Interactive Digital Content for Learners with Visual Impairment (VI) / Hygiene and Nutrition Special Needs Education / Grade 3 / Adapted Interactive Digital Content for Learners with Visual Impairment (VI) / Environmental Special Needs Education / Grade 3 / Adapted Interactive Digital Content for Learners with Visual Impairment (VI) / English Special Needs Education / Grade 3 / Adapted Interactive Digital Content for Learners with Visual Impairment (VI) / CRE Special Needs Education / Grade 4 Special Needs Education / Grade 4 / Adapted Interactive Digital Content for Learners with Hearing Impairment (HI) Special Needs Education / Grade 4 / Adapted Interactive Digital Content for Learners with Hearing Impairment (HI) / Mathematics Special Needs Education / Grade 4 / Adapted Interactive Digital Content for Learners with Hearing Impairment (HI) / English Special Needs Education / Grade 4 / Adapted Interactive Digital Content for Learners with Hearing Impairment (HI) / Science and Technology Special Needs Education / Grade 4 / Adapted Interactive Digital Content for Learners with Hearing Impairment (HI) / Agriculture Special Needs Education / Grade 4 / Adapted Interactive Digital Content for Learners with Hearing Impairment (HI) / Social Studies Special Needs Education / Grade 4 / Adapted Interactive Digital Content for Learners with Hearing Impairment (HI) / Home Science Special Needs Education / Grade 4 / Adapted Interactive Digital Content for Learners with Hearing Impairment (HI) / Art and Craft Special Needs Education / Grade 4 / Adapted Interactive Digital Content for Learners with Hearing Impairment (HI) / Music Special Needs Education / Grade 4 / Adapted Interactive Digital Content for Learners with Hearing Impairment (HI) / Christian Religious Education (CRE) Special Needs Education / Grade 4 / Adapted Interactive Digital Content for Learners with Visual Impairment (VI) Special Needs Education / Grade 4 / Adapted Interactive Digital Content for Learners with Visual Impairment (VI) / Mathematics Special Needs Education / Grade 4 / Adapted Interactive Digital Content for Learners with Visual Impairment (VI) / English Special Needs Education / Grade 4 / Adapted Interactive Digital Content for Learners with Visual Impairment (VI) / Kiswahili Special Needs Education / Grade 4 / Adapted Interactive Digital Content for Learners with Visual Impairment (VI) / Science and Technology Special Needs Education / Grade 4 / Adapted Interactive Digital Content for Learners with Visual Impairment (VI) / Agriculture Special Needs Education / Grade 4 / Adapted Interactive Digital Content for Learners with Visual Impairment (VI) / Social Studies Special Needs Education / Grade 4 / Adapted Interactive Digital Content for Learners with Visual Impairment (VI) / Home Science Special Needs Education / Grade 4 / Adapted Interactive Digital Content for Learners with Visual Impairment (VI) / Art and Craft Special Needs Education / Grade 4 / Adapted Interactive Digital Content for Learners with Visual Impairment (VI) / Christian Religious Education (CRE) Special Needs Education / Grade 4 / Adapted Interactive Digital Content for Learners with Visual Impairment (VI) / Music Special Needs Education / Grade 5 Special Needs Education / Grade 5 / Adapted Interactive Digital Content for Learners with Hearing Impairment (HI) Special Needs Education / Grade 5 / Adapted Interactive Digital Content for Learners with Hearing Impairment (HI) / English Special Needs Education / Grade 5 / Adapted Interactive Digital Content for Learners with Hearing Impairment (HI) / Christian Religious Education Special Needs Education / Grade 5 / Adapted Interactive Digital Content for Learners with Hearing Impairment (HI) / Social Studies Special Needs Education / Grade 5 / Adapted Interactive Digital Content for Learners with Hearing Impairment (HI) / Agriculture and Nutrition Special Needs Education / Grade 5 / Adapted Interactive Digital Content for Learners with Hearing Impairment (HI) / Creative Arts Special Needs Education / Grade 5 / Adapted Interactive Digital Content for Learners with Hearing Impairment (HI) / Mathematics Special Needs Education / Grade 5 / Adapted Interactive Digital Content for Learners with Hearing Impairment (HI) / Science and Technology Special Needs Education / Grade 5 / Adapted Interactive Digital Content for Learners with Hearing Impairment (HI) / Islamic Religious Education Special Needs Education / Grade 5 / Adapted Interactive Digital Content for Learners with Visual Impairment (VI) Special Needs Education / Grade 5 / Adapted Interactive Digital Content for Learners with Visual Impairment (VI) / Creative Arts Special Needs Education / Grade 5 / Adapted Interactive Digital Content for Learners with Visual Impairment (VI) / Social Studies Special Needs Education / Grade 5 / Adapted Interactive Digital Content for Learners with Visual Impairment (VI) / Kiswahili Special Needs Education / Grade 5 / Adapted Interactive Digital Content for Learners with Visual Impairment (VI) / Christian Religious Education Special Needs Education / Grade 5 / Adapted Interactive Digital Content for Learners with Visual Impairment (VI) / Science and Technology Special Needs Education / Grade 5 / Adapted Interactive Digital Content for Learners with Visual Impairment (VI) / Agriculture and Nutrition Special Needs Education / Grade 5 / Adapted Interactive Digital Content for Learners with Visual Impairment (VI) / Islamic Religious Education Special Needs Education / Grade 5 / Adapted Interactive Digital Content for Learners with Visual Impairment (VI) / Mathematics Special Needs Education / Grade 5 / Adapted Interactive Digital Content for Learners with Visual Impairment (VI) / English Special Needs Education / Grade 6 Special Needs Education / Grade 6 / Adapted Interactive Digital Content for Learners with Hearing Impairment (HI) Special Needs Education / Grade 6 / Adapted Interactive Digital Content for Learners with Hearing Impairment (HI) / Science and Technology Special Needs Education / Grade 6 / Adapted Interactive Digital Content for Learners with Hearing Impairment (HI) / Christian Religious Education Special Needs Education / Grade 6 / Adapted Interactive Digital Content for Learners with Hearing Impairment (HI) / Creative Arts Special Needs Education / Grade 6 / Adapted Interactive Digital Content for Learners with Hearing Impairment (HI) / Islamic Religious Education Special Needs Education / Grade 6 / Adapted Interactive Digital Content for Learners with Hearing Impairment (HI) / English Special Needs Education / Grade 6 / Adapted Interactive Digital Content for Learners with Hearing Impairment (HI) / Social Studies Special Needs Education / Grade 6 / Adapted Interactive Digital Content for Learners with Hearing Impairment (HI) / Agriculture Special Needs Education / Grade 6 / Adapted Interactive Digital Content for Learners with Hearing Impairment (HI) / Mathematics Special Needs Education / Grade 6 / Adapted Interactive Digital Content for Learners with Visual Impairment (VI) Special Needs Education / Grade 6 / Adapted Interactive Digital Content for Learners with Visual Impairment (VI) / Christian Religious Education Special Needs Education / Grade 6 / Adapted Interactive Digital Content for Learners with Visual Impairment (VI) / Kiswahili Special Needs Education / Grade 6 / Adapted Interactive Digital Content for Learners with Visual Impairment (VI) / English Special Needs Education / Grade 6 / Adapted Interactive Digital Content for Learners with Visual Impairment (VI) / Creative Arts Special Needs Education / Grade 6 / Adapted Interactive Digital Content for Learners with Visual Impairment (VI) / Mathematics Special Needs Education / Grade 6 / Adapted Interactive Digital Content for Learners with Visual Impairment (VI) / Science and Technology Special Needs Education / Grade 6 / Adapted Interactive Digital Content for Learners with Visual Impairment (VI) / Islamic Religious Education Special Needs Education / Grade 6 / Adapted Interactive Digital Content for Learners with Visual Impairment (VI) / Social Studies Special Needs Education / Grade 6 / Adapted Interactive Digital Content for Learners with Visual Impairment (VI) / Agriculture and Nutrition Special Needs Education / Ebooks Special Needs Education / Videos Special Needs Education / Foundational and Stage-Based Special Needs Education / Prevocational Level Special Needs Education / Prevocational Level / Music Special Needs Education / Prevocational Level / Hindu Religious Education Special Needs Education / Prevocational Level / Christian Religious Education Special Needs Education / Prevocational Level / Physical Education Special Needs Education / Prevocational Level / Islamic Religious Education Special Needs Education / Prevocational Level / Social Studies Special Needs Education / Prevocational Level / Prevocational Skills 1 Special Needs Education / Prevocational Level / Prevocational Skills 2 Special Needs Education / Prevocational Level / Prevocational Skills 3 Accessible Digital Textbooks Interactive Simulations for Sciences and Mathematics Interactive Simulations for Sciences and Mathematics / Physics Interactive Simulations for Sciences and Mathematics / Chemistry Interactive Simulations for Sciences and Mathematics / Mathematics Information, Education and Communication(IEC) Materials Information, Education and Communication(IEC) Materials / Child Online Safety Information, Education and Communication(IEC) Materials / Child Road Safety Information, Education and Communication(IEC) Materials / Child Road Safety / Integration Matrices Information, Education and Communication(IEC) Materials / Child Road Safety / Integration Matrices / Early Years Education Information, Education and Communication(IEC) Materials / Child Road Safety / Integration Matrices / Upper Primary Information, Education and Communication(IEC) Materials / Child Road Safety / Integration Matrices / Junior School Information, Education and Communication(IEC) Materials / Child Road Safety / Integration Matrices / Senior School Information, Education and Communication(IEC) Materials / Child Road Safety / Information, Education and Communication(IEC) Materials on Child Road Safety Information, Education and Communication(IEC) Materials / Child Road Safety / Information, Education and Communication(IEC) Materials on Child Road Safety / Early Years Education Information, Education and Communication(IEC) Materials / Child Road Safety / Information, Education and Communication(IEC) Materials on Child Road Safety / Upper Primary Information, Education and Communication(IEC) Materials / Child Road Safety / Information, Education and Communication(IEC) Materials on Child Road Safety / Junior School Information, Education and Communication(IEC) Materials / Child Road Safety / Information, Education and Communication(IEC) Materials on Child Road Safety / Senior School Information, Education and Communication(IEC) Materials / Child Road Safety / Teacher's Handbook Information, Education and Communication(IEC) Materials / Financial Literacy Learners’ Toolkit Teacher Resources Teacher Resources / Educational Resources Materials Development Teacher Resources / Educational Resources Materials Development / CRE Teacher Resources / Educational Resources Materials Development / English Teacher Resources / Educational Resources Materials Development / Environment Teacher Resources / Educational Resources Materials Development / Foundations Teacher Resources / Educational Resources Materials Development / H.R.E Teacher Resources / Educational Resources Materials Development / Hygiene and Nutrition Teacher Resources / Educational Resources Materials Development / I.R.E Teacher Resources / Educational Resources Materials Development / Kiswahili Teacher Resources / Educational Resources Materials Development / Language Activities Teacher Resources / Educational Resources Materials Development / Literacy Skills Teacher Resources / Educational Resources Materials Development / Mathematics Teacher Resources / Educational Resources Materials Development / Movements and Arts Teacher Resources / Pre-Primary Teacher Radio Programmes Teacher Resources / CBC Courses Teacher Resources / Special Needs Educations Teacher Resources / Interactive Digital Content for Teacher Education Teacher Resources / Interactive Digital Content for Teacher Education / English Teacher Resources / Interactive Digital Content for Teacher Education / Music Teacher Resources / Interactive Digital Content for Teacher Education / Christian Religious Education Teacher Resources / Interactive Digital Content for Teacher Education / Art and Craft Teacher Resources / Interactive Digital Content for Teacher Education / Indigenous Languages Teacher Resources / Interactive Digital Content for Teacher Education / Home science Teacher Resources / Interactive Digital Content for Teacher Education / Science and Technology Teacher Resources / Interactive Digital Content for Teacher Education / Islamic Religious Education Teacher Resources / Interactive Digital Content for Teacher Education / Mandarin Teacher Resources / Interactive Digital Content for Teacher Education / Agriculture Teacher Resources / Interactive Digital Content for Teacher Education / Mathematics Teacher Resources / Interactive Digital Content for Teacher Education / French Teacher Resources / Interactive Digital Content for Teacher Education / Hindu Religious Education Teacher Resources / Interactive Digital Content for Teacher Education / Social Studies Teacher Resources / Interactive Digital Content for Teacher Education / Kiswahili Teacher Resources / Interactive Digital Content for Teacher Education / Physical Education Teacher Resources / Interactive Digital Content for Teacher Education / Arabic Parental Resources Financial Literacy Financial Literacy / Financial Literacy for Junior School Financial Literacy / Financial Literacy for Junior School / Taxation Financial Literacy / Financial Literacy for Senior School Financial Literacy / Financial Literacy for Senior School / Taxation Search lessons Search Expand allGrade 1Grade 2Grade 3Grade 4Grade 5Grade 6 Grade 1Grade 2Grade 3Grade 4Grade 5Grade 6 Digital Content | Kenya Education Cloud | Unlimited Learning Experiences Skip to main content (Login) Primary Education Home Lessons Primary Education Lesson categories: Pre-Primary Pre-Primary / Radio Lessons Pre-Primary / Educhannel Video Lessons Pre-Primary / Educhannel Video Lessons / Language Activities Pre-Primary / Educhannel Video Lessons / Mathematics Pre-Primary / Educhannel Video Lessons / Our School Pre-Primary / Educhannel Video Lessons / Picture Making Pre-Primary / Educhannel Video Lessons / Social Environment Pre-Primary / Educhannel Video Lessons / Pre-Primary 1 Pre-Primary / Educhannel Video Lessons / Pre-Primary 2 Pre-Primary / Interactive digital Content Pre-Primary / Ebooks Primary Education Primary Education / Grade 1 Primary Education / Grade 1 / Educhannel TV Lessons Primary Education / Grade 1 / Educhannel TV Lessons / English Primary Education / Grade 1 / Educhannel TV Lessons / Mathematics Primary Education / Grade 1 / Educhannel TV Lessons / Kiswahili Primary Education / Grade 1 / Educhannel TV Lessons / Kenya Sign Language(KSL) Primary Education / Grade 1 / Educhannel TV Lessons / Hygiene and nutrition Primary Education / Grade 1 / Educhannel TV Lessons / Environmental Activities Primary Education / Grade 1 / Interactive Digital Content Primary Education / Grade 1 / Radio Lessons Primary Education / Grade 1 / Radio Lessons / Mathematics Primary Education / Grade 1 / Radio Lessons / Mathematics / Grade 1 Term 2 Primary Education / Grade 1 / Radio Lessons / Mathematics / Grade 1 Term 3 Primary Education / Grade 1 / Radio Lessons / Kiswahili Primary Education / Grade 1 / Radio Lessons / Kiswahili / Grade 1 Term 2 Primary Education / Grade 1 / Radio Lessons / Kiswahili / Grade 1 Term 3 Primary Education / Grade 1 / Radio Lessons / English Primary Education / Grade 1 / Radio Lessons / English / Grade 1 Term 2 Primary Education / Grade 1 / Radio Lessons / English / Grade 1 Term 3 Primary Education / Grade 1 / Ebooks Primary Education / Grade 1 / Ebooks / Tusome readers Primary Education / Grade 1 / Ebooks / Indigenous Languages Primary Education / Grade 2 Primary Education / Grade 2 / Interactive Digital Content Primary Education / Grade 2 / Educhannel Tv Lessons Primary Education / Grade 2 / Educhannel Tv Lessons / Mathematics Primary Education / Grade 2 / Educhannel Tv Lessons / English Primary Education / Grade 2 / Radio Lessons Primary Education / Grade 2 / Radio Lessons / Mathematics Primary Education / Grade 2 / Radio Lessons / Mathematics / Grade 2 Term 2 Primary Education / Grade 2 / Radio Lessons / English Primary Education / Grade 2 / Radio Lessons / English / Grade 2 Term 2 Primary Education / Grade 2 / Radio Lessons / English / Grade 2 Term 3 Primary Education / Grade 2 / Radio Lessons / Kiswahili Primary Education / Grade 2 / Radio Lessons / Kiswahili / Grade 2 Term 3 Primary Education / Grade 2 / Hygiene and Nutrition Primary Education / Grade 2 / Hygiene and Nutrition / Grade 2 Term 2 Primary Education / Grade 2 / E-books Primary Education / Grade 2 / E-books / Tusome Readers Primary Education / Grade 3 Primary Education / Grade 3 / Radio Lessons Primary Education / Grade 3 / Radio Lessons / Mathematics Primary Education / Grade 3 / Radio Lessons / Mathematics / Grade 3 Term 2 Primary Education / Grade 3 / Radio Lessons / Mathematics / Grade 3 Term 3 Primary Education / Grade 3 / Radio Lessons / English Primary Education / Grade 3 / Radio Lessons / English / Grade 3 Term 2 Primary Education / Grade 3 / Radio Lessons / English / Grade 3 Term 3 Primary Education / Grade 3 / Radio Lessons / Environmental Activities Primary Education / Grade 3 / Radio Lessons / Environmental Activities / Grade 3 Term 2 Primary Education / Grade 3 / Radio Lessons / Kiswahili Primary Education / Grade 3 / Radio Lessons / Kiswahili / Grade 3 Term 3 Primary Education / Grade 3 / Educhannel TV Lessons Primary Education / Grade 3 / Educhannel TV Lessons / Mathematics Primary Education / Grade 3 / Educhannel TV Lessons / English Primary Education / Grade 3 / Educhannel TV Lessons / Kiswahili Primary Education / Grade 3 / Educhannel TV Lessons / Hygiene and Nutrition Primary Education / Grade 3 / Educhannel TV Lessons / Environmental Activities Primary Education / Grade 3 / Interactive Digital Content Primary Education / Grade 3 / EBooks Primary Education / Grade 3 / Tusome English Video Lessons Primary Education / Grade 3 / Tusome English Video Lessons / Tusome English Grade 3 Lessons Primary Education / Grade 4 Primary Education / Grade 4 / Educhannel Tv Lessons Primary Education / Grade 4 / Educhannel Tv Lessons / Home Science Primary Education / Grade 4 / Educhannel Tv Lessons / Agriculture Primary Education / Grade 4 / Educhannel Tv Lessons / Music Primary Education / Grade 4 / Educhannel Tv Lessons / Physical Education Primary Education / Grade 4 / Educhannel Tv Lessons / Art and Craft Primary Education / Grade 4 / Educhannel Tv Lessons / Kenya Sign Language Primary Education / Grade 4 / Educhannel Tv Lessons / Mathematics Primary Education / Grade 4 / Educhannel Tv Lessons / Science and Technology Primary Education / Grade 4 / Educhannel Tv Lessons / Social Studies Primary Education / Grade 4 / Educhannel Tv Lessons / English Primary Education / Grade 4 / Educhannel Tv Lessons / Kiswahili Primary Education / Grade 4 / Educhannel Tv Lessons / Environmental Activity Primary Education / Grade 4 / Radio lessons Primary Education / Grade 4 / Radio lessons / Social Studies Primary Education / Grade 4 / Radio lessons / Social Studies / Grade 4 Term 2 Primary Education / Grade 4 / Radio lessons / Social Studies / Grade 4 Term 3 Primary Education / Grade 4 / Radio lessons / CRE Primary Education / Grade 4 / Radio lessons / CRE / Grade 4 Term 2 Primary Education / Grade 4 / Radio lessons / English Primary Education / Grade 4 / Radio lessons / English / Grade 4 Term 2 Primary Education / Grade 4 / Radio lessons / English / Grade 4 Term 3 Primary Education / Grade 4 / Radio lessons / Hygiene and Nutrition Primary Education / Grade 4 / Radio lessons / Hygiene and Nutrition / Grade 4 Term 1 Primary Education / Grade 4 / Radio lessons / IRE Primary Education / Grade 4 / Radio lessons / IRE / Grade 4 Term 2 Primary Education / Grade 4 / Radio lessons / Science and Technology Primary Education / Grade 4 / Radio lessons / Science and Technology / Grade 4 Term 3 Primary Education / Grade 4 / Radio lessons / Agriculture Primary Education / Grade 4 / Radio lessons / Agriculture / Grade 4 Term 3 Primary Education / Grade 4 / Radio lessons / Mathematics Primary Education / Grade 4 / Radio lessons / Mathematics / Grade 4 Term 3 Primary Education / Grade 4 / SNE Primary Education / Grade 4 / Interactive Digital Content Primary Education / Grade 5 Primary Education / Grade 5 / Educhannel Tv Lessons Primary Education / Grade 5 / Educhannel Tv Lessons / English Primary Education / Grade 5 / Educhannel Tv Lessons / Kiswahili Primary Education / Grade 5 / Educhannel Tv Lessons / Mathematics Primary Education / Grade 5 / Radio Lessons Primary Education / Grade 5 / Radio Lessons / English Primary Education / Grade 5 / Radio Lessons / Science and Technology Primary Education / Grade 5 / Radio Lessons / Agriculture Primary Education / Grade 5 / Radio Lessons / Social studies Primary Education / Grade 5 / Radio Lessons / Christian Religious Education Primary Education / Grade 5 / Radio Lessons / Mathematics Primary Education / Grade 5 / Interactive Digital Content Primary Education / Grade 6 Primary Education / Grade 6 / Radio Lessons Primary Education / Grade 6 / Radio Lessons / CRE Primary Education / Grade 6 / Radio Lessons / Social Studies Primary Education / Grade 6 / Radio Lessons / Science Primary Education / Grade 6 / Radio Lessons / Kiswahili Primary Education / Grade 6 / Radio Lessons / English Primary Education / Grade 6 / Radio Lessons / Mathematics Primary Education / Grade 6 / Educhannel TV Lessons Primary Education / Grade 6 / Educhannel TV Lessons / Kiswahili Primary Education / Grade 6 / Educhannel TV Lessons / Agriculture Primary Education / Grade 6 / Educhannel TV Lessons / Art and Craft Primary Education / Grade 6 / Educhannel TV Lessons / English Primary Education / Grade 6 / Educhannel TV Lessons / Home Science Primary Education / Grade 6 / Educhannel TV Lessons / Music Primary Education / Grade 6 / Educhannel TV Lessons / Science and technology Primary Education / Grade 6 / Educhannel TV Lessons / Physical health education Primary Education / Grade 6 / Interactive Digital Content Junior School Junior School / Grade 8 Junior School / Grade 8 / Educhannel Tv Lessons Junior School / Grade 8 / Radio Lessons Junior School / Grade 8 / Interactive Digital Content Junior School / Grade 7 Junior School / Grade 7 / Educhannel TV lessons Junior School / Grade 7 / Radio Lessons Junior School / Grade 7 / Radio Lessons / Mathematics Junior School / Grade 7 / Radio Lessons / Kiswahili Junior School / Grade 7 / Radio Lessons / English Junior School / Grade 7 / Radio Lessons / Christian Religious Education Junior School / Grade 7 / Radio Lessons / Integrated Science Junior School / Grade 7 / Radio Lessons / Social Studies Junior School / Grade 7 / Radio Lessons / Pre-Technical Studies Junior School / Grade 7 / Interactive Digital Content Secondary Education Secondary Education / Form 1 Secondary Education / Form 1 / Interactive Digital Content Secondary Education / Form 1 / Educhannel Tv Lessons Secondary Education / Form 1 / Educhannel Tv Lessons / Mathematics Secondary Education / Form 1 / Educhannel Tv Lessons / English Secondary Education / Form 1 / Educhannel Tv Lessons / Physics Secondary Education / Form 1 / Educhannel Tv Lessons / Biology Secondary Education / Form 1 / Educhannel Tv Lessons / Chemistry Secondary Education / Form 1 / Educhannel Tv Lessons / Kiswahili Secondary Education / Form 1 / Educhannel Tv Lessons / History and Government Secondary Education / Form 1 / Educhannel Tv Lessons / Business Studies Secondary Education / Form 1 / Radio Lessons Secondary Education / Form 1 / Ebooks Secondary Education / Form 2 Secondary Education / Form 2 / Interactive Digital Content Secondary Education / Form 2 / Educhannel Tv Lessons Secondary Education / Form 2 / Educhannel Tv Lessons / Physics Secondary Education / Form 2 / Radio Lessons Secondary Education / Form 2 / Radio Lessons / Biology Secondary Education / Form 3 Secondary Education / Form 3 / Interactive Digital Content Secondary Education / Form 3 / Educhannel Tv Lessons Secondary Education / Form 3 / Educhannel Tv Lessons / Mathematics Secondary Education / Form 3 / Educhannel Tv Lessons / English Secondary Education / Form 3 / Educhannel Tv Lessons / Kiswahili Secondary Education / Form 3 / Educhannel Tv Lessons / Biology Secondary Education / Form 3 / Educhannel Tv Lessons / Chemistry Secondary Education / Form 3 / Educhannel Tv Lessons / Physics Secondary Education / Form 3 / Educhannel Tv Lessons / Business Studies Secondary Education / Form 3 / Educhannel Tv Lessons / History and Government Secondary Education / Form 3 / Radio Lessons Secondary Education / Form 4 Secondary Education / Form 4 / Interactive Digital Content Secondary Education / Form 4 / Educhannel Tv Lessons Secondary Education / Form 4 / Educhannel Tv Lessons / Form 4 Mathematics Secondary Education / Form 4 / Educhannel Tv Lessons / Form 4 English Secondary Education / Form 4 / Educhannel Tv Lessons / Form 4 Physics Secondary Education / Form 4 / Educhannel Tv Lessons / Form 4 Biology Secondary Education / Form 4 / Educhannel Tv Lessons / Form 4 Kiswahili Secondary Education / Form 4 / Educhannel Tv Lessons / Form 4 Chemistry Secondary Education / Form 4 / Educhannel Tv Lessons / Form 4 History and Government Secondary Education / Form 4 / Educhannel Tv Lessons / Form 4 Business Studies Secondary Education / Form 4 / Radio Lessons Secondary Education / Form 4 / Radio Lessons / Mathematics Secondary Education / Form 4 / Radio Lessons / Mathematics / Form 4 Term 1 Secondary Education / Form 4 / Radio Lessons / Mathematics / Form 4 Term 2 Secondary Education / Form 4 / Radio Lessons / Mathematics / Form 4 Term 3 General Knowledge General Knowledge / VOA Connect General Knowledge / Ask the expert General Knowledge / Citizenship and Democracy General Knowledge / Digital Story General Knowledge / Impacted Educhannel Lessons Educhannel Lessons / English Educhannel Lessons / English / Transport and travel Educhannel Lessons / English / Pronunciation skills Educhannel Lessons / English / Listening and speaking Educhannel Lessons / English / Family Educhannel Lessons / English / Environment Educhannel Lessons / English / Drug and Substance Educhannel Lessons / Agriculture Educhannel Lessons / Biology Educhannel Lessons / Biology / Living Things Educhannel Lessons / Biology / Secretion and homeostasis Educhannel Lessons / Biology / Support and movement Educhannel Lessons / Business Studies Educhannel Lessons / Chemistry Educhannel Lessons / Earth Movement and Volcanicity Educhannel Lessons / Environmental Activities Educhannel Lessons / Geograpghy Educhannel Lessons / History Educhannel Lessons / History / Kenyan History Educhannel Lessons / Homescience Educhannel Lessons / Homescience / Basic care clothing Educhannel Lessons / Kiswahili Educhannel Lessons / Kiswahili / Primary Educhannel Lessons / Kiswahili / Primary / Darasa 4-5 Educhannel Lessons / Kiswahili / Secondary Educhannel Lessons / Kiswahili / Secondary / Isimu Jamii Educhannel Lessons / Kiswahili / Secondary / Sarufi Educhannel Lessons / Mathematics Educhannel Lessons / Mathematics / Secondary Educhannel Lessons / Mathematics / Secondary / Commercial Arithmetics Educhannel Lessons / Mathematics / Primary Educhannel Lessons / Mathematics / Primary / Class 5-8 Educhannel Lessons / Mathematics / Primary / Class 5-8 / Practical uses of Money Educhannel Lessons / Mathematics / Primary / Class 5-8 / Measurement Educhannel Lessons / Organic Chemistry Educhannel Lessons / Performing Music Educhannel Lessons / Homescience Educhannel Lessons / Homescience / Basic care of clothing Educhannel Lessons / Art and Craft Educhannel Lessons / Physics Educhannel Lessons / Physics / Thermodynamics Educhannel Lessons / Physics / Mechanics Educhannel Lessons / Physics / Electricity and Magnetism Educhannel Lessons / The Doyen Exposition Educhannel Lessons / Science Educhannel Lessons / Science / Making work easier Educhannel Lessons / Science / Living Things Educhannel Lessons / Science / Energy conservation Educhannel Lessons / Physical and Health Education Educhannel Lessons / Physical and Health Education / Grade 1-4 Open Education Resourses(OERs) Open Education Resourses(OERs) / Movement and Creative Activities Open Education Resourses(OERs) / 	Religious Education Activities Open Education Resourses(OERs) / Mathematical Activities Open Education Resourses(OERs) / Environmental Activities Open Education Resourses(OERs) / Kiswahili Language Open Education Resourses(OERs) / LTK | Concordia University Open Education Resourses(OERs) / Hygiene and Nutrition Open Education Resourses(OERs) / ENGLISH LANGUAGE ACTIVITIES Open Education Resourses(OERs) / Casio Materials Open Education Resourses(OERs) / Health Education Open Education Resourses(OERs) / Carbon Literacy Special Needs Education Special Needs Education / Grade 1 Special Needs Education / Grade 1 / Adapted Interactive Digital Content for Hearing Impaired(HI) Special Needs Education / Grade 1 / Adapted Interactive Digital Content for Hearing Impaired(HI) / English Activities Special Needs Education / Grade 1 / Adapted Interactive Digital Content for Hearing Impaired(HI) / Environmental Activities Special Needs Education / Grade 1 / Adapted Interactive Digital Content for Hearing Impaired(HI) / Creative Activities Special Needs Education / Grade 1 / Adapted Interactive Digital Content for Visual Impaired(VI) Special Needs Education / Grade 2 Special Needs Education / Grade 2 / Adapted Interactive Digital Content for Hearing Impaired(HI) Special Needs Education / Grade 2 / Adapted Interactive Digital Content for Hearing Impaired(HI) / Mathematics Grade 2 Special Needs Education / Grade 2 / Adapted Interactive Digital Content for Hearing Impaired(HI) / Environmental Activities Grade 2 Special Needs Education / Grade 2 / Adapted Interactive Digital Content for Hearing Impaired(HI) / Hygiene and Nutrition Grade 2 Special Needs Education / Grade 2 / Adapted Interactive Digital Content for Hearing Impaired(HI) / Christian Religious Education Grade 2 (HI) Special Needs Education / Grade 2 / Adapted Interactive Digital Content for Hearing Impaired(HI) / Literacy Activities Grade2 (HI) Special Needs Education / Grade 2 / Adapted Interactive Digital Content for Hearing Impaired(HI) / English Activities Grad2 H.I Special Needs Education / Grade 2 / Adapted Interactive Digital Content for Hearing Impaired(HI) / Creative Activities Grade2 -H.I Special Needs Education / Grade 2 / Adapted Interactive Digital Content for Visual Impaired(VI) Special Needs Education / Grade 2 / Adapted Interactive Digital Content for Visual Impaired(VI) / Mathematics Special Needs Education / Grade 2 / Adapted Interactive Digital Content for Visual Impaired(VI) / Kiswahili Special Needs Education / Grade 2 / Adapted Interactive Digital Content for Visual Impaired(VI) / English Special Needs Education / Grade 2 / Adapted Interactive Digital Content for Visual Impaired(VI) / Creative Activities Special Needs Education / Grade 2 / Adapted Interactive Digital Content for Visual Impaired(VI) / CRE Special Needs Education / Grade 3 Special Needs Education / Grade 3 / Adapted Interactive Digital Content for Learners with Hearing Impairment (HI) Special Needs Education / Grade 3 / Adapted Interactive Digital Content for Learners with Hearing Impairment (HI) / Visual Arts Special Needs Education / Grade 3 / Adapted Interactive Digital Content for Learners with Hearing Impairment (HI) / English Special Needs Education / Grade 3 / Adapted Interactive Digital Content for Learners with Hearing Impairment (HI) / Hygiene and Nutrition Special Needs Education / Grade 3 / Adapted Interactive Digital Content for Learners with Hearing Impairment (HI) / Music Special Needs Education / Grade 3 / Adapted Interactive Digital Content for Learners with Hearing Impairment (HI) / Mathematics Special Needs Education / Grade 3 / Adapted Interactive Digital Content for Learners with Hearing Impairment (HI) / Environmental Special Needs Education / Grade 3 / Adapted Interactive Digital Content for Learners with Hearing Impairment (HI) / CRE Special Needs Education / Grade 3 / Adapted Interactive Digital Content for Learners with Visual Impairment (VI) Special Needs Education / Grade 3 / Adapted Interactive Digital Content for Learners with Visual Impairment (VI) / Music Special Needs Education / Grade 3 / Adapted Interactive Digital Content for Learners with Visual Impairment (VI) / Mathematics Special Needs Education / Grade 3 / Adapted Interactive Digital Content for Learners with Visual Impairment (VI) / Visual Arts Special Needs Education / Grade 3 / Adapted Interactive Digital Content for Learners with Visual Impairment (VI) / Kiswahili Special Needs Education / Grade 3 / Adapted Interactive Digital Content for Learners with Visual Impairment (VI) / Hygiene and Nutrition Special Needs Education / Grade 3 / Adapted Interactive Digital Content for Learners with Visual Impairment (VI) / Environmental Special Needs Education / Grade 3 / Adapted Interactive Digital Content for Learners with Visual Impairment (VI) / English Special Needs Education / Grade 3 / Adapted Interactive Digital Content for Learners with Visual Impairment (VI) / CRE Special Needs Education / Grade 4 Special Needs Education / Grade 4 / Adapted Interactive Digital Content for Learners with Hearing Impairment (HI) Special Needs Education / Grade 4 / Adapted Interactive Digital Content for Learners with Hearing Impairment (HI) / Mathematics Special Needs Education / Grade 4 / Adapted Interactive Digital Content for Learners with Hearing Impairment (HI) / English Special Needs Education / Grade 4 / Adapted Interactive Digital Content for Learners with Hearing Impairment (HI) / Science and Technology Special Needs Education / Grade 4 / Adapted Interactive Digital Content for Learners with Hearing Impairment (HI) / Agriculture Special Needs Education / Grade 4 / Adapted Interactive Digital Content for Learners with Hearing Impairment (HI) / Social Studies Special Needs Education / Grade 4 / Adapted Interactive Digital Content for Learners with Hearing Impairment (HI) / Home Science Special Needs Education / Grade 4 / Adapted Interactive Digital Content for Learners with Hearing Impairment (HI) / Art and Craft Special Needs Education / Grade 4 / Adapted Interactive Digital Content for Learners with Hearing Impairment (HI) / Music Special Needs Education / Grade 4 / Adapted Interactive Digital Content for Learners with Hearing Impairment (HI) / Christian Religious Education (CRE) Special Needs Education / Grade 4 / Adapted Interactive Digital Content for Learners with Visual Impairment (VI) Special Needs Education / Grade 4 / Adapted Interactive Digital Content for Learners with Visual Impairment (VI) / Mathematics Special Needs Education / Grade 4 / Adapted Interactive Digital Content for Learners with Visual Impairment (VI) / English Special Needs Education / Grade 4 / Adapted Interactive Digital Content for Learners with Visual Impairment (VI) / Kiswahili Special Needs Education / Grade 4 / Adapted Interactive Digital Content for Learners with Visual Impairment (VI) / Science and Technology Special Needs Education / Grade 4 / Adapted Interactive Digital Content for Learners with Visual Impairment (VI) / Agriculture Special Needs Education / Grade 4 / Adapted Interactive Digital Content for Learners with Visual Impairment (VI) / Social Studies Special Needs Education / Grade 4 / Adapted Interactive Digital Content for Learners with Visual Impairment (VI) / Home Science Special Needs Education / Grade 4 / Adapted Interactive Digital Content for Learners with Visual Impairment (VI) / Art and Craft Special Needs Education / Grade 4 / Adapted Interactive Digital Content for Learners with Visual Impairment (VI) / Christian Religious Education (CRE) Special Needs Education / Grade 4 / Adapted Interactive Digital Content for Learners with Visual Impairment (VI) / Music Special Needs Education / Grade 5 Special Needs Education / Grade 5 / Adapted Interactive Digital Content for Learners with Hearing Impairment (HI) Special Needs Education / Grade 5 / Adapted Interactive Digital Content for Learners with Hearing Impairment (HI) / English Special Needs Education / Grade 5 / Adapted Interactive Digital Content for Learners with Hearing Impairment (HI) / Christian Religious Education Special Needs Education / Grade 5 / Adapted Interactive Digital Content for Learners with Hearing Impairment (HI) / Social Studies Special Needs Education / Grade 5 / Adapted Interactive Digital Content for Learners with Hearing Impairment (HI) / Agriculture and Nutrition Special Needs Education / Grade 5 / Adapted Interactive Digital Content for Learners with Hearing Impairment (HI) / Creative Arts Special Needs Education / Grade 5 / Adapted Interactive Digital Content for Learners with Hearing Impairment (HI) / Mathematics Special Needs Education / Grade 5 / Adapted Interactive Digital Content for Learners with Hearing Impairment (HI) / Science and Technology Special Needs Education / Grade 5 / Adapted Interactive Digital Content for Learners with Hearing Impairment (HI) / Islamic Religious Education Special Needs Education / Grade 5 / Adapted Interactive Digital Content for Learners with Visual Impairment (VI) Special Needs Education / Grade 5 / Adapted Interactive Digital Content for Learners with Visual Impairment (VI) / Creative Arts Special Needs Education / Grade 5 / Adapted Interactive Digital Content for Learners with Visual Impairment (VI) / Social Studies Special Needs Education / Grade 5 / Adapted Interactive Digital Content for Learners with Visual Impairment (VI) / Kiswahili Special Needs Education / Grade 5 / Adapted Interactive Digital Content for Learners with Visual Impairment (VI) / Christian Religious Education Special Needs Education / Grade 5 / Adapted Interactive Digital Content for Learners with Visual Impairment (VI) / Science and Technology Special Needs Education / Grade 5 / Adapted Interactive Digital Content for Learners with Visual Impairment (VI) / Agriculture and Nutrition Special Needs Education / Grade 5 / Adapted Interactive Digital Content for Learners with Visual Impairment (VI) / Islamic Religious Education Special Needs Education / Grade 5 / Adapted Interactive Digital Content for Learners with Visual Impairment (VI) / Mathematics Special Needs Education / Grade 5 / Adapted Interactive Digital Content for Learners with Visual Impairment (VI) / English Special Needs Education / Grade 6 Special Needs Education / Grade 6 / Adapted Interactive Digital Content for Learners with Hearing Impairment (HI) Special Needs Education / Grade 6 / Adapted Interactive Digital Content for Learners with Hearing Impairment (HI) / Science and Technology Special Needs Education / Grade 6 / Adapted Interactive Digital Content for Learners with Hearing Impairment (HI) / Christian Religious Education Special Needs Education / Grade 6 / Adapted Interactive Digital Content for Learners with Hearing Impairment (HI) / Creative Arts Special Needs Education / Grade 6 / Adapted Interactive Digital Content for Learners with Hearing Impairment (HI) / Islamic Religious Education Special Needs Education / Grade 6 / Adapted Interactive Digital Content for Learners with Hearing Impairment (HI) / English Special Needs Education / Grade 6 / Adapted Interactive Digital Content for Learners with Hearing Impairment (HI) / Social Studies Special Needs Education / Grade 6 / Adapted Interactive Digital Content for Learners with Hearing Impairment (HI) / Agriculture Special Needs Education / Grade 6 / Adapted Interactive Digital Content for Learners with Hearing Impairment (HI) / Mathematics Special Needs Education / Grade 6 / Adapted Interactive Digital Content for Learners with Visual Impairment (VI) Special Needs Education / Grade 6 / Adapted Interactive Digital Content for Learners with Visual Impairment (VI) / Christian Religious Education Special Needs Education / Grade 6 / Adapted Interactive Digital Content for Learners with Visual Impairment (VI) / Kiswahili Special Needs Education / Grade 6 / Adapted Interactive Digital Content for Learners with Visual Impairment (VI) / English Special Needs Education / Grade 6 / Adapted Interactive Digital Content for Learners with Visual Impairment (VI) / Creative Arts Special Needs Education / Grade 6 / Adapted Interactive Digital Content for Learners with Visual Impairment (VI) / Mathematics Special Needs Education / Grade 6 / Adapted Interactive Digital Content for Learners with Visual Impairment (VI) / Science and Technology Special Needs Education / Grade 6 / Adapted Interactive Digital Content for Learners with Visual Impairment (VI) / Islamic Religious Education Special Needs Education / Grade 6 / Adapted Interactive Digital Content for Learners with Visual Impairment (VI) / Social Studies Special Needs Education / Grade 6 / Adapted Interactive Digital Content for Learners with Visual Impairment (VI) / Agriculture and Nutrition Special Needs Education / Ebooks Special Needs Education / Videos Special Needs Education / Foundational and Stage-Based Special Needs Education / Prevocational Level Special Needs Education / Prevocational Level / Music Special Needs Education / Prevocational Level / Hindu Religious Education Special Needs Education / Prevocational Level / Christian Religious Education Special Needs Education / Prevocational Level / Physical Education Special Needs Education / Prevocational Level / Islamic Religious Education Special Needs Education / Prevocational Level / Social Studies Special Needs Education / Prevocational Level / Prevocational Skills 1 Special Needs Education / Prevocational Level / Prevocational Skills 2 Special Needs Education / Prevocational Level / Prevocational Skills 3 Accessible Digital Textbooks Interactive Simulations for Sciences and Mathematics Interactive Simulations for Sciences and Mathematics / Physics Interactive Simulations for Sciences and Mathematics / Chemistry Interactive Simulations for Sciences and Mathematics / Mathematics Information, Education and Communication(IEC) Materials Information, Education and Communication(IEC) Materials / Child Online Safety Information, Education and Communication(IEC) Materials / Child Road Safety Information, Education and Communication(IEC) Materials / Child Road Safety / Integration Matrices Information, Education and Communication(IEC) Materials / Child Road Safety / Integration Matrices / Early Years Education Information, Education and Communication(IEC) Materials / Child Road Safety / Integration Matrices / Upper Primary Information, Education and Communication(IEC) Materials / Child Road Safety / Integration Matrices / Junior School Information, Education and Communication(IEC) Materials / Child Road Safety / Integration Matrices / Senior School Information, Education and Communication(IEC) Materials / Child Road Safety / Information, Education and Communication(IEC) Materials on Child Road Safety Information, Education and Communication(IEC) Materials / Child Road Safety / Information, Education and Communication(IEC) Materials on Child Road Safety / Early Years Education Information, Education and Communication(IEC) Materials / Child Road Safety / Information, Education and Communication(IEC) Materials on Child Road Safety / Upper Primary Information, Education and Communication(IEC) Materials / Child Road Safety / Information, Education and Communication(IEC) Materials on Child Road Safety / Junior School Information, Education and Communication(IEC) Materials / Child Road Safety / Information, Education and Communication(IEC) Materials on Child Road Safety / Senior School Information, Education and Communication(IEC) Materials / Child Road Safety / Teacher's Handbook Information, Education and Communication(IEC) Materials / Financial Literacy Learners’ Toolkit Teacher Resources Teacher Resources / Educational Resources Materials Development Teacher Resources / Educational Resources Materials Development / CRE Teacher Resources / Educational Resources Materials Development / English Teacher Resources / Educational Resources Materials Development / Environment Teacher Resources / Educational Resources Materials Development / Foundations Teacher Resources / Educational Resources Materials Development / H.R.E Teacher Resources / Educational Resources Materials Development / Hygiene and Nutrition Teacher Resources / Educational Resources Materials Development / I.R.E Teacher Resources / Educational Resources Materials Development / Kiswahili Teacher Resources / Educational Resources Materials Development / Language Activities Teacher Resources / Educational Resources Materials Development / Literacy Skills Teacher Resources / Educational Resources Materials Development / Mathematics Teacher Resources / Educational Resources Materials Development / Movements and Arts Teacher Resources / Pre-Primary Teacher Radio Programmes Teacher Resources / CBC Courses Teacher Resources / Special Needs Educations Teacher Resources / Interactive Digital Content for Teacher Education Teacher Resources / Interactive Digital Content for Teacher Education / English Teacher Resources / Interactive Digital Content for Teacher Education / Music Teacher Resources / Interactive Digital Content for Teacher Education / Christian Religious Education Teacher Resources / Interactive Digital Content for Teacher Education / Art and Craft Teacher Resources / Interactive Digital Content for Teacher Education / Indigenous Languages Teacher Resources / Interactive Digital Content for Teacher Education / Home science Teacher Resources / Interactive Digital Content for Teacher Education / Science and Technology Teacher Resources / Interactive Digital Content for Teacher Education / Islamic Religious Education Teacher Resources / Interactive Digital Content for Teacher Education / Mandarin Teacher Resources / Interactive Digital Content for Teacher Education / Agriculture Teacher Resources / Interactive Digital Content for Teacher Education / Mathematics Teacher Resources / Interactive Digital Content for Teacher Education / French Teacher Resources / Interactive Digital Content for Teacher Education / Hindu Religious Education Teacher Resources / Interactive Digital Content for Teacher Education / Social Studies Teacher Resources / Interactive Digital Content for Teacher Education / Kiswahili Teacher Resources / Interactive Digital Content for Teacher Education / Physical Education Teacher Resources / Interactive Digital Content for Teacher Education / Arabic Parental Resources Financial Literacy Financial Literacy / Financial Literacy for Junior School Financial Literacy / Financial Literacy for Junior School / Taxation Financial Literacy / Financial Literacy for Senior School Financial Literacy / Financial Literacy for Senior School / Taxation Search lessons Search Expand allGrade 1Grade 2Grade 3Grade 4Grade 5Grade 6 Home Calendar Pre-primary Pre-Primary 1 Pre-Primary 2 Primary Grade 1 Grade 2 Grade 3 Grade 4 Grade 5 Grade 6 Secondary Grade 7 Grade 8 Form 1 Form 2 Form 3 Form 4 OER's SNE The Kenya Education Cloud (KEC) is a digital platform designed to enhance teaching and learning in Kenya by providing a wide range of digital educational resources. Serving as a centralized hub for e-learning, it promotes access to interactive content, supports modern pedagogical methods, and fosters collaboration among educators and learners. External Links Ministry of Education Kenya National Examinations Council Teachers Service Commission Kenya Kenya Institute of Special Education (KISE) ICT Authority TVET Authority Elimika Additional Resources Accessible Digital Textbook (ADT) Curriculum Reports Parental Resources Child Online Protection Guidelines Our Contacts Kenya Institute of Curriculum DevelopmentDesai Rd, Off Muranga Rd,Nairobi, Kenya. Telephone Contacts+254 729327331 +254 729327334 Email Addressinfo@kicd.ac.ke Kenya Education Cloud © 2024. All rights reserved. Privacy Policy Terms & Conditions (Login) Data retention summary","['mathematics', 'english', 'kiswahili', 'biology', 'chemistry', 'physics', 'geography', 'history', 'business', 'computer', 'agriculture', 'home_science', 'art', 'music', 'physical_education', 'religious_education']",form_1,cbc,[],2025-09-08T00:49:51.015842,unknown,,,,
https://elimika.kec.ac.ke/,Elimika Platform | Kenya Education Cloud | Unlimited Learning Experinces,Elimika,"Elimika Platform | Kenya Education Cloud | Unlimited Learning Experinces Elimika home_app_logoSide panel English ‎(en)‎ Afrikaans ‎(af)‎ English ‎(en)‎ Search Close Search Toggle search input Log in Username Password Remember username Forgot Password? Log in Alternatively, you can Log in to the Elimika platform using your account on: Sign up Home frontpageloaded Search Site announcements Courses Skip to main content The Kenya Education Cloud (KEC) is a digital platform designed to enhance teaching and learning in Kenya by providing a wide range of digital educational resources. Serving as a centralized hub for e-learning, it promotes access to interactive content, supports modern pedagogical methods, and fosters collaboration among educators and learners. Follow Us External Links Ministry of Education Kenya National Examinations Council Teachers Service Commission Kenya Kenya Institute of Special Education (KISE) ICT Authority TVET Authority Follow Us External Links Additional Resources Accessible Digital Textbook (ADT) Curriculum Reports OrangeBook - List of Approved materials Child Online Protection Guidelines Parental Resources Follow Us Additional Resources Our Contacts Kenya Institute of Curriculum DevelopmentDesai Rd, Off Muranga Rd,Nairobi, Kenya.Telephone Contacts+254 729327331+254 729327334Email Addressinfo@kicd.ac.ke Follow Us Our Contacts English ‎(en)‎ Afrikaans ‎(af)‎ English ‎(en)‎ Kenya Institute of Curriculum Development Elimika © 2025. All rights reserved. Terms & Conditions Privacy Policy You are not logged in. (Log in)","['english', 'computer', 'art']",unknown,unknown,[],2025-09-08T00:49:51.258492,unknown,,,,
http://elimika.kec.ac.ke/,Elimika Platform | Kenya Education Cloud | Unlimited Learning Experinces,Elimika,"Elimika Platform | Kenya Education Cloud | Unlimited Learning Experinces Elimika home_app_logoSide panel English ‎(en)‎ Afrikaans ‎(af)‎ English ‎(en)‎ Search Close Search Toggle search input Log in Username Password Remember username Forgot Password? Log in Alternatively, you can Log in to the Elimika platform using your account on: Sign up Home frontpageloaded Search Site announcements Courses Skip to main content The Kenya Education Cloud (KEC) is a digital platform designed to enhance teaching and learning in Kenya by providing a wide range of digital educational resources. Serving as a centralized hub for e-learning, it promotes access to interactive content, supports modern pedagogical methods, and fosters collaboration among educators and learners. Follow Us External Links Ministry of Education Kenya National Examinations Council Teachers Service Commission Kenya Kenya Institute of Special Education (KISE) ICT Authority TVET Authority Follow Us External Links Additional Resources Accessible Digital Textbook (ADT) Curriculum Reports OrangeBook - List of Approved materials Child Online Protection Guidelines Parental Resources Follow Us Additional Resources Our Contacts Kenya Institute of Curriculum DevelopmentDesai Rd, Off Muranga Rd,Nairobi, Kenya.Telephone Contacts+254 729327331+254 729327334Email Addressinfo@kicd.ac.ke Follow Us Our Contacts English ‎(en)‎ Afrikaans ‎(af)‎ English ‎(en)‎ Kenya Institute of Curriculum Development Elimika © 2025. All rights reserved. Terms & Conditions Privacy Policy You are not logged in. (Log in)","['english', 'computer', 'art']",unknown,unknown,[],2025-09-08T00:49:52.127661,unknown,,,,
https://lms.kec.ac.ke/#maincontent,Digital Content | Kenya Education Cloud | Unlimited Learning Experiences,Powered by Kenya Education Cloud,"Digital Content | Kenya Education Cloud | Unlimited Learning Experiences Skip to main content (Login) KENYA EDUCATIONCLOUD Unlimited learning experiences Start here Explore our digital content Our mission is to provide curated, grade-wise, high-quality, engaging, and accessible digital content to all learners, anywhere.We believe that digital content has the potential to transform education and to make learning more accessible and engaging for everyone. Access digital content for the following categories Explore resources created by KICD, publishers and content creators to inspire creativity, and encourage hands-on learning. Our resources supports learning in the classroom and at home, and includes Interactive digital content, Radio audio lesson, Educhannel TV lessons, and more. Interactive Digital Content Access digital content that is aligned to competency-based curriculum (CBC). Educhanel TV Lessons Access KICD's educhannel broadcasted live lessons on-demand, students can watch multiple times Radio Lessons Interactive radio and audio instruction resources,that foster continuous interaction between learners and the radio characters E-Books Get access to electronic books from KICD Pre-Primary Education Access digital content for the first level of education under the Competency Based Curriculum (CBC) where learners are engaged in their early years of education. Pre-primary 1 Pre-primary 2 Primary Education Access digital content for Primary school education, that provide engaging materials such as interactive lessons, videos, games, and quizzes, that cover essential learning areas and designed to support both in-classroom and at-home learning. Grade 1 Grade 2 Grade 3 Grade 4 Grade 5 Grade 6 Secondary Education Access digital content for Grade 7, Form1, Form 2, Form 3, and Form 4 Grade 7 Form 1 Form 2 Form 3 Form 4 Special Needs Education Adapted Interactive Digital Content for Learners with Hearing Impairment (HI) and Visual Impairment (VI) is designed to ensure inclusive, accessible, and engaging educational experiences for all learners, regardless of their sensory abilities. By utilizing a range of assistive technologies and content modifications, this adapted digital content makes learning more effective and meaningful for students with hearing and visual impairments. Learners with Hearing impairments Learners with Visual impairment Foundational and Stage-based Open Education Resourses(OERs) Open Educational Resources (OER) are freely accessible, openly licensed educational materials that educators, students, and self-learners can use, modify, and redistribute without financial or legal restrictions. These resources provide a flexible and cost-effective way to enhance teaching and learning while promoting the sharing and continuous improvement of educational content. OER Catalogue ABRACADABRA Grade 1,2 and 3 READs E-Books Health Literacy Virtual Labs Simulations Cutting-edge, interactive simulations designed to enhance science, engineering, and technology education. These labs provide a safe and scalable environment where students can perform experiments, explore complex concepts, and reinforce their theoretical understanding through practical applications.. Chemistry Physics Biology Mathematics Information, Education and Communication(IEC) Materials Information, Education, and Communication (IEC) materials are resources designed to inform and educate learners and teachers about specific topics, usually related to health, safety, community development, and other social issues. These materials aim to change knowledge, attitudes, and practices by making information accessible and understandable to the learners and teachers. Child Online Safety Child Road Safety Additional Resources Accessible Digital Textbooks Teacher Resources Parental Resources General Knowledge Educhannel TV Lessons Search lessons Search Home Calendar Pre-primary Pre-Primary 1 Pre-Primary 2 Primary Grade 1 Grade 2 Grade 3 Grade 4 Grade 5 Grade 6 Secondary Grade 7 Grade 8 Form 1 Form 2 Form 3 Form 4 OER's SNE The Kenya Education Cloud (KEC) is a digital platform designed to enhance teaching and learning in Kenya by providing a wide range of digital educational resources. Serving as a centralized hub for e-learning, it promotes access to interactive content, supports modern pedagogical methods, and fosters collaboration among educators and learners. External Links Ministry of Education Kenya National Examinations Council Teachers Service Commission Kenya Kenya Institute of Special Education (KISE) ICT Authority TVET Authority Elimika Additional Resources Accessible Digital Textbook (ADT) Curriculum Reports Parental Resources Child Online Protection Guidelines Our Contacts Kenya Institute of Curriculum DevelopmentDesai Rd, Off Muranga Rd,Nairobi, Kenya. Telephone Contacts+254 729327331 +254 729327334 Email Addressinfo@kicd.ac.ke Kenya Education Cloud © 2024. All rights reserved. Privacy Policy Terms & Conditions (Login) Data retention summary","['mathematics', 'biology', 'chemistry', 'physics', 'geography', 'computer', 'art', 'physical_education', 'religious_education']",form_1,cbc,[],2025-09-08T00:49:52.972698,unknown,,,,
https://oer.kec.ac.ke/courses/grade-6-social-studies-strand-2-visual-impairment/,Grade 6 Social Studies – Strand 2 (Visual Impairment),,"Home About Learning Areas Resources Menu Toggle Learning Areas Forums Events Calendar Mobile App Contact Log In Register Home About Learning Areas Resources Menu Toggle Learning Areas Forums Events Calendar Mobile App Contact Log In Register Home About Learning Areas Resources Menu Toggle Learning Areas Forums Events Calendar Mobile App Contact Log In Register Home About Learning Areas Resources Menu Toggle Learning Areas Forums Events Calendar Mobile App Contact Log In Register Home About Learning Areas Resources Menu Toggle Learning Areas Forums Events Calendar Mobile App Contact Log In Register Main Menu Main Menu Home About Learning Areas Resources Menu Toggle Learning Areas Forums Events Calendar Mobile App Contact Log In Register Home About Learning Areas Resources Menu Toggle Learning Areas Forums Events Calendar Mobile App Contact Log In Register Home About Learning Areas Resources Menu Toggle Learning Areas Forums Events Calendar Mobile App Contact Log In Register Home About Learning Areas Resources Menu Toggle Learning Areas Forums Events Calendar Mobile App Contact Log In Register Grade 6 Social Studies – Strand 2 (Visual Impairment) Current Status Not Enrolled Enroll in this learning area to get access Price Free Get Started Log In to Enroll Learning Area Reviews Learning Area Info This Grade 6 Social Studies class, focused on Strand 2: Human and Economic Development, is designed to help visual-impaired students understand how societies grow and develop over time. The curriculum covers topics such as natural resources, trade, industries, technology, population growth, and sustainable development. License Type: Free | Subscription: None necessary Contact Name: KICD elearning department Contact Email: support@kec.ac.ke or info@kicd.ac.ke Contact Phone: +254 20 3749900-9, +254 20 3749900-3, +254 729 327 334, +254 787 883 311 Average Review Score: ★★★★★ You must log in and have started this learning area to submit a review. Username or Email Address Password Remember Me orLogin with Google Learning Area Content Grade 6 Social Studies – Strand 2 (Visual Impairment) You don't currently have access to this content Grade 6 Social Studies – Strand 2 (Visual Impairment) Current Status Not Enrolled Enroll in this learning area to get access Price Free Get Started Log In to Enroll Learning Area Reviews Learning Area Info This Grade 6 Social Studies class, focused on Strand 2: Human and Economic Development, is designed to help visual-impaired students understand how societies grow and develop over time. The curriculum covers topics such as natural resources, trade, industries, technology, population growth, and sustainable development. License Type: Free | Subscription: None necessary Contact Name: KICD elearning department Contact Email: support@kec.ac.ke or info@kicd.ac.ke Contact Phone: +254 20 3749900-9, +254 20 3749900-3, +254 729 327 334, +254 787 883 311 Average Review Score: ★★★★★ You must log in and have started this learning area to submit a review. Username or Email Address Password Remember Me orLogin with Google Learning Area Content Grade 6 Social Studies – Strand 2 (Visual Impairment) You don't currently have access to this content Current Status Not Enrolled Enroll in this learning area to get access Price Free Get Started Log In to Enroll Learning Area Reviews Learning Area Info This Grade 6 Social Studies class, focused on Strand 2: Human and Economic Development, is designed to help visual-impaired students understand how societies grow and develop over time. The curriculum covers topics such as natural resources, trade, industries, technology, population growth, and sustainable development. License Type: Free | Subscription: None necessary Contact Name: KICD elearning department Contact Email: support@kec.ac.ke or info@kicd.ac.ke Contact Phone: +254 20 3749900-9, +254 20 3749900-3, +254 729 327 334, +254 787 883 311 Average Review Score: ★★★★★ You must log in and have started this learning area to submit a review. Username or Email Address Password Remember Me orLogin with Google Learning Area Content Grade 6 Social Studies – Strand 2 (Visual Impairment) You don't currently have access to this content Not Enrolled Enroll in this learning area to get access Free Log In to Enroll Learning Area Info This Grade 6 Social Studies class, focused on Strand 2: Human and Economic Development, is designed to help visual-impaired students understand how societies grow and develop over time. The curriculum covers topics such as natural resources, trade, industries, technology, population growth, and sustainable development. License Type: Free | Subscription: None necessary Contact Name: KICD elearning department Contact Email: support@kec.ac.ke or info@kicd.ac.ke Contact Phone: +254 20 3749900-9, +254 20 3749900-3, +254 729 327 334, +254 787 883 311 Average Review Score: ★★★★★ You must log in and have started this learning area to submit a review. Username or Email Address Password Remember Me orLogin with Google Learning Area Info This Grade 6 Social Studies class, focused on Strand 2: Human and Economic Development, is designed to help visual-impaired students understand how societies grow and develop over time. The curriculum covers topics such as natural resources, trade, industries, technology, population growth, and sustainable development. License Type: Free | Subscription: None necessary Contact Name: KICD elearning department Contact Email: support@kec.ac.ke or info@kicd.ac.ke Contact Phone: +254 20 3749900-9, +254 20 3749900-3, +254 729 327 334, +254 787 883 311 Average Review Score: ★★★★★ You must log in and have started this learning area to submit a review. Username or Email Address Password Remember Me orLogin with Google Learning Area Content Grade 6 Social Studies – Strand 2 (Visual Impairment) You don't currently have access to this content Learning Area Content Grade 6 Social Studies – Strand 2 (Visual Impairment) You don't currently have access to this content Grade 6 Social Studies – Strand 2 (Visual Impairment) – oer.kec.ac.ke Skip to content Home About Learning Areas Resources Menu Toggle Learning Areas Forums Events Calendar Mobile App Contact Log In Register Main Menu Home About Learning Areas Resources Menu Toggle Learning Areas Forums Events Calendar Mobile App Contact Log In Register Grade 6 Social Studies – Strand 2 (Visual Impairment) Current Status Not Enrolled Enroll in this learning area to get access Price Free Get Started Log In to Enroll Learning Area Reviews Learning Area Info This Grade 6 Social Studies class, focused on Strand 2: Human and Economic Development, is designed to help visual-impaired students understand how societies grow and develop over time. The curriculum covers topics such as natural resources, trade, industries, technology, population growth, and sustainable development. License Type: Free | Subscription: None necessary Contact Name: KICD elearning department Contact Email: support@kec.ac.ke or info@kicd.ac.ke Contact Phone: +254 20 3749900-9, +254 20 3749900-3, +254 729 327 334, +254 787 883 311 Average Review Score: ★★★★★ You must log in and have started this learning area to submit a review. Username or Email Address Password Remember Me orLogin with Google Learning Area Content Grade 6 Social Studies – Strand 2 (Visual Impairment) You don't currently have access to this content Kenya Institute ofCurriculum DevelopmentOpen Education Resources“Nurturing Every Learners Potential” The Kenya Institute of Curriculum Development(KICD) is an Institute established through the KICDAct No. 4 of 2013 of the laws of Kenya. © 2025 Kenya Institute of Curriculum Development.All Rights Reserved Our Contacts Kenya Institute of Curriculum Development Desai Rd, Off­ Muranga Rd, Nairobi, Kenya. Telephone Contacts +254 20 3749900-9 +254 20 3749900-3 +254 729 327 334 +254 787 883 311 Email Address info@kicd.ac.ke Developed by Darasa Online, a subsidiary of Mashariki Ltd. (Kenya)","['geography', 'computer', 'art', 'religious_education']",grade_6,unknown,[],2025-09-08T00:49:53.025278,unknown,,,,
https://lms.kec.ac.ke/course/index.php?categoryid=94,Grade 5,"Kenya Education Cloud is your ultimate digital learning hub, providing access to curated e-learning resources, educational tools, and innovative content for students, teachers, and institutions.","Grade 5 Home Lessons Primary Education Grade 5 Lesson categories: Pre-Primary Pre-Primary / Radio Lessons Pre-Primary / Educhannel Video Lessons Pre-Primary / Educhannel Video Lessons / Language Activities Pre-Primary / Educhannel Video Lessons / Mathematics Pre-Primary / Educhannel Video Lessons / Our School Pre-Primary / Educhannel Video Lessons / Picture Making Pre-Primary / Educhannel Video Lessons / Social Environment Pre-Primary / Educhannel Video Lessons / Pre-Primary 1 Pre-Primary / Educhannel Video Lessons / Pre-Primary 2 Pre-Primary / Interactive digital Content Pre-Primary / Ebooks Primary Education Primary Education / Grade 1 Primary Education / Grade 1 / Educhannel TV Lessons Primary Education / Grade 1 / Educhannel TV Lessons / English Primary Education / Grade 1 / Educhannel TV Lessons / Mathematics Primary Education / Grade 1 / Educhannel TV Lessons / Kiswahili Primary Education / Grade 1 / Educhannel TV Lessons / Kenya Sign Language(KSL) Primary Education / Grade 1 / Educhannel TV Lessons / Hygiene and nutrition Primary Education / Grade 1 / Educhannel TV Lessons / Environmental Activities Primary Education / Grade 1 / Interactive Digital Content Primary Education / Grade 1 / Radio Lessons Primary Education / Grade 1 / Radio Lessons / Mathematics Primary Education / Grade 1 / Radio Lessons / Mathematics / Grade 1 Term 2 Primary Education / Grade 1 / Radio Lessons / Mathematics / Grade 1 Term 3 Primary Education / Grade 1 / Radio Lessons / Kiswahili Primary Education / Grade 1 / Radio Lessons / Kiswahili / Grade 1 Term 2 Primary Education / Grade 1 / Radio Lessons / Kiswahili / Grade 1 Term 3 Primary Education / Grade 1 / Radio Lessons / English Primary Education / Grade 1 / Radio Lessons / English / Grade 1 Term 2 Primary Education / Grade 1 / Radio Lessons / English / Grade 1 Term 3 Primary Education / Grade 1 / Ebooks Primary Education / Grade 1 / Ebooks / Tusome readers Primary Education / Grade 1 / Ebooks / Indigenous Languages Primary Education / Grade 2 Primary Education / Grade 2 / Interactive Digital Content Primary Education / Grade 2 / Educhannel Tv Lessons Primary Education / Grade 2 / Educhannel Tv Lessons / Mathematics Primary Education / Grade 2 / Educhannel Tv Lessons / English Primary Education / Grade 2 / Radio Lessons Primary Education / Grade 2 / Radio Lessons / Mathematics Primary Education / Grade 2 / Radio Lessons / Mathematics / Grade 2 Term 2 Primary Education / Grade 2 / Radio Lessons / English Primary Education / Grade 2 / Radio Lessons / English / Grade 2 Term 2 Primary Education / Grade 2 / Radio Lessons / English / Grade 2 Term 3 Primary Education / Grade 2 / Radio Lessons / Kiswahili Primary Education / Grade 2 / Radio Lessons / Kiswahili / Grade 2 Term 3 Primary Education / Grade 2 / Hygiene and Nutrition Primary Education / Grade 2 / Hygiene and Nutrition / Grade 2 Term 2 Primary Education / Grade 2 / E-books Primary Education / Grade 2 / E-books / Tusome Readers Primary Education / Grade 3 Primary Education / Grade 3 / Radio Lessons Primary Education / Grade 3 / Radio Lessons / Mathematics Primary Education / Grade 3 / Radio Lessons / Mathematics / Grade 3 Term 2 Primary Education / Grade 3 / Radio Lessons / Mathematics / Grade 3 Term 3 Primary Education / Grade 3 / Radio Lessons / English Primary Education / Grade 3 / Radio Lessons / English / Grade 3 Term 2 Primary Education / Grade 3 / Radio Lessons / English / Grade 3 Term 3 Primary Education / Grade 3 / Radio Lessons / Environmental Activities Primary Education / Grade 3 / Radio Lessons / Environmental Activities / Grade 3 Term 2 Primary Education / Grade 3 / Radio Lessons / Kiswahili Primary Education / Grade 3 / Radio Lessons / Kiswahili / Grade 3 Term 3 Primary Education / Grade 3 / Educhannel TV Lessons Primary Education / Grade 3 / Educhannel TV Lessons / Mathematics Primary Education / Grade 3 / Educhannel TV Lessons / English Primary Education / Grade 3 / Educhannel TV Lessons / Kiswahili Primary Education / Grade 3 / Educhannel TV Lessons / Hygiene and Nutrition Primary Education / Grade 3 / Educhannel TV Lessons / Environmental Activities Primary Education / Grade 3 / Interactive Digital Content Primary Education / Grade 3 / EBooks Primary Education / Grade 3 / Tusome English Video Lessons Primary Education / Grade 3 / Tusome English Video Lessons / Tusome English Grade 3 Lessons Primary Education / Grade 4 Primary Education / Grade 4 / Educhannel Tv Lessons Primary Education / Grade 4 / Educhannel Tv Lessons / Home Science Primary Education / Grade 4 / Educhannel Tv Lessons / Agriculture Primary Education / Grade 4 / Educhannel Tv Lessons / Music Primary Education / Grade 4 / Educhannel Tv Lessons / Physical Education Primary Education / Grade 4 / Educhannel Tv Lessons / Art and Craft Primary Education / Grade 4 / Educhannel Tv Lessons / Kenya Sign Language Primary Education / Grade 4 / Educhannel Tv Lessons / Mathematics Primary Education / Grade 4 / Educhannel Tv Lessons / Science and Technology Primary Education / Grade 4 / Educhannel Tv Lessons / Social Studies Primary Education / Grade 4 / Educhannel Tv Lessons / English Primary Education / Grade 4 / Educhannel Tv Lessons / Kiswahili Primary Education / Grade 4 / Educhannel Tv Lessons / Environmental Activity Primary Education / Grade 4 / Radio lessons Primary Education / Grade 4 / Radio lessons / Social Studies Primary Education / Grade 4 / Radio lessons / Social Studies / Grade 4 Term 2 Primary Education / Grade 4 / Radio lessons / Social Studies / Grade 4 Term 3 Primary Education / Grade 4 / Radio lessons / CRE Primary Education / Grade 4 / Radio lessons / CRE / Grade 4 Term 2 Primary Education / Grade 4 / Radio lessons / English Primary Education / Grade 4 / Radio lessons / English / Grade 4 Term 2 Primary Education / Grade 4 / Radio lessons / English / Grade 4 Term 3 Primary Education / Grade 4 / Radio lessons / Hygiene and Nutrition Primary Education / Grade 4 / Radio lessons / Hygiene and Nutrition / Grade 4 Term 1 Primary Education / Grade 4 / Radio lessons / IRE Primary Education / Grade 4 / Radio lessons / IRE / Grade 4 Term 2 Primary Education / Grade 4 / Radio lessons / Science and Technology Primary Education / Grade 4 / Radio lessons / Science and Technology / Grade 4 Term 3 Primary Education / Grade 4 / Radio lessons / Agriculture Primary Education / Grade 4 / Radio lessons / Agriculture / Grade 4 Term 3 Primary Education / Grade 4 / Radio lessons / Mathematics Primary Education / Grade 4 / Radio lessons / Mathematics / Grade 4 Term 3 Primary Education / Grade 4 / SNE Primary Education / Grade 4 / Interactive Digital Content Primary Education / Grade 5 Primary Education / Grade 5 / Educhannel Tv Lessons Primary Education / Grade 5 / Educhannel Tv Lessons / English Primary Education / Grade 5 / Educhannel Tv Lessons / Kiswahili Primary Education / Grade 5 / Educhannel Tv Lessons / Mathematics Primary Education / Grade 5 / Radio Lessons Primary Education / Grade 5 / Radio Lessons / English Primary Education / Grade 5 / Radio Lessons / Science and Technology Primary Education / Grade 5 / Radio Lessons / Agriculture Primary Education / Grade 5 / Radio Lessons / Social studies Primary Education / Grade 5 / Radio Lessons / Christian Religious Education Primary Education / Grade 5 / Radio Lessons / Mathematics Primary Education / Grade 5 / Interactive Digital Content Primary Education / Grade 6 Primary Education / Grade 6 / Radio Lessons Primary Education / Grade 6 / Radio Lessons / CRE Primary Education / Grade 6 / Radio Lessons / Social Studies Primary Education / Grade 6 / Radio Lessons / Science Primary Education / Grade 6 / Radio Lessons / Kiswahili Primary Education / Grade 6 / Radio Lessons / English Primary Education / Grade 6 / Radio Lessons / Mathematics Primary Education / Grade 6 / Educhannel TV Lessons Primary Education / Grade 6 / Educhannel TV Lessons / Kiswahili Primary Education / Grade 6 / Educhannel TV Lessons / Agriculture Primary Education / Grade 6 / Educhannel TV Lessons / Art and Craft Primary Education / Grade 6 / Educhannel TV Lessons / English Primary Education / Grade 6 / Educhannel TV Lessons / Home Science Primary Education / Grade 6 / Educhannel TV Lessons / Music Primary Education / Grade 6 / Educhannel TV Lessons / Science and technology Primary Education / Grade 6 / Educhannel TV Lessons / Physical health education Primary Education / Grade 6 / Interactive Digital Content Junior School Junior School / Grade 8 Junior School / Grade 8 / Educhannel Tv Lessons Junior School / Grade 8 / Radio Lessons Junior School / Grade 8 / Interactive Digital Content Junior School / Grade 7 Junior School / Grade 7 / Educhannel TV lessons Junior School / Grade 7 / Radio Lessons Junior School / Grade 7 / Radio Lessons / Mathematics Junior School / Grade 7 / Radio Lessons / Kiswahili Junior School / Grade 7 / Radio Lessons / English Junior School / Grade 7 / Radio Lessons / Christian Religious Education Junior School / Grade 7 / Radio Lessons / Integrated Science Junior School / Grade 7 / Radio Lessons / Social Studies Junior School / Grade 7 / Radio Lessons / Pre-Technical Studies Junior School / Grade 7 / Interactive Digital Content Secondary Education Secondary Education / Form 1 Secondary Education / Form 1 / Interactive Digital Content Secondary Education / Form 1 / Educhannel Tv Lessons Secondary Education / Form 1 / Educhannel Tv Lessons / Mathematics Secondary Education / Form 1 / Educhannel Tv Lessons / English Secondary Education / Form 1 / Educhannel Tv Lessons / Physics Secondary Education / Form 1 / Educhannel Tv Lessons / Biology Secondary Education / Form 1 / Educhannel Tv Lessons / Chemistry Secondary Education / Form 1 / Educhannel Tv Lessons / Kiswahili Secondary Education / Form 1 / Educhannel Tv Lessons / History and Government Secondary Education / Form 1 / Educhannel Tv Lessons / Business Studies Secondary Education / Form 1 / Radio Lessons Secondary Education / Form 1 / Ebooks Secondary Education / Form 2 Secondary Education / Form 2 / Interactive Digital Content Secondary Education / Form 2 / Educhannel Tv Lessons Secondary Education / Form 2 / Educhannel Tv Lessons / Physics Secondary Education / Form 2 / Radio Lessons Secondary Education / Form 2 / Radio Lessons / Biology Secondary Education / Form 3 Secondary Education / Form 3 / Interactive Digital Content Secondary Education / Form 3 / Educhannel Tv Lessons Secondary Education / Form 3 / Educhannel Tv Lessons / Mathematics Secondary Education / Form 3 / Educhannel Tv Lessons / English Secondary Education / Form 3 / Educhannel Tv Lessons / Kiswahili Secondary Education / Form 3 / Educhannel Tv Lessons / Biology Secondary Education / Form 3 / Educhannel Tv Lessons / Chemistry Secondary Education / Form 3 / Educhannel Tv Lessons / Physics Secondary Education / Form 3 / Educhannel Tv Lessons / Business Studies Secondary Education / Form 3 / Educhannel Tv Lessons / History and Government Secondary Education / Form 3 / Radio Lessons Secondary Education / Form 4 Secondary Education / Form 4 / Interactive Digital Content Secondary Education / Form 4 / Educhannel Tv Lessons Secondary Education / Form 4 / Educhannel Tv Lessons / Form 4 Mathematics Secondary Education / Form 4 / Educhannel Tv Lessons / Form 4 English Secondary Education / Form 4 / Educhannel Tv Lessons / Form 4 Physics Secondary Education / Form 4 / Educhannel Tv Lessons / Form 4 Biology Secondary Education / Form 4 / Educhannel Tv Lessons / Form 4 Kiswahili Secondary Education / Form 4 / Educhannel Tv Lessons / Form 4 Chemistry Secondary Education / Form 4 / Educhannel Tv Lessons / Form 4 History and Government Secondary Education / Form 4 / Educhannel Tv Lessons / Form 4 Business Studies Secondary Education / Form 4 / Radio Lessons Secondary Education / Form 4 / Radio Lessons / Mathematics Secondary Education / Form 4 / Radio Lessons / Mathematics / Form 4 Term 1 Secondary Education / Form 4 / Radio Lessons / Mathematics / Form 4 Term 2 Secondary Education / Form 4 / Radio Lessons / Mathematics / Form 4 Term 3 General Knowledge General Knowledge / VOA Connect General Knowledge / Ask the expert General Knowledge / Citizenship and Democracy General Knowledge / Digital Story General Knowledge / Impacted Educhannel Lessons Educhannel Lessons / English Educhannel Lessons / English / Transport and travel Educhannel Lessons / English / Pronunciation skills Educhannel Lessons / English / Listening and speaking Educhannel Lessons / English / Family Educhannel Lessons / English / Environment Educhannel Lessons / English / Drug and Substance Educhannel Lessons / Agriculture Educhannel Lessons / Biology Educhannel Lessons / Biology / Living Things Educhannel Lessons / Biology / Secretion and homeostasis Educhannel Lessons / Biology / Support and movement Educhannel Lessons / Business Studies Educhannel Lessons / Chemistry Educhannel Lessons / Earth Movement and Volcanicity Educhannel Lessons / Environmental Activities Educhannel Lessons / Geograpghy Educhannel Lessons / History Educhannel Lessons / History / Kenyan History Educhannel Lessons / Homescience Educhannel Lessons / Homescience / Basic care clothing Educhannel Lessons / Kiswahili Educhannel Lessons / Kiswahili / Primary Educhannel Lessons / Kiswahili / Primary / Darasa 4-5 Educhannel Lessons / Kiswahili / Secondary Educhannel Lessons / Kiswahili / Secondary / Isimu Jamii Educhannel Lessons / Kiswahili / Secondary / Sarufi Educhannel Lessons / Mathematics Educhannel Lessons / Mathematics / Secondary Educhannel Lessons / Mathematics / Secondary / Commercial Arithmetics Educhannel Lessons / Mathematics / Primary Educhannel Lessons / Mathematics / Primary / Class 5-8 Educhannel Lessons / Mathematics / Primary / Class 5-8 / Practical uses of Money Educhannel Lessons / Mathematics / Primary / Class 5-8 / Measurement Educhannel Lessons / Organic Chemistry Educhannel Lessons / Performing Music Educhannel Lessons / Homescience Educhannel Lessons / Homescience / Basic care of clothing Educhannel Lessons / Art and Craft Educhannel Lessons / Physics Educhannel Lessons / Physics / Thermodynamics Educhannel Lessons / Physics / Mechanics Educhannel Lessons / Physics / Electricity and Magnetism Educhannel Lessons / The Doyen Exposition Educhannel Lessons / Science Educhannel Lessons / Science / Making work easier Educhannel Lessons / Science / Living Things Educhannel Lessons / Science / Energy conservation Educhannel Lessons / Physical and Health Education Educhannel Lessons / Physical and Health Education / Grade 1-4 Open Education Resourses(OERs) Open Education Resourses(OERs) / Movement and Creative Activities Open Education Resourses(OERs) / 	Religious Education Activities Open Education Resourses(OERs) / Mathematical Activities Open Education Resourses(OERs) / Environmental Activities Open Education Resourses(OERs) / Kiswahili Language Open Education Resourses(OERs) / LTK | Concordia University Open Education Resourses(OERs) / Hygiene and Nutrition Open Education Resourses(OERs) / ENGLISH LANGUAGE ACTIVITIES Open Education Resourses(OERs) / Casio Materials Open Education Resourses(OERs) / Health Education Open Education Resourses(OERs) / Carbon Literacy Special Needs Education Special Needs Education / Grade 1 Special Needs Education / Grade 1 / Adapted Interactive Digital Content for Hearing Impaired(HI) Special Needs Education / Grade 1 / Adapted Interactive Digital Content for Hearing Impaired(HI) / English Activities Special Needs Education / Grade 1 / Adapted Interactive Digital Content for Hearing Impaired(HI) / Environmental Activities Special Needs Education / Grade 1 / Adapted Interactive Digital Content for Hearing Impaired(HI) / Creative Activities Special Needs Education / Grade 1 / Adapted Interactive Digital Content for Visual Impaired(VI) Special Needs Education / Grade 2 Special Needs Education / Grade 2 / Adapted Interactive Digital Content for Hearing Impaired(HI) Special Needs Education / Grade 2 / Adapted Interactive Digital Content for Hearing Impaired(HI) / Mathematics Grade 2 Special Needs Education / Grade 2 / Adapted Interactive Digital Content for Hearing Impaired(HI) / Environmental Activities Grade 2 Special Needs Education / Grade 2 / Adapted Interactive Digital Content for Hearing Impaired(HI) / Hygiene and Nutrition Grade 2 Special Needs Education / Grade 2 / Adapted Interactive Digital Content for Hearing Impaired(HI) / Christian Religious Education Grade 2 (HI) Special Needs Education / Grade 2 / Adapted Interactive Digital Content for Hearing Impaired(HI) / Literacy Activities Grade2 (HI) Special Needs Education / Grade 2 / Adapted Interactive Digital Content for Hearing Impaired(HI) / English Activities Grad2 H.I Special Needs Education / Grade 2 / Adapted Interactive Digital Content for Hearing Impaired(HI) / Creative Activities Grade2 -H.I Special Needs Education / Grade 2 / Adapted Interactive Digital Content for Visual Impaired(VI) Special Needs Education / Grade 2 / Adapted Interactive Digital Content for Visual Impaired(VI) / Mathematics Special Needs Education / Grade 2 / Adapted Interactive Digital Content for Visual Impaired(VI) / Kiswahili Special Needs Education / Grade 2 / Adapted Interactive Digital Content for Visual Impaired(VI) / English Special Needs Education / Grade 2 / Adapted Interactive Digital Content for Visual Impaired(VI) / Creative Activities Special Needs Education / Grade 2 / Adapted Interactive Digital Content for Visual Impaired(VI) / CRE Special Needs Education / Grade 3 Special Needs Education / Grade 3 / Adapted Interactive Digital Content for Learners with Hearing Impairment (HI) Special Needs Education / Grade 3 / Adapted Interactive Digital Content for Learners with Hearing Impairment (HI) / Visual Arts Special Needs Education / Grade 3 / Adapted Interactive Digital Content for Learners with Hearing Impairment (HI) / English Special Needs Education / Grade 3 / Adapted Interactive Digital Content for Learners with Hearing Impairment (HI) / Hygiene and Nutrition Special Needs Education / Grade 3 / Adapted Interactive Digital Content for Learners with Hearing Impairment (HI) / Music Special Needs Education / Grade 3 / Adapted Interactive Digital Content for Learners with Hearing Impairment (HI) / Mathematics Special Needs Education / Grade 3 / Adapted Interactive Digital Content for Learners with Hearing Impairment (HI) / Environmental Special Needs Education / Grade 3 / Adapted Interactive Digital Content for Learners with Hearing Impairment (HI) / CRE Special Needs Education / Grade 3 / Adapted Interactive Digital Content for Learners with Visual Impairment (VI) Special Needs Education / Grade 3 / Adapted Interactive Digital Content for Learners with Visual Impairment (VI) / Music Special Needs Education / Grade 3 / Adapted Interactive Digital Content for Learners with Visual Impairment (VI) / Mathematics Special Needs Education / Grade 3 / Adapted Interactive Digital Content for Learners with Visual Impairment (VI) / Visual Arts Special Needs Education / Grade 3 / Adapted Interactive Digital Content for Learners with Visual Impairment (VI) / Kiswahili Special Needs Education / Grade 3 / Adapted Interactive Digital Content for Learners with Visual Impairment (VI) / Hygiene and Nutrition Special Needs Education / Grade 3 / Adapted Interactive Digital Content for Learners with Visual Impairment (VI) / Environmental Special Needs Education / Grade 3 / Adapted Interactive Digital Content for Learners with Visual Impairment (VI) / English Special Needs Education / Grade 3 / Adapted Interactive Digital Content for Learners with Visual Impairment (VI) / CRE Special Needs Education / Grade 4 Special Needs Education / Grade 4 / Adapted Interactive Digital Content for Learners with Hearing Impairment (HI) Special Needs Education / Grade 4 / Adapted Interactive Digital Content for Learners with Hearing Impairment (HI) / Mathematics Special Needs Education / Grade 4 / Adapted Interactive Digital Content for Learners with Hearing Impairment (HI) / English Special Needs Education / Grade 4 / Adapted Interactive Digital Content for Learners with Hearing Impairment (HI) / Science and Technology Special Needs Education / Grade 4 / Adapted Interactive Digital Content for Learners with Hearing Impairment (HI) / Agriculture Special Needs Education / Grade 4 / Adapted Interactive Digital Content for Learners with Hearing Impairment (HI) / Social Studies Special Needs Education / Grade 4 / Adapted Interactive Digital Content for Learners with Hearing Impairment (HI) / Home Science Special Needs Education / Grade 4 / Adapted Interactive Digital Content for Learners with Hearing Impairment (HI) / Art and Craft Special Needs Education / Grade 4 / Adapted Interactive Digital Content for Learners with Hearing Impairment (HI) / Music Special Needs Education / Grade 4 / Adapted Interactive Digital Content for Learners with Hearing Impairment (HI) / Christian Religious Education (CRE) Special Needs Education / Grade 4 / Adapted Interactive Digital Content for Learners with Visual Impairment (VI) Special Needs Education / Grade 4 / Adapted Interactive Digital Content for Learners with Visual Impairment (VI) / Mathematics Special Needs Education / Grade 4 / Adapted Interactive Digital Content for Learners with Visual Impairment (VI) / English Special Needs Education / Grade 4 / Adapted Interactive Digital Content for Learners with Visual Impairment (VI) / Kiswahili Special Needs Education / Grade 4 / Adapted Interactive Digital Content for Learners with Visual Impairment (VI) / Science and Technology Special Needs Education / Grade 4 / Adapted Interactive Digital Content for Learners with Visual Impairment (VI) / Agriculture Special Needs Education / Grade 4 / Adapted Interactive Digital Content for Learners with Visual Impairment (VI) / Social Studies Special Needs Education / Grade 4 / Adapted Interactive Digital Content for Learners with Visual Impairment (VI) / Home Science Special Needs Education / Grade 4 / Adapted Interactive Digital Content for Learners with Visual Impairment (VI) / Art and Craft Special Needs Education / Grade 4 / Adapted Interactive Digital Content for Learners with Visual Impairment (VI) / Christian Religious Education (CRE) Special Needs Education / Grade 4 / Adapted Interactive Digital Content for Learners with Visual Impairment (VI) / Music Special Needs Education / Grade 5 Special Needs Education / Grade 5 / Adapted Interactive Digital Content for Learners with Hearing Impairment (HI) Special Needs Education / Grade 5 / Adapted Interactive Digital Content for Learners with Hearing Impairment (HI) / English Special Needs Education / Grade 5 / Adapted Interactive Digital Content for Learners with Hearing Impairment (HI) / Christian Religious Education Special Needs Education / Grade 5 / Adapted Interactive Digital Content for Learners with Hearing Impairment (HI) / Social Studies Special Needs Education / Grade 5 / Adapted Interactive Digital Content for Learners with Hearing Impairment (HI) / Agriculture and Nutrition Special Needs Education / Grade 5 / Adapted Interactive Digital Content for Learners with Hearing Impairment (HI) / Creative Arts Special Needs Education / Grade 5 / Adapted Interactive Digital Content for Learners with Hearing Impairment (HI) / Mathematics Special Needs Education / Grade 5 / Adapted Interactive Digital Content for Learners with Hearing Impairment (HI) / Science and Technology Special Needs Education / Grade 5 / Adapted Interactive Digital Content for Learners with Hearing Impairment (HI) / Islamic Religious Education Special Needs Education / Grade 5 / Adapted Interactive Digital Content for Learners with Visual Impairment (VI) Special Needs Education / Grade 5 / Adapted Interactive Digital Content for Learners with Visual Impairment (VI) / Creative Arts Special Needs Education / Grade 5 / Adapted Interactive Digital Content for Learners with Visual Impairment (VI) / Social Studies Special Needs Education / Grade 5 / Adapted Interactive Digital Content for Learners with Visual Impairment (VI) / Kiswahili Special Needs Education / Grade 5 / Adapted Interactive Digital Content for Learners with Visual Impairment (VI) / Christian Religious Education Special Needs Education / Grade 5 / Adapted Interactive Digital Content for Learners with Visual Impairment (VI) / Science and Technology Special Needs Education / Grade 5 / Adapted Interactive Digital Content for Learners with Visual Impairment (VI) / Agriculture and Nutrition Special Needs Education / Grade 5 / Adapted Interactive Digital Content for Learners with Visual Impairment (VI) / Islamic Religious Education Special Needs Education / Grade 5 / Adapted Interactive Digital Content for Learners with Visual Impairment (VI) / Mathematics Special Needs Education / Grade 5 / Adapted Interactive Digital Content for Learners with Visual Impairment (VI) / English Special Needs Education / Grade 6 Special Needs Education / Grade 6 / Adapted Interactive Digital Content for Learners with Hearing Impairment (HI) Special Needs Education / Grade 6 / Adapted Interactive Digital Content for Learners with Hearing Impairment (HI) / Science and Technology Special Needs Education / Grade 6 / Adapted Interactive Digital Content for Learners with Hearing Impairment (HI) / Christian Religious Education Special Needs Education / Grade 6 / Adapted Interactive Digital Content for Learners with Hearing Impairment (HI) / Creative Arts Special Needs Education / Grade 6 / Adapted Interactive Digital Content for Learners with Hearing Impairment (HI) / Islamic Religious Education Special Needs Education / Grade 6 / Adapted Interactive Digital Content for Learners with Hearing Impairment (HI) / English Special Needs Education / Grade 6 / Adapted Interactive Digital Content for Learners with Hearing Impairment (HI) / Social Studies Special Needs Education / Grade 6 / Adapted Interactive Digital Content for Learners with Hearing Impairment (HI) / Agriculture Special Needs Education / Grade 6 / Adapted Interactive Digital Content for Learners with Hearing Impairment (HI) / Mathematics Special Needs Education / Grade 6 / Adapted Interactive Digital Content for Learners with Visual Impairment (VI) Special Needs Education / Grade 6 / Adapted Interactive Digital Content for Learners with Visual Impairment (VI) / Christian Religious Education Special Needs Education / Grade 6 / Adapted Interactive Digital Content for Learners with Visual Impairment (VI) / Kiswahili Special Needs Education / Grade 6 / Adapted Interactive Digital Content for Learners with Visual Impairment (VI) / English Special Needs Education / Grade 6 / Adapted Interactive Digital Content for Learners with Visual Impairment (VI) / Creative Arts Special Needs Education / Grade 6 / Adapted Interactive Digital Content for Learners with Visual Impairment (VI) / Mathematics Special Needs Education / Grade 6 / Adapted Interactive Digital Content for Learners with Visual Impairment (VI) / Science and Technology Special Needs Education / Grade 6 / Adapted Interactive Digital Content for Learners with Visual Impairment (VI) / Islamic Religious Education Special Needs Education / Grade 6 / Adapted Interactive Digital Content for Learners with Visual Impairment (VI) / Social Studies Special Needs Education / Grade 6 / Adapted Interactive Digital Content for Learners with Visual Impairment (VI) / Agriculture and Nutrition Special Needs Education / Ebooks Special Needs Education / Videos Special Needs Education / Foundational and Stage-Based Special Needs Education / Prevocational Level Special Needs Education / Prevocational Level / Music Special Needs Education / Prevocational Level / Hindu Religious Education Special Needs Education / Prevocational Level / Christian Religious Education Special Needs Education / Prevocational Level / Physical Education Special Needs Education / Prevocational Level / Islamic Religious Education Special Needs Education / Prevocational Level / Social Studies Special Needs Education / Prevocational Level / Prevocational Skills 1 Special Needs Education / Prevocational Level / Prevocational Skills 2 Special Needs Education / Prevocational Level / Prevocational Skills 3 Accessible Digital Textbooks Interactive Simulations for Sciences and Mathematics Interactive Simulations for Sciences and Mathematics / Physics Interactive Simulations for Sciences and Mathematics / Chemistry Interactive Simulations for Sciences and Mathematics / Mathematics Information, Education and Communication(IEC) Materials Information, Education and Communication(IEC) Materials / Child Online Safety Information, Education and Communication(IEC) Materials / Child Road Safety Information, Education and Communication(IEC) Materials / Child Road Safety / Integration Matrices Information, Education and Communication(IEC) Materials / Child Road Safety / Integration Matrices / Early Years Education Information, Education and Communication(IEC) Materials / Child Road Safety / Integration Matrices / Upper Primary Information, Education and Communication(IEC) Materials / Child Road Safety / Integration Matrices / Junior School Information, Education and Communication(IEC) Materials / Child Road Safety / Integration Matrices / Senior School Information, Education and Communication(IEC) Materials / Child Road Safety / Information, Education and Communication(IEC) Materials on Child Road Safety Information, Education and Communication(IEC) Materials / Child Road Safety / Information, Education and Communication(IEC) Materials on Child Road Safety / Early Years Education Information, Education and Communication(IEC) Materials / Child Road Safety / Information, Education and Communication(IEC) Materials on Child Road Safety / Upper Primary Information, Education and Communication(IEC) Materials / Child Road Safety / Information, Education and Communication(IEC) Materials on Child Road Safety / Junior School Information, Education and Communication(IEC) Materials / Child Road Safety / Information, Education and Communication(IEC) Materials on Child Road Safety / Senior School Information, Education and Communication(IEC) Materials / Child Road Safety / Teacher's Handbook Information, Education and Communication(IEC) Materials / Financial Literacy Learners’ Toolkit Teacher Resources Teacher Resources / Educational Resources Materials Development Teacher Resources / Educational Resources Materials Development / CRE Teacher Resources / Educational Resources Materials Development / English Teacher Resources / Educational Resources Materials Development / Environment Teacher Resources / Educational Resources Materials Development / Foundations Teacher Resources / Educational Resources Materials Development / H.R.E Teacher Resources / Educational Resources Materials Development / Hygiene and Nutrition Teacher Resources / Educational Resources Materials Development / I.R.E Teacher Resources / Educational Resources Materials Development / Kiswahili Teacher Resources / Educational Resources Materials Development / Language Activities Teacher Resources / Educational Resources Materials Development / Literacy Skills Teacher Resources / Educational Resources Materials Development / Mathematics Teacher Resources / Educational Resources Materials Development / Movements and Arts Teacher Resources / Pre-Primary Teacher Radio Programmes Teacher Resources / CBC Courses Teacher Resources / Special Needs Educations Teacher Resources / Interactive Digital Content for Teacher Education Teacher Resources / Interactive Digital Content for Teacher Education / English Teacher Resources / Interactive Digital Content for Teacher Education / Music Teacher Resources / Interactive Digital Content for Teacher Education / Christian Religious Education Teacher Resources / Interactive Digital Content for Teacher Education / Art and Craft Teacher Resources / Interactive Digital Content for Teacher Education / Indigenous Languages Teacher Resources / Interactive Digital Content for Teacher Education / Home science Teacher Resources / Interactive Digital Content for Teacher Education / Science and Technology Teacher Resources / Interactive Digital Content for Teacher Education / Islamic Religious Education Teacher Resources / Interactive Digital Content for Teacher Education / Mandarin Teacher Resources / Interactive Digital Content for Teacher Education / Agriculture Teacher Resources / Interactive Digital Content for Teacher Education / Mathematics Teacher Resources / Interactive Digital Content for Teacher Education / French Teacher Resources / Interactive Digital Content for Teacher Education / Hindu Religious Education Teacher Resources / Interactive Digital Content for Teacher Education / Social Studies Teacher Resources / Interactive Digital Content for Teacher Education / Kiswahili Teacher Resources / Interactive Digital Content for Teacher Education / Physical Education Teacher Resources / Interactive Digital Content for Teacher Education / Arabic Parental Resources Financial Literacy Financial Literacy / Financial Literacy for Junior School Financial Literacy / Financial Literacy for Junior School / Taxation Financial Literacy / Financial Literacy for Senior School Financial Literacy / Financial Literacy for Senior School / Taxation Search lessons Search Expand allEduchannel Tv LessonsRadio LessonsInteractive Digital Content Educhannel Tv LessonsRadio LessonsInteractive Digital Content Digital Content | Kenya Education Cloud | Unlimited Learning Experiences Skip to main content (Login) Grade 5 Home Lessons Primary Education Grade 5 Lesson categories: Pre-Primary Pre-Primary / Radio Lessons Pre-Primary / Educhannel Video Lessons Pre-Primary / Educhannel Video Lessons / Language Activities Pre-Primary / Educhannel Video Lessons / Mathematics Pre-Primary / Educhannel Video Lessons / Our School Pre-Primary / Educhannel Video Lessons / Picture Making Pre-Primary / Educhannel Video Lessons / Social Environment Pre-Primary / Educhannel Video Lessons / Pre-Primary 1 Pre-Primary / Educhannel Video Lessons / Pre-Primary 2 Pre-Primary / Interactive digital Content Pre-Primary / Ebooks Primary Education Primary Education / Grade 1 Primary Education / Grade 1 / Educhannel TV Lessons Primary Education / Grade 1 / Educhannel TV Lessons / English Primary Education / Grade 1 / Educhannel TV Lessons / Mathematics Primary Education / Grade 1 / Educhannel TV Lessons / Kiswahili Primary Education / Grade 1 / Educhannel TV Lessons / Kenya Sign Language(KSL) Primary Education / Grade 1 / Educhannel TV Lessons / Hygiene and nutrition Primary Education / Grade 1 / Educhannel TV Lessons / Environmental Activities Primary Education / Grade 1 / Interactive Digital Content Primary Education / Grade 1 / Radio Lessons Primary Education / Grade 1 / Radio Lessons / Mathematics Primary Education / Grade 1 / Radio Lessons / Mathematics / Grade 1 Term 2 Primary Education / Grade 1 / Radio Lessons / Mathematics / Grade 1 Term 3 Primary Education / Grade 1 / Radio Lessons / Kiswahili Primary Education / Grade 1 / Radio Lessons / Kiswahili / Grade 1 Term 2 Primary Education / Grade 1 / Radio Lessons / Kiswahili / Grade 1 Term 3 Primary Education / Grade 1 / Radio Lessons / English Primary Education / Grade 1 / Radio Lessons / English / Grade 1 Term 2 Primary Education / Grade 1 / Radio Lessons / English / Grade 1 Term 3 Primary Education / Grade 1 / Ebooks Primary Education / Grade 1 / Ebooks / Tusome readers Primary Education / Grade 1 / Ebooks / Indigenous Languages Primary Education / Grade 2 Primary Education / Grade 2 / Interactive Digital Content Primary Education / Grade 2 / Educhannel Tv Lessons Primary Education / Grade 2 / Educhannel Tv Lessons / Mathematics Primary Education / Grade 2 / Educhannel Tv Lessons / English Primary Education / Grade 2 / Radio Lessons Primary Education / Grade 2 / Radio Lessons / Mathematics Primary Education / Grade 2 / Radio Lessons / Mathematics / Grade 2 Term 2 Primary Education / Grade 2 / Radio Lessons / English Primary Education / Grade 2 / Radio Lessons / English / Grade 2 Term 2 Primary Education / Grade 2 / Radio Lessons / English / Grade 2 Term 3 Primary Education / Grade 2 / Radio Lessons / Kiswahili Primary Education / Grade 2 / Radio Lessons / Kiswahili / Grade 2 Term 3 Primary Education / Grade 2 / Hygiene and Nutrition Primary Education / Grade 2 / Hygiene and Nutrition / Grade 2 Term 2 Primary Education / Grade 2 / E-books Primary Education / Grade 2 / E-books / Tusome Readers Primary Education / Grade 3 Primary Education / Grade 3 / Radio Lessons Primary Education / Grade 3 / Radio Lessons / Mathematics Primary Education / Grade 3 / Radio Lessons / Mathematics / Grade 3 Term 2 Primary Education / Grade 3 / Radio Lessons / Mathematics / Grade 3 Term 3 Primary Education / Grade 3 / Radio Lessons / English Primary Education / Grade 3 / Radio Lessons / English / Grade 3 Term 2 Primary Education / Grade 3 / Radio Lessons / English / Grade 3 Term 3 Primary Education / Grade 3 / Radio Lessons / Environmental Activities Primary Education / Grade 3 / Radio Lessons / Environmental Activities / Grade 3 Term 2 Primary Education / Grade 3 / Radio Lessons / Kiswahili Primary Education / Grade 3 / Radio Lessons / Kiswahili / Grade 3 Term 3 Primary Education / Grade 3 / Educhannel TV Lessons Primary Education / Grade 3 / Educhannel TV Lessons / Mathematics Primary Education / Grade 3 / Educhannel TV Lessons / English Primary Education / Grade 3 / Educhannel TV Lessons / Kiswahili Primary Education / Grade 3 / Educhannel TV Lessons / Hygiene and Nutrition Primary Education / Grade 3 / Educhannel TV Lessons / Environmental Activities Primary Education / Grade 3 / Interactive Digital Content Primary Education / Grade 3 / EBooks Primary Education / Grade 3 / Tusome English Video Lessons Primary Education / Grade 3 / Tusome English Video Lessons / Tusome English Grade 3 Lessons Primary Education / Grade 4 Primary Education / Grade 4 / Educhannel Tv Lessons Primary Education / Grade 4 / Educhannel Tv Lessons / Home Science Primary Education / Grade 4 / Educhannel Tv Lessons / Agriculture Primary Education / Grade 4 / Educhannel Tv Lessons / Music Primary Education / Grade 4 / Educhannel Tv Lessons / Physical Education Primary Education / Grade 4 / Educhannel Tv Lessons / Art and Craft Primary Education / Grade 4 / Educhannel Tv Lessons / Kenya Sign Language Primary Education / Grade 4 / Educhannel Tv Lessons / Mathematics Primary Education / Grade 4 / Educhannel Tv Lessons / Science and Technology Primary Education / Grade 4 / Educhannel Tv Lessons / Social Studies Primary Education / Grade 4 / Educhannel Tv Lessons / English Primary Education / Grade 4 / Educhannel Tv Lessons / Kiswahili Primary Education / Grade 4 / Educhannel Tv Lessons / Environmental Activity Primary Education / Grade 4 / Radio lessons Primary Education / Grade 4 / Radio lessons / Social Studies Primary Education / Grade 4 / Radio lessons / Social Studies / Grade 4 Term 2 Primary Education / Grade 4 / Radio lessons / Social Studies / Grade 4 Term 3 Primary Education / Grade 4 / Radio lessons / CRE Primary Education / Grade 4 / Radio lessons / CRE / Grade 4 Term 2 Primary Education / Grade 4 / Radio lessons / English Primary Education / Grade 4 / Radio lessons / English / Grade 4 Term 2 Primary Education / Grade 4 / Radio lessons / English / Grade 4 Term 3 Primary Education / Grade 4 / Radio lessons / Hygiene and Nutrition Primary Education / Grade 4 / Radio lessons / Hygiene and Nutrition / Grade 4 Term 1 Primary Education / Grade 4 / Radio lessons / IRE Primary Education / Grade 4 / Radio lessons / IRE / Grade 4 Term 2 Primary Education / Grade 4 / Radio lessons / Science and Technology Primary Education / Grade 4 / Radio lessons / Science and Technology / Grade 4 Term 3 Primary Education / Grade 4 / Radio lessons / Agriculture Primary Education / Grade 4 / Radio lessons / Agriculture / Grade 4 Term 3 Primary Education / Grade 4 / Radio lessons / Mathematics Primary Education / Grade 4 / Radio lessons / Mathematics / Grade 4 Term 3 Primary Education / Grade 4 / SNE Primary Education / Grade 4 / Interactive Digital Content Primary Education / Grade 5 Primary Education / Grade 5 / Educhannel Tv Lessons Primary Education / Grade 5 / Educhannel Tv Lessons / English Primary Education / Grade 5 / Educhannel Tv Lessons / Kiswahili Primary Education / Grade 5 / Educhannel Tv Lessons / Mathematics Primary Education / Grade 5 / Radio Lessons Primary Education / Grade 5 / Radio Lessons / English Primary Education / Grade 5 / Radio Lessons / Science and Technology Primary Education / Grade 5 / Radio Lessons / Agriculture Primary Education / Grade 5 / Radio Lessons / Social studies Primary Education / Grade 5 / Radio Lessons / Christian Religious Education Primary Education / Grade 5 / Radio Lessons / Mathematics Primary Education / Grade 5 / Interactive Digital Content Primary Education / Grade 6 Primary Education / Grade 6 / Radio Lessons Primary Education / Grade 6 / Radio Lessons / CRE Primary Education / Grade 6 / Radio Lessons / Social Studies Primary Education / Grade 6 / Radio Lessons / Science Primary Education / Grade 6 / Radio Lessons / Kiswahili Primary Education / Grade 6 / Radio Lessons / English Primary Education / Grade 6 / Radio Lessons / Mathematics Primary Education / Grade 6 / Educhannel TV Lessons Primary Education / Grade 6 / Educhannel TV Lessons / Kiswahili Primary Education / Grade 6 / Educhannel TV Lessons / Agriculture Primary Education / Grade 6 / Educhannel TV Lessons / Art and Craft Primary Education / Grade 6 / Educhannel TV Lessons / English Primary Education / Grade 6 / Educhannel TV Lessons / Home Science Primary Education / Grade 6 / Educhannel TV Lessons / Music Primary Education / Grade 6 / Educhannel TV Lessons / Science and technology Primary Education / Grade 6 / Educhannel TV Lessons / Physical health education Primary Education / Grade 6 / Interactive Digital Content Junior School Junior School / Grade 8 Junior School / Grade 8 / Educhannel Tv Lessons Junior School / Grade 8 / Radio Lessons Junior School / Grade 8 / Interactive Digital Content Junior School / Grade 7 Junior School / Grade 7 / Educhannel TV lessons Junior School / Grade 7 / Radio Lessons Junior School / Grade 7 / Radio Lessons / Mathematics Junior School / Grade 7 / Radio Lessons / Kiswahili Junior School / Grade 7 / Radio Lessons / English Junior School / Grade 7 / Radio Lessons / Christian Religious Education Junior School / Grade 7 / Radio Lessons / Integrated Science Junior School / Grade 7 / Radio Lessons / Social Studies Junior School / Grade 7 / Radio Lessons / Pre-Technical Studies Junior School / Grade 7 / Interactive Digital Content Secondary Education Secondary Education / Form 1 Secondary Education / Form 1 / Interactive Digital Content Secondary Education / Form 1 / Educhannel Tv Lessons Secondary Education / Form 1 / Educhannel Tv Lessons / Mathematics Secondary Education / Form 1 / Educhannel Tv Lessons / English Secondary Education / Form 1 / Educhannel Tv Lessons / Physics Secondary Education / Form 1 / Educhannel Tv Lessons / Biology Secondary Education / Form 1 / Educhannel Tv Lessons / Chemistry Secondary Education / Form 1 / Educhannel Tv Lessons / Kiswahili Secondary Education / Form 1 / Educhannel Tv Lessons / History and Government Secondary Education / Form 1 / Educhannel Tv Lessons / Business Studies Secondary Education / Form 1 / Radio Lessons Secondary Education / Form 1 / Ebooks Secondary Education / Form 2 Secondary Education / Form 2 / Interactive Digital Content Secondary Education / Form 2 / Educhannel Tv Lessons Secondary Education / Form 2 / Educhannel Tv Lessons / Physics Secondary Education / Form 2 / Radio Lessons Secondary Education / Form 2 / Radio Lessons / Biology Secondary Education / Form 3 Secondary Education / Form 3 / Interactive Digital Content Secondary Education / Form 3 / Educhannel Tv Lessons Secondary Education / Form 3 / Educhannel Tv Lessons / Mathematics Secondary Education / Form 3 / Educhannel Tv Lessons / English Secondary Education / Form 3 / Educhannel Tv Lessons / Kiswahili Secondary Education / Form 3 / Educhannel Tv Lessons / Biology Secondary Education / Form 3 / Educhannel Tv Lessons / Chemistry Secondary Education / Form 3 / Educhannel Tv Lessons / Physics Secondary Education / Form 3 / Educhannel Tv Lessons / Business Studies Secondary Education / Form 3 / Educhannel Tv Lessons / History and Government Secondary Education / Form 3 / Radio Lessons Secondary Education / Form 4 Secondary Education / Form 4 / Interactive Digital Content Secondary Education / Form 4 / Educhannel Tv Lessons Secondary Education / Form 4 / Educhannel Tv Lessons / Form 4 Mathematics Secondary Education / Form 4 / Educhannel Tv Lessons / Form 4 English Secondary Education / Form 4 / Educhannel Tv Lessons / Form 4 Physics Secondary Education / Form 4 / Educhannel Tv Lessons / Form 4 Biology Secondary Education / Form 4 / Educhannel Tv Lessons / Form 4 Kiswahili Secondary Education / Form 4 / Educhannel Tv Lessons / Form 4 Chemistry Secondary Education / Form 4 / Educhannel Tv Lessons / Form 4 History and Government Secondary Education / Form 4 / Educhannel Tv Lessons / Form 4 Business Studies Secondary Education / Form 4 / Radio Lessons Secondary Education / Form 4 / Radio Lessons / Mathematics Secondary Education / Form 4 / Radio Lessons / Mathematics / Form 4 Term 1 Secondary Education / Form 4 / Radio Lessons / Mathematics / Form 4 Term 2 Secondary Education / Form 4 / Radio Lessons / Mathematics / Form 4 Term 3 General Knowledge General Knowledge / VOA Connect General Knowledge / Ask the expert General Knowledge / Citizenship and Democracy General Knowledge / Digital Story General Knowledge / Impacted Educhannel Lessons Educhannel Lessons / English Educhannel Lessons / English / Transport and travel Educhannel Lessons / English / Pronunciation skills Educhannel Lessons / English / Listening and speaking Educhannel Lessons / English / Family Educhannel Lessons / English / Environment Educhannel Lessons / English / Drug and Substance Educhannel Lessons / Agriculture Educhannel Lessons / Biology Educhannel Lessons / Biology / Living Things Educhannel Lessons / Biology / Secretion and homeostasis Educhannel Lessons / Biology / Support and movement Educhannel Lessons / Business Studies Educhannel Lessons / Chemistry Educhannel Lessons / Earth Movement and Volcanicity Educhannel Lessons / Environmental Activities Educhannel Lessons / Geograpghy Educhannel Lessons / History Educhannel Lessons / History / Kenyan History Educhannel Lessons / Homescience Educhannel Lessons / Homescience / Basic care clothing Educhannel Lessons / Kiswahili Educhannel Lessons / Kiswahili / Primary Educhannel Lessons / Kiswahili / Primary / Darasa 4-5 Educhannel Lessons / Kiswahili / Secondary Educhannel Lessons / Kiswahili / Secondary / Isimu Jamii Educhannel Lessons / Kiswahili / Secondary / Sarufi Educhannel Lessons / Mathematics Educhannel Lessons / Mathematics / Secondary Educhannel Lessons / Mathematics / Secondary / Commercial Arithmetics Educhannel Lessons / Mathematics / Primary Educhannel Lessons / Mathematics / Primary / Class 5-8 Educhannel Lessons / Mathematics / Primary / Class 5-8 / Practical uses of Money Educhannel Lessons / Mathematics / Primary / Class 5-8 / Measurement Educhannel Lessons / Organic Chemistry Educhannel Lessons / Performing Music Educhannel Lessons / Homescience Educhannel Lessons / Homescience / Basic care of clothing Educhannel Lessons / Art and Craft Educhannel Lessons / Physics Educhannel Lessons / Physics / Thermodynamics Educhannel Lessons / Physics / Mechanics Educhannel Lessons / Physics / Electricity and Magnetism Educhannel Lessons / The Doyen Exposition Educhannel Lessons / Science Educhannel Lessons / Science / Making work easier Educhannel Lessons / Science / Living Things Educhannel Lessons / Science / Energy conservation Educhannel Lessons / Physical and Health Education Educhannel Lessons / Physical and Health Education / Grade 1-4 Open Education Resourses(OERs) Open Education Resourses(OERs) / Movement and Creative Activities Open Education Resourses(OERs) / 	Religious Education Activities Open Education Resourses(OERs) / Mathematical Activities Open Education Resourses(OERs) / Environmental Activities Open Education Resourses(OERs) / Kiswahili Language Open Education Resourses(OERs) / LTK | Concordia University Open Education Resourses(OERs) / Hygiene and Nutrition Open Education Resourses(OERs) / ENGLISH LANGUAGE ACTIVITIES Open Education Resourses(OERs) / Casio Materials Open Education Resourses(OERs) / Health Education Open Education Resourses(OERs) / Carbon Literacy Special Needs Education Special Needs Education / Grade 1 Special Needs Education / Grade 1 / Adapted Interactive Digital Content for Hearing Impaired(HI) Special Needs Education / Grade 1 / Adapted Interactive Digital Content for Hearing Impaired(HI) / English Activities Special Needs Education / Grade 1 / Adapted Interactive Digital Content for Hearing Impaired(HI) / Environmental Activities Special Needs Education / Grade 1 / Adapted Interactive Digital Content for Hearing Impaired(HI) / Creative Activities Special Needs Education / Grade 1 / Adapted Interactive Digital Content for Visual Impaired(VI) Special Needs Education / Grade 2 Special Needs Education / Grade 2 / Adapted Interactive Digital Content for Hearing Impaired(HI) Special Needs Education / Grade 2 / Adapted Interactive Digital Content for Hearing Impaired(HI) / Mathematics Grade 2 Special Needs Education / Grade 2 / Adapted Interactive Digital Content for Hearing Impaired(HI) / Environmental Activities Grade 2 Special Needs Education / Grade 2 / Adapted Interactive Digital Content for Hearing Impaired(HI) / Hygiene and Nutrition Grade 2 Special Needs Education / Grade 2 / Adapted Interactive Digital Content for Hearing Impaired(HI) / Christian Religious Education Grade 2 (HI) Special Needs Education / Grade 2 / Adapted Interactive Digital Content for Hearing Impaired(HI) / Literacy Activities Grade2 (HI) Special Needs Education / Grade 2 / Adapted Interactive Digital Content for Hearing Impaired(HI) / English Activities Grad2 H.I Special Needs Education / Grade 2 / Adapted Interactive Digital Content for Hearing Impaired(HI) / Creative Activities Grade2 -H.I Special Needs Education / Grade 2 / Adapted Interactive Digital Content for Visual Impaired(VI) Special Needs Education / Grade 2 / Adapted Interactive Digital Content for Visual Impaired(VI) / Mathematics Special Needs Education / Grade 2 / Adapted Interactive Digital Content for Visual Impaired(VI) / Kiswahili Special Needs Education / Grade 2 / Adapted Interactive Digital Content for Visual Impaired(VI) / English Special Needs Education / Grade 2 / Adapted Interactive Digital Content for Visual Impaired(VI) / Creative Activities Special Needs Education / Grade 2 / Adapted Interactive Digital Content for Visual Impaired(VI) / CRE Special Needs Education / Grade 3 Special Needs Education / Grade 3 / Adapted Interactive Digital Content for Learners with Hearing Impairment (HI) Special Needs Education / Grade 3 / Adapted Interactive Digital Content for Learners with Hearing Impairment (HI) / Visual Arts Special Needs Education / Grade 3 / Adapted Interactive Digital Content for Learners with Hearing Impairment (HI) / English Special Needs Education / Grade 3 / Adapted Interactive Digital Content for Learners with Hearing Impairment (HI) / Hygiene and Nutrition Special Needs Education / Grade 3 / Adapted Interactive Digital Content for Learners with Hearing Impairment (HI) / Music Special Needs Education / Grade 3 / Adapted Interactive Digital Content for Learners with Hearing Impairment (HI) / Mathematics Special Needs Education / Grade 3 / Adapted Interactive Digital Content for Learners with Hearing Impairment (HI) / Environmental Special Needs Education / Grade 3 / Adapted Interactive Digital Content for Learners with Hearing Impairment (HI) / CRE Special Needs Education / Grade 3 / Adapted Interactive Digital Content for Learners with Visual Impairment (VI) Special Needs Education / Grade 3 / Adapted Interactive Digital Content for Learners with Visual Impairment (VI) / Music Special Needs Education / Grade 3 / Adapted Interactive Digital Content for Learners with Visual Impairment (VI) / Mathematics Special Needs Education / Grade 3 / Adapted Interactive Digital Content for Learners with Visual Impairment (VI) / Visual Arts Special Needs Education / Grade 3 / Adapted Interactive Digital Content for Learners with Visual Impairment (VI) / Kiswahili Special Needs Education / Grade 3 / Adapted Interactive Digital Content for Learners with Visual Impairment (VI) / Hygiene and Nutrition Special Needs Education / Grade 3 / Adapted Interactive Digital Content for Learners with Visual Impairment (VI) / Environmental Special Needs Education / Grade 3 / Adapted Interactive Digital Content for Learners with Visual Impairment (VI) / English Special Needs Education / Grade 3 / Adapted Interactive Digital Content for Learners with Visual Impairment (VI) / CRE Special Needs Education / Grade 4 Special Needs Education / Grade 4 / Adapted Interactive Digital Content for Learners with Hearing Impairment (HI) Special Needs Education / Grade 4 / Adapted Interactive Digital Content for Learners with Hearing Impairment (HI) / Mathematics Special Needs Education / Grade 4 / Adapted Interactive Digital Content for Learners with Hearing Impairment (HI) / English Special Needs Education / Grade 4 / Adapted Interactive Digital Content for Learners with Hearing Impairment (HI) / Science and Technology Special Needs Education / Grade 4 / Adapted Interactive Digital Content for Learners with Hearing Impairment (HI) / Agriculture Special Needs Education / Grade 4 / Adapted Interactive Digital Content for Learners with Hearing Impairment (HI) / Social Studies Special Needs Education / Grade 4 / Adapted Interactive Digital Content for Learners with Hearing Impairment (HI) / Home Science Special Needs Education / Grade 4 / Adapted Interactive Digital Content for Learners with Hearing Impairment (HI) / Art and Craft Special Needs Education / Grade 4 / Adapted Interactive Digital Content for Learners with Hearing Impairment (HI) / Music Special Needs Education / Grade 4 / Adapted Interactive Digital Content for Learners with Hearing Impairment (HI) / Christian Religious Education (CRE) Special Needs Education / Grade 4 / Adapted Interactive Digital Content for Learners with Visual Impairment (VI) Special Needs Education / Grade 4 / Adapted Interactive Digital Content for Learners with Visual Impairment (VI) / Mathematics Special Needs Education / Grade 4 / Adapted Interactive Digital Content for Learners with Visual Impairment (VI) / English Special Needs Education / Grade 4 / Adapted Interactive Digital Content for Learners with Visual Impairment (VI) / Kiswahili Special Needs Education / Grade 4 / Adapted Interactive Digital Content for Learners with Visual Impairment (VI) / Science and Technology Special Needs Education / Grade 4 / Adapted Interactive Digital Content for Learners with Visual Impairment (VI) / Agriculture Special Needs Education / Grade 4 / Adapted Interactive Digital Content for Learners with Visual Impairment (VI) / Social Studies Special Needs Education / Grade 4 / Adapted Interactive Digital Content for Learners with Visual Impairment (VI) / Home Science Special Needs Education / Grade 4 / Adapted Interactive Digital Content for Learners with Visual Impairment (VI) / Art and Craft Special Needs Education / Grade 4 / Adapted Interactive Digital Content for Learners with Visual Impairment (VI) / Christian Religious Education (CRE) Special Needs Education / Grade 4 / Adapted Interactive Digital Content for Learners with Visual Impairment (VI) / Music Special Needs Education / Grade 5 Special Needs Education / Grade 5 / Adapted Interactive Digital Content for Learners with Hearing Impairment (HI) Special Needs Education / Grade 5 / Adapted Interactive Digital Content for Learners with Hearing Impairment (HI) / English Special Needs Education / Grade 5 / Adapted Interactive Digital Content for Learners with Hearing Impairment (HI) / Christian Religious Education Special Needs Education / Grade 5 / Adapted Interactive Digital Content for Learners with Hearing Impairment (HI) / Social Studies Special Needs Education / Grade 5 / Adapted Interactive Digital Content for Learners with Hearing Impairment (HI) / Agriculture and Nutrition Special Needs Education / Grade 5 / Adapted Interactive Digital Content for Learners with Hearing Impairment (HI) / Creative Arts Special Needs Education / Grade 5 / Adapted Interactive Digital Content for Learners with Hearing Impairment (HI) / Mathematics Special Needs Education / Grade 5 / Adapted Interactive Digital Content for Learners with Hearing Impairment (HI) / Science and Technology Special Needs Education / Grade 5 / Adapted Interactive Digital Content for Learners with Hearing Impairment (HI) / Islamic Religious Education Special Needs Education / Grade 5 / Adapted Interactive Digital Content for Learners with Visual Impairment (VI) Special Needs Education / Grade 5 / Adapted Interactive Digital Content for Learners with Visual Impairment (VI) / Creative Arts Special Needs Education / Grade 5 / Adapted Interactive Digital Content for Learners with Visual Impairment (VI) / Social Studies Special Needs Education / Grade 5 / Adapted Interactive Digital Content for Learners with Visual Impairment (VI) / Kiswahili Special Needs Education / Grade 5 / Adapted Interactive Digital Content for Learners with Visual Impairment (VI) / Christian Religious Education Special Needs Education / Grade 5 / Adapted Interactive Digital Content for Learners with Visual Impairment (VI) / Science and Technology Special Needs Education / Grade 5 / Adapted Interactive Digital Content for Learners with Visual Impairment (VI) / Agriculture and Nutrition Special Needs Education / Grade 5 / Adapted Interactive Digital Content for Learners with Visual Impairment (VI) / Islamic Religious Education Special Needs Education / Grade 5 / Adapted Interactive Digital Content for Learners with Visual Impairment (VI) / Mathematics Special Needs Education / Grade 5 / Adapted Interactive Digital Content for Learners with Visual Impairment (VI) / English Special Needs Education / Grade 6 Special Needs Education / Grade 6 / Adapted Interactive Digital Content for Learners with Hearing Impairment (HI) Special Needs Education / Grade 6 / Adapted Interactive Digital Content for Learners with Hearing Impairment (HI) / Science and Technology Special Needs Education / Grade 6 / Adapted Interactive Digital Content for Learners with Hearing Impairment (HI) / Christian Religious Education Special Needs Education / Grade 6 / Adapted Interactive Digital Content for Learners with Hearing Impairment (HI) / Creative Arts Special Needs Education / Grade 6 / Adapted Interactive Digital Content for Learners with Hearing Impairment (HI) / Islamic Religious Education Special Needs Education / Grade 6 / Adapted Interactive Digital Content for Learners with Hearing Impairment (HI) / English Special Needs Education / Grade 6 / Adapted Interactive Digital Content for Learners with Hearing Impairment (HI) / Social Studies Special Needs Education / Grade 6 / Adapted Interactive Digital Content for Learners with Hearing Impairment (HI) / Agriculture Special Needs Education / Grade 6 / Adapted Interactive Digital Content for Learners with Hearing Impairment (HI) / Mathematics Special Needs Education / Grade 6 / Adapted Interactive Digital Content for Learners with Visual Impairment (VI) Special Needs Education / Grade 6 / Adapted Interactive Digital Content for Learners with Visual Impairment (VI) / Christian Religious Education Special Needs Education / Grade 6 / Adapted Interactive Digital Content for Learners with Visual Impairment (VI) / Kiswahili Special Needs Education / Grade 6 / Adapted Interactive Digital Content for Learners with Visual Impairment (VI) / English Special Needs Education / Grade 6 / Adapted Interactive Digital Content for Learners with Visual Impairment (VI) / Creative Arts Special Needs Education / Grade 6 / Adapted Interactive Digital Content for Learners with Visual Impairment (VI) / Mathematics Special Needs Education / Grade 6 / Adapted Interactive Digital Content for Learners with Visual Impairment (VI) / Science and Technology Special Needs Education / Grade 6 / Adapted Interactive Digital Content for Learners with Visual Impairment (VI) / Islamic Religious Education Special Needs Education / Grade 6 / Adapted Interactive Digital Content for Learners with Visual Impairment (VI) / Social Studies Special Needs Education / Grade 6 / Adapted Interactive Digital Content for Learners with Visual Impairment (VI) / Agriculture and Nutrition Special Needs Education / Ebooks Special Needs Education / Videos Special Needs Education / Foundational and Stage-Based Special Needs Education / Prevocational Level Special Needs Education / Prevocational Level / Music Special Needs Education / Prevocational Level / Hindu Religious Education Special Needs Education / Prevocational Level / Christian Religious Education Special Needs Education / Prevocational Level / Physical Education Special Needs Education / Prevocational Level / Islamic Religious Education Special Needs Education / Prevocational Level / Social Studies Special Needs Education / Prevocational Level / Prevocational Skills 1 Special Needs Education / Prevocational Level / Prevocational Skills 2 Special Needs Education / Prevocational Level / Prevocational Skills 3 Accessible Digital Textbooks Interactive Simulations for Sciences and Mathematics Interactive Simulations for Sciences and Mathematics / Physics Interactive Simulations for Sciences and Mathematics / Chemistry Interactive Simulations for Sciences and Mathematics / Mathematics Information, Education and Communication(IEC) Materials Information, Education and Communication(IEC) Materials / Child Online Safety Information, Education and Communication(IEC) Materials / Child Road Safety Information, Education and Communication(IEC) Materials / Child Road Safety / Integration Matrices Information, Education and Communication(IEC) Materials / Child Road Safety / Integration Matrices / Early Years Education Information, Education and Communication(IEC) Materials / Child Road Safety / Integration Matrices / Upper Primary Information, Education and Communication(IEC) Materials / Child Road Safety / Integration Matrices / Junior School Information, Education and Communication(IEC) Materials / Child Road Safety / Integration Matrices / Senior School Information, Education and Communication(IEC) Materials / Child Road Safety / Information, Education and Communication(IEC) Materials on Child Road Safety Information, Education and Communication(IEC) Materials / Child Road Safety / Information, Education and Communication(IEC) Materials on Child Road Safety / Early Years Education Information, Education and Communication(IEC) Materials / Child Road Safety / Information, Education and Communication(IEC) Materials on Child Road Safety / Upper Primary Information, Education and Communication(IEC) Materials / Child Road Safety / Information, Education and Communication(IEC) Materials on Child Road Safety / Junior School Information, Education and Communication(IEC) Materials / Child Road Safety / Information, Education and Communication(IEC) Materials on Child Road Safety / Senior School Information, Education and Communication(IEC) Materials / Child Road Safety / Teacher's Handbook Information, Education and Communication(IEC) Materials / Financial Literacy Learners’ Toolkit Teacher Resources Teacher Resources / Educational Resources Materials Development Teacher Resources / Educational Resources Materials Development / CRE Teacher Resources / Educational Resources Materials Development / English Teacher Resources / Educational Resources Materials Development / Environment Teacher Resources / Educational Resources Materials Development / Foundations Teacher Resources / Educational Resources Materials Development / H.R.E Teacher Resources / Educational Resources Materials Development / Hygiene and Nutrition Teacher Resources / Educational Resources Materials Development / I.R.E Teacher Resources / Educational Resources Materials Development / Kiswahili Teacher Resources / Educational Resources Materials Development / Language Activities Teacher Resources / Educational Resources Materials Development / Literacy Skills Teacher Resources / Educational Resources Materials Development / Mathematics Teacher Resources / Educational Resources Materials Development / Movements and Arts Teacher Resources / Pre-Primary Teacher Radio Programmes Teacher Resources / CBC Courses Teacher Resources / Special Needs Educations Teacher Resources / Interactive Digital Content for Teacher Education Teacher Resources / Interactive Digital Content for Teacher Education / English Teacher Resources / Interactive Digital Content for Teacher Education / Music Teacher Resources / Interactive Digital Content for Teacher Education / Christian Religious Education Teacher Resources / Interactive Digital Content for Teacher Education / Art and Craft Teacher Resources / Interactive Digital Content for Teacher Education / Indigenous Languages Teacher Resources / Interactive Digital Content for Teacher Education / Home science Teacher Resources / Interactive Digital Content for Teacher Education / Science and Technology Teacher Resources / Interactive Digital Content for Teacher Education / Islamic Religious Education Teacher Resources / Interactive Digital Content for Teacher Education / Mandarin Teacher Resources / Interactive Digital Content for Teacher Education / Agriculture Teacher Resources / Interactive Digital Content for Teacher Education / Mathematics Teacher Resources / Interactive Digital Content for Teacher Education / French Teacher Resources / Interactive Digital Content for Teacher Education / Hindu Religious Education Teacher Resources / Interactive Digital Content for Teacher Education / Social Studies Teacher Resources / Interactive Digital Content for Teacher Education / Kiswahili Teacher Resources / Interactive Digital Content for Teacher Education / Physical Education Teacher Resources / Interactive Digital Content for Teacher Education / Arabic Parental Resources Financial Literacy Financial Literacy / Financial Literacy for Junior School Financial Literacy / Financial Literacy for Junior School / Taxation Financial Literacy / Financial Literacy for Senior School Financial Literacy / Financial Literacy for Senior School / Taxation Search lessons Search Expand allEduchannel Tv LessonsRadio LessonsInteractive Digital Content Home Calendar Pre-primary Pre-Primary 1 Pre-Primary 2 Primary Grade 1 Grade 2 Grade 3 Grade 4 Grade 5 Grade 6 Secondary Grade 7 Grade 8 Form 1 Form 2 Form 3 Form 4 OER's SNE The Kenya Education Cloud (KEC) is a digital platform designed to enhance teaching and learning in Kenya by providing a wide range of digital educational resources. Serving as a centralized hub for e-learning, it promotes access to interactive content, supports modern pedagogical methods, and fosters collaboration among educators and learners. External Links Ministry of Education Kenya National Examinations Council Teachers Service Commission Kenya Kenya Institute of Special Education (KISE) ICT Authority TVET Authority Elimika Additional Resources Accessible Digital Textbook (ADT) Curriculum Reports Parental Resources Child Online Protection Guidelines Our Contacts Kenya Institute of Curriculum DevelopmentDesai Rd, Off Muranga Rd,Nairobi, Kenya. Telephone Contacts+254 729327331 +254 729327334 Email Addressinfo@kicd.ac.ke Kenya Education Cloud © 2024. All rights reserved. Privacy Policy Terms & Conditions (Login) Data retention summary","['mathematics', 'english', 'kiswahili', 'biology', 'chemistry', 'physics', 'geography', 'history', 'business', 'computer', 'agriculture', 'home_science', 'art', 'music', 'physical_education', 'religious_education']",form_1,cbc,[],2025-09-08T00:49:54.064403,unknown,primary,,grade_5,
https://oer.kec.ac.ke/courses/grade-6-christian-religious-education/,Grade 6 Christian Religious Education,,"Home About Learning Areas Resources Menu Toggle Learning Areas Forums Events Calendar Mobile App Contact Log In Register Home About Learning Areas Resources Menu Toggle Learning Areas Forums Events Calendar Mobile App Contact Log In Register Home About Learning Areas Resources Menu Toggle Learning Areas Forums Events Calendar Mobile App Contact Log In Register Home About Learning Areas Resources Menu Toggle Learning Areas Forums Events Calendar Mobile App Contact Log In Register Home About Learning Areas Resources Menu Toggle Learning Areas Forums Events Calendar Mobile App Contact Log In Register Main Menu Main Menu Home About Learning Areas Resources Menu Toggle Learning Areas Forums Events Calendar Mobile App Contact Log In Register Home About Learning Areas Resources Menu Toggle Learning Areas Forums Events Calendar Mobile App Contact Log In Register Home About Learning Areas Resources Menu Toggle Learning Areas Forums Events Calendar Mobile App Contact Log In Register Home About Learning Areas Resources Menu Toggle Learning Areas Forums Events Calendar Mobile App Contact Log In Register Grade 6 Christian Religious Education Current Status Not Enrolled Enroll in this learning area to get access Price Free Get Started Log In to Enroll Learning Area Reviews Learning Area Info The Grade 6 Christian Religious Education (CRE) learning area helps students develop a deeper understanding of Christian teachings, values, and practices. Through the study of the Bible, the life and teachings of Jesus Christ, and Christian living, students will learn how to apply biblical principles to their daily lives. The subject emphasizes moral development, faith, and the importance of living in harmony with others. License Type: Free | Subscription: None necessary Contact Name: KICD elearning department Contact Email: support@kec.ac.ke or info@kicd.ac.ke Contact Phone: +254 20 3749900-9, +254 20 3749900-3, +254 729 327 334, +254 787 883 311 Average Review Score: ★★★★★ You must log in and have started this learning area to submit a review. Username or Email Address Password Remember Me orLogin with Google Learning Area Content Christian Religious Education You don't currently have access to this content Grade 6 Christian Religious Education Current Status Not Enrolled Enroll in this learning area to get access Price Free Get Started Log In to Enroll Learning Area Reviews Learning Area Info The Grade 6 Christian Religious Education (CRE) learning area helps students develop a deeper understanding of Christian teachings, values, and practices. Through the study of the Bible, the life and teachings of Jesus Christ, and Christian living, students will learn how to apply biblical principles to their daily lives. The subject emphasizes moral development, faith, and the importance of living in harmony with others. License Type: Free | Subscription: None necessary Contact Name: KICD elearning department Contact Email: support@kec.ac.ke or info@kicd.ac.ke Contact Phone: +254 20 3749900-9, +254 20 3749900-3, +254 729 327 334, +254 787 883 311 Average Review Score: ★★★★★ You must log in and have started this learning area to submit a review. Username or Email Address Password Remember Me orLogin with Google Learning Area Content Christian Religious Education You don't currently have access to this content Current Status Not Enrolled Enroll in this learning area to get access Price Free Get Started Log In to Enroll Learning Area Reviews Learning Area Info The Grade 6 Christian Religious Education (CRE) learning area helps students develop a deeper understanding of Christian teachings, values, and practices. Through the study of the Bible, the life and teachings of Jesus Christ, and Christian living, students will learn how to apply biblical principles to their daily lives. The subject emphasizes moral development, faith, and the importance of living in harmony with others. License Type: Free | Subscription: None necessary Contact Name: KICD elearning department Contact Email: support@kec.ac.ke or info@kicd.ac.ke Contact Phone: +254 20 3749900-9, +254 20 3749900-3, +254 729 327 334, +254 787 883 311 Average Review Score: ★★★★★ You must log in and have started this learning area to submit a review. Username or Email Address Password Remember Me orLogin with Google Learning Area Content Christian Religious Education You don't currently have access to this content Not Enrolled Enroll in this learning area to get access Free Log In to Enroll Learning Area Info The Grade 6 Christian Religious Education (CRE) learning area helps students develop a deeper understanding of Christian teachings, values, and practices. Through the study of the Bible, the life and teachings of Jesus Christ, and Christian living, students will learn how to apply biblical principles to their daily lives. The subject emphasizes moral development, faith, and the importance of living in harmony with others. License Type: Free | Subscription: None necessary Contact Name: KICD elearning department Contact Email: support@kec.ac.ke or info@kicd.ac.ke Contact Phone: +254 20 3749900-9, +254 20 3749900-3, +254 729 327 334, +254 787 883 311 Average Review Score: ★★★★★ You must log in and have started this learning area to submit a review. Username or Email Address Password Remember Me orLogin with Google Learning Area Info The Grade 6 Christian Religious Education (CRE) learning area helps students develop a deeper understanding of Christian teachings, values, and practices. Through the study of the Bible, the life and teachings of Jesus Christ, and Christian living, students will learn how to apply biblical principles to their daily lives. The subject emphasizes moral development, faith, and the importance of living in harmony with others. License Type: Free | Subscription: None necessary Contact Name: KICD elearning department Contact Email: support@kec.ac.ke or info@kicd.ac.ke Contact Phone: +254 20 3749900-9, +254 20 3749900-3, +254 729 327 334, +254 787 883 311 Average Review Score: ★★★★★ You must log in and have started this learning area to submit a review. Username or Email Address Password Remember Me orLogin with Google Learning Area Content Christian Religious Education You don't currently have access to this content Learning Area Content Christian Religious Education You don't currently have access to this content Grade 6 Christian Religious Education – oer.kec.ac.ke Skip to content Home About Learning Areas Resources Menu Toggle Learning Areas Forums Events Calendar Mobile App Contact Log In Register Main Menu Home About Learning Areas Resources Menu Toggle Learning Areas Forums Events Calendar Mobile App Contact Log In Register Grade 6 Christian Religious Education Current Status Not Enrolled Enroll in this learning area to get access Price Free Get Started Log In to Enroll Learning Area Reviews Learning Area Info The Grade 6 Christian Religious Education (CRE) learning area helps students develop a deeper understanding of Christian teachings, values, and practices. Through the study of the Bible, the life and teachings of Jesus Christ, and Christian living, students will learn how to apply biblical principles to their daily lives. The subject emphasizes moral development, faith, and the importance of living in harmony with others. License Type: Free | Subscription: None necessary Contact Name: KICD elearning department Contact Email: support@kec.ac.ke or info@kicd.ac.ke Contact Phone: +254 20 3749900-9, +254 20 3749900-3, +254 729 327 334, +254 787 883 311 Average Review Score: ★★★★★ You must log in and have started this learning area to submit a review. Username or Email Address Password Remember Me orLogin with Google Learning Area Content Christian Religious Education You don't currently have access to this content Kenya Institute ofCurriculum DevelopmentOpen Education Resources“Nurturing Every Learners Potential” The Kenya Institute of Curriculum Development(KICD) is an Institute established through the KICDAct No. 4 of 2013 of the laws of Kenya. © 2025 Kenya Institute of Curriculum Development.All Rights Reserved Our Contacts Kenya Institute of Curriculum Development Desai Rd, Off­ Muranga Rd, Nairobi, Kenya. Telephone Contacts +254 20 3749900-9 +254 20 3749900-3 +254 729 327 334 +254 787 883 311 Email Address info@kicd.ac.ke Developed by Darasa Online, a subsidiary of Mashariki Ltd. (Kenya)","['art', 'religious_education']",grade_6,unknown,[],2025-09-08T00:49:54.905303,unknown,,,,
https://lms.kec.ac.ke/course/index.php?categoryid=529,"Information, Education and Communication(IEC) Materials","Kenya Education Cloud is your ultimate digital learning hub, providing access to curated e-learning resources, educational tools, and innovative content for students, teachers, and institutions.","Information, Education and Communication(IEC) Materials Home Lessons Information, Education and Communication(IEC) Materials Lesson categories: Pre-Primary Pre-Primary / Radio Lessons Pre-Primary / Educhannel Video Lessons Pre-Primary / Educhannel Video Lessons / Language Activities Pre-Primary / Educhannel Video Lessons / Mathematics Pre-Primary / Educhannel Video Lessons / Our School Pre-Primary / Educhannel Video Lessons / Picture Making Pre-Primary / Educhannel Video Lessons / Social Environment Pre-Primary / Educhannel Video Lessons / Pre-Primary 1 Pre-Primary / Educhannel Video Lessons / Pre-Primary 2 Pre-Primary / Interactive digital Content Pre-Primary / Ebooks Primary Education Primary Education / Grade 1 Primary Education / Grade 1 / Educhannel TV Lessons Primary Education / Grade 1 / Educhannel TV Lessons / English Primary Education / Grade 1 / Educhannel TV Lessons / Mathematics Primary Education / Grade 1 / Educhannel TV Lessons / Kiswahili Primary Education / Grade 1 / Educhannel TV Lessons / Kenya Sign Language(KSL) Primary Education / Grade 1 / Educhannel TV Lessons / Hygiene and nutrition Primary Education / Grade 1 / Educhannel TV Lessons / Environmental Activities Primary Education / Grade 1 / Interactive Digital Content Primary Education / Grade 1 / Radio Lessons Primary Education / Grade 1 / Radio Lessons / Mathematics Primary Education / Grade 1 / Radio Lessons / Mathematics / Grade 1 Term 2 Primary Education / Grade 1 / Radio Lessons / Mathematics / Grade 1 Term 3 Primary Education / Grade 1 / Radio Lessons / Kiswahili Primary Education / Grade 1 / Radio Lessons / Kiswahili / Grade 1 Term 2 Primary Education / Grade 1 / Radio Lessons / Kiswahili / Grade 1 Term 3 Primary Education / Grade 1 / Radio Lessons / English Primary Education / Grade 1 / Radio Lessons / English / Grade 1 Term 2 Primary Education / Grade 1 / Radio Lessons / English / Grade 1 Term 3 Primary Education / Grade 1 / Ebooks Primary Education / Grade 1 / Ebooks / Tusome readers Primary Education / Grade 1 / Ebooks / Indigenous Languages Primary Education / Grade 2 Primary Education / Grade 2 / Interactive Digital Content Primary Education / Grade 2 / Educhannel Tv Lessons Primary Education / Grade 2 / Educhannel Tv Lessons / Mathematics Primary Education / Grade 2 / Educhannel Tv Lessons / English Primary Education / Grade 2 / Radio Lessons Primary Education / Grade 2 / Radio Lessons / Mathematics Primary Education / Grade 2 / Radio Lessons / Mathematics / Grade 2 Term 2 Primary Education / Grade 2 / Radio Lessons / English Primary Education / Grade 2 / Radio Lessons / English / Grade 2 Term 2 Primary Education / Grade 2 / Radio Lessons / English / Grade 2 Term 3 Primary Education / Grade 2 / Radio Lessons / Kiswahili Primary Education / Grade 2 / Radio Lessons / Kiswahili / Grade 2 Term 3 Primary Education / Grade 2 / Hygiene and Nutrition Primary Education / Grade 2 / Hygiene and Nutrition / Grade 2 Term 2 Primary Education / Grade 2 / E-books Primary Education / Grade 2 / E-books / Tusome Readers Primary Education / Grade 3 Primary Education / Grade 3 / Radio Lessons Primary Education / Grade 3 / Radio Lessons / Mathematics Primary Education / Grade 3 / Radio Lessons / Mathematics / Grade 3 Term 2 Primary Education / Grade 3 / Radio Lessons / Mathematics / Grade 3 Term 3 Primary Education / Grade 3 / Radio Lessons / English Primary Education / Grade 3 / Radio Lessons / English / Grade 3 Term 2 Primary Education / Grade 3 / Radio Lessons / English / Grade 3 Term 3 Primary Education / Grade 3 / Radio Lessons / Environmental Activities Primary Education / Grade 3 / Radio Lessons / Environmental Activities / Grade 3 Term 2 Primary Education / Grade 3 / Radio Lessons / Kiswahili Primary Education / Grade 3 / Radio Lessons / Kiswahili / Grade 3 Term 3 Primary Education / Grade 3 / Educhannel TV Lessons Primary Education / Grade 3 / Educhannel TV Lessons / Mathematics Primary Education / Grade 3 / Educhannel TV Lessons / English Primary Education / Grade 3 / Educhannel TV Lessons / Kiswahili Primary Education / Grade 3 / Educhannel TV Lessons / Hygiene and Nutrition Primary Education / Grade 3 / Educhannel TV Lessons / Environmental Activities Primary Education / Grade 3 / Interactive Digital Content Primary Education / Grade 3 / EBooks Primary Education / Grade 3 / Tusome English Video Lessons Primary Education / Grade 3 / Tusome English Video Lessons / Tusome English Grade 3 Lessons Primary Education / Grade 4 Primary Education / Grade 4 / Educhannel Tv Lessons Primary Education / Grade 4 / Educhannel Tv Lessons / Home Science Primary Education / Grade 4 / Educhannel Tv Lessons / Agriculture Primary Education / Grade 4 / Educhannel Tv Lessons / Music Primary Education / Grade 4 / Educhannel Tv Lessons / Physical Education Primary Education / Grade 4 / Educhannel Tv Lessons / Art and Craft Primary Education / Grade 4 / Educhannel Tv Lessons / Kenya Sign Language Primary Education / Grade 4 / Educhannel Tv Lessons / Mathematics Primary Education / Grade 4 / Educhannel Tv Lessons / Science and Technology Primary Education / Grade 4 / Educhannel Tv Lessons / Social Studies Primary Education / Grade 4 / Educhannel Tv Lessons / English Primary Education / Grade 4 / Educhannel Tv Lessons / Kiswahili Primary Education / Grade 4 / Educhannel Tv Lessons / Environmental Activity Primary Education / Grade 4 / Radio lessons Primary Education / Grade 4 / Radio lessons / Social Studies Primary Education / Grade 4 / Radio lessons / Social Studies / Grade 4 Term 2 Primary Education / Grade 4 / Radio lessons / Social Studies / Grade 4 Term 3 Primary Education / Grade 4 / Radio lessons / CRE Primary Education / Grade 4 / Radio lessons / CRE / Grade 4 Term 2 Primary Education / Grade 4 / Radio lessons / English Primary Education / Grade 4 / Radio lessons / English / Grade 4 Term 2 Primary Education / Grade 4 / Radio lessons / English / Grade 4 Term 3 Primary Education / Grade 4 / Radio lessons / Hygiene and Nutrition Primary Education / Grade 4 / Radio lessons / Hygiene and Nutrition / Grade 4 Term 1 Primary Education / Grade 4 / Radio lessons / IRE Primary Education / Grade 4 / Radio lessons / IRE / Grade 4 Term 2 Primary Education / Grade 4 / Radio lessons / Science and Technology Primary Education / Grade 4 / Radio lessons / Science and Technology / Grade 4 Term 3 Primary Education / Grade 4 / Radio lessons / Agriculture Primary Education / Grade 4 / Radio lessons / Agriculture / Grade 4 Term 3 Primary Education / Grade 4 / Radio lessons / Mathematics Primary Education / Grade 4 / Radio lessons / Mathematics / Grade 4 Term 3 Primary Education / Grade 4 / SNE Primary Education / Grade 4 / Interactive Digital Content Primary Education / Grade 5 Primary Education / Grade 5 / Educhannel Tv Lessons Primary Education / Grade 5 / Educhannel Tv Lessons / English Primary Education / Grade 5 / Educhannel Tv Lessons / Kiswahili Primary Education / Grade 5 / Educhannel Tv Lessons / Mathematics Primary Education / Grade 5 / Radio Lessons Primary Education / Grade 5 / Radio Lessons / English Primary Education / Grade 5 / Radio Lessons / Science and Technology Primary Education / Grade 5 / Radio Lessons / Agriculture Primary Education / Grade 5 / Radio Lessons / Social studies Primary Education / Grade 5 / Radio Lessons / Christian Religious Education Primary Education / Grade 5 / Radio Lessons / Mathematics Primary Education / Grade 5 / Interactive Digital Content Primary Education / Grade 6 Primary Education / Grade 6 / Radio Lessons Primary Education / Grade 6 / Radio Lessons / CRE Primary Education / Grade 6 / Radio Lessons / Social Studies Primary Education / Grade 6 / Radio Lessons / Science Primary Education / Grade 6 / Radio Lessons / Kiswahili Primary Education / Grade 6 / Radio Lessons / English Primary Education / Grade 6 / Radio Lessons / Mathematics Primary Education / Grade 6 / Educhannel TV Lessons Primary Education / Grade 6 / Educhannel TV Lessons / Kiswahili Primary Education / Grade 6 / Educhannel TV Lessons / Agriculture Primary Education / Grade 6 / Educhannel TV Lessons / Art and Craft Primary Education / Grade 6 / Educhannel TV Lessons / English Primary Education / Grade 6 / Educhannel TV Lessons / Home Science Primary Education / Grade 6 / Educhannel TV Lessons / Music Primary Education / Grade 6 / Educhannel TV Lessons / Science and technology Primary Education / Grade 6 / Educhannel TV Lessons / Physical health education Primary Education / Grade 6 / Interactive Digital Content Junior School Junior School / Grade 8 Junior School / Grade 8 / Educhannel Tv Lessons Junior School / Grade 8 / Radio Lessons Junior School / Grade 8 / Interactive Digital Content Junior School / Grade 7 Junior School / Grade 7 / Educhannel TV lessons Junior School / Grade 7 / Radio Lessons Junior School / Grade 7 / Radio Lessons / Mathematics Junior School / Grade 7 / Radio Lessons / Kiswahili Junior School / Grade 7 / Radio Lessons / English Junior School / Grade 7 / Radio Lessons / Christian Religious Education Junior School / Grade 7 / Radio Lessons / Integrated Science Junior School / Grade 7 / Radio Lessons / Social Studies Junior School / Grade 7 / Radio Lessons / Pre-Technical Studies Junior School / Grade 7 / Interactive Digital Content Secondary Education Secondary Education / Form 1 Secondary Education / Form 1 / Interactive Digital Content Secondary Education / Form 1 / Educhannel Tv Lessons Secondary Education / Form 1 / Educhannel Tv Lessons / Mathematics Secondary Education / Form 1 / Educhannel Tv Lessons / English Secondary Education / Form 1 / Educhannel Tv Lessons / Physics Secondary Education / Form 1 / Educhannel Tv Lessons / Biology Secondary Education / Form 1 / Educhannel Tv Lessons / Chemistry Secondary Education / Form 1 / Educhannel Tv Lessons / Kiswahili Secondary Education / Form 1 / Educhannel Tv Lessons / History and Government Secondary Education / Form 1 / Educhannel Tv Lessons / Business Studies Secondary Education / Form 1 / Radio Lessons Secondary Education / Form 1 / Ebooks Secondary Education / Form 2 Secondary Education / Form 2 / Interactive Digital Content Secondary Education / Form 2 / Educhannel Tv Lessons Secondary Education / Form 2 / Educhannel Tv Lessons / Physics Secondary Education / Form 2 / Radio Lessons Secondary Education / Form 2 / Radio Lessons / Biology Secondary Education / Form 3 Secondary Education / Form 3 / Interactive Digital Content Secondary Education / Form 3 / Educhannel Tv Lessons Secondary Education / Form 3 / Educhannel Tv Lessons / Mathematics Secondary Education / Form 3 / Educhannel Tv Lessons / English Secondary Education / Form 3 / Educhannel Tv Lessons / Kiswahili Secondary Education / Form 3 / Educhannel Tv Lessons / Biology Secondary Education / Form 3 / Educhannel Tv Lessons / Chemistry Secondary Education / Form 3 / Educhannel Tv Lessons / Physics Secondary Education / Form 3 / Educhannel Tv Lessons / Business Studies Secondary Education / Form 3 / Educhannel Tv Lessons / History and Government Secondary Education / Form 3 / Radio Lessons Secondary Education / Form 4 Secondary Education / Form 4 / Interactive Digital Content Secondary Education / Form 4 / Educhannel Tv Lessons Secondary Education / Form 4 / Educhannel Tv Lessons / Form 4 Mathematics Secondary Education / Form 4 / Educhannel Tv Lessons / Form 4 English Secondary Education / Form 4 / Educhannel Tv Lessons / Form 4 Physics Secondary Education / Form 4 / Educhannel Tv Lessons / Form 4 Biology Secondary Education / Form 4 / Educhannel Tv Lessons / Form 4 Kiswahili Secondary Education / Form 4 / Educhannel Tv Lessons / Form 4 Chemistry Secondary Education / Form 4 / Educhannel Tv Lessons / Form 4 History and Government Secondary Education / Form 4 / Educhannel Tv Lessons / Form 4 Business Studies Secondary Education / Form 4 / Radio Lessons Secondary Education / Form 4 / Radio Lessons / Mathematics Secondary Education / Form 4 / Radio Lessons / Mathematics / Form 4 Term 1 Secondary Education / Form 4 / Radio Lessons / Mathematics / Form 4 Term 2 Secondary Education / Form 4 / Radio Lessons / Mathematics / Form 4 Term 3 General Knowledge General Knowledge / VOA Connect General Knowledge / Ask the expert General Knowledge / Citizenship and Democracy General Knowledge / Digital Story General Knowledge / Impacted Educhannel Lessons Educhannel Lessons / English Educhannel Lessons / English / Transport and travel Educhannel Lessons / English / Pronunciation skills Educhannel Lessons / English / Listening and speaking Educhannel Lessons / English / Family Educhannel Lessons / English / Environment Educhannel Lessons / English / Drug and Substance Educhannel Lessons / Agriculture Educhannel Lessons / Biology Educhannel Lessons / Biology / Living Things Educhannel Lessons / Biology / Secretion and homeostasis Educhannel Lessons / Biology / Support and movement Educhannel Lessons / Business Studies Educhannel Lessons / Chemistry Educhannel Lessons / Earth Movement and Volcanicity Educhannel Lessons / Environmental Activities Educhannel Lessons / Geograpghy Educhannel Lessons / History Educhannel Lessons / History / Kenyan History Educhannel Lessons / Homescience Educhannel Lessons / Homescience / Basic care clothing Educhannel Lessons / Kiswahili Educhannel Lessons / Kiswahili / Primary Educhannel Lessons / Kiswahili / Primary / Darasa 4-5 Educhannel Lessons / Kiswahili / Secondary Educhannel Lessons / Kiswahili / Secondary / Isimu Jamii Educhannel Lessons / Kiswahili / Secondary / Sarufi Educhannel Lessons / Mathematics Educhannel Lessons / Mathematics / Secondary Educhannel Lessons / Mathematics / Secondary / Commercial Arithmetics Educhannel Lessons / Mathematics / Primary Educhannel Lessons / Mathematics / Primary / Class 5-8 Educhannel Lessons / Mathematics / Primary / Class 5-8 / Practical uses of Money Educhannel Lessons / Mathematics / Primary / Class 5-8 / Measurement Educhannel Lessons / Organic Chemistry Educhannel Lessons / Performing Music Educhannel Lessons / Homescience Educhannel Lessons / Homescience / Basic care of clothing Educhannel Lessons / Art and Craft Educhannel Lessons / Physics Educhannel Lessons / Physics / Thermodynamics Educhannel Lessons / Physics / Mechanics Educhannel Lessons / Physics / Electricity and Magnetism Educhannel Lessons / The Doyen Exposition Educhannel Lessons / Science Educhannel Lessons / Science / Making work easier Educhannel Lessons / Science / Living Things Educhannel Lessons / Science / Energy conservation Educhannel Lessons / Physical and Health Education Educhannel Lessons / Physical and Health Education / Grade 1-4 Open Education Resourses(OERs) Open Education Resourses(OERs) / Movement and Creative Activities Open Education Resourses(OERs) / 	Religious Education Activities Open Education Resourses(OERs) / Mathematical Activities Open Education Resourses(OERs) / Environmental Activities Open Education Resourses(OERs) / Kiswahili Language Open Education Resourses(OERs) / LTK | Concordia University Open Education Resourses(OERs) / Hygiene and Nutrition Open Education Resourses(OERs) / ENGLISH LANGUAGE ACTIVITIES Open Education Resourses(OERs) / Casio Materials Open Education Resourses(OERs) / Health Education Open Education Resourses(OERs) / Carbon Literacy Special Needs Education Special Needs Education / Grade 1 Special Needs Education / Grade 1 / Adapted Interactive Digital Content for Hearing Impaired(HI) Special Needs Education / Grade 1 / Adapted Interactive Digital Content for Hearing Impaired(HI) / English Activities Special Needs Education / Grade 1 / Adapted Interactive Digital Content for Hearing Impaired(HI) / Environmental Activities Special Needs Education / Grade 1 / Adapted Interactive Digital Content for Hearing Impaired(HI) / Creative Activities Special Needs Education / Grade 1 / Adapted Interactive Digital Content for Visual Impaired(VI) Special Needs Education / Grade 2 Special Needs Education / Grade 2 / Adapted Interactive Digital Content for Hearing Impaired(HI) Special Needs Education / Grade 2 / Adapted Interactive Digital Content for Hearing Impaired(HI) / Mathematics Grade 2 Special Needs Education / Grade 2 / Adapted Interactive Digital Content for Hearing Impaired(HI) / Environmental Activities Grade 2 Special Needs Education / Grade 2 / Adapted Interactive Digital Content for Hearing Impaired(HI) / Hygiene and Nutrition Grade 2 Special Needs Education / Grade 2 / Adapted Interactive Digital Content for Hearing Impaired(HI) / Christian Religious Education Grade 2 (HI) Special Needs Education / Grade 2 / Adapted Interactive Digital Content for Hearing Impaired(HI) / Literacy Activities Grade2 (HI) Special Needs Education / Grade 2 / Adapted Interactive Digital Content for Hearing Impaired(HI) / English Activities Grad2 H.I Special Needs Education / Grade 2 / Adapted Interactive Digital Content for Hearing Impaired(HI) / Creative Activities Grade2 -H.I Special Needs Education / Grade 2 / Adapted Interactive Digital Content for Visual Impaired(VI) Special Needs Education / Grade 2 / Adapted Interactive Digital Content for Visual Impaired(VI) / Mathematics Special Needs Education / Grade 2 / Adapted Interactive Digital Content for Visual Impaired(VI) / Kiswahili Special Needs Education / Grade 2 / Adapted Interactive Digital Content for Visual Impaired(VI) / English Special Needs Education / Grade 2 / Adapted Interactive Digital Content for Visual Impaired(VI) / Creative Activities Special Needs Education / Grade 2 / Adapted Interactive Digital Content for Visual Impaired(VI) / CRE Special Needs Education / Grade 3 Special Needs Education / Grade 3 / Adapted Interactive Digital Content for Learners with Hearing Impairment (HI) Special Needs Education / Grade 3 / Adapted Interactive Digital Content for Learners with Hearing Impairment (HI) / Visual Arts Special Needs Education / Grade 3 / Adapted Interactive Digital Content for Learners with Hearing Impairment (HI) / English Special Needs Education / Grade 3 / Adapted Interactive Digital Content for Learners with Hearing Impairment (HI) / Hygiene and Nutrition Special Needs Education / Grade 3 / Adapted Interactive Digital Content for Learners with Hearing Impairment (HI) / Music Special Needs Education / Grade 3 / Adapted Interactive Digital Content for Learners with Hearing Impairment (HI) / Mathematics Special Needs Education / Grade 3 / Adapted Interactive Digital Content for Learners with Hearing Impairment (HI) / Environmental Special Needs Education / Grade 3 / Adapted Interactive Digital Content for Learners with Hearing Impairment (HI) / CRE Special Needs Education / Grade 3 / Adapted Interactive Digital Content for Learners with Visual Impairment (VI) Special Needs Education / Grade 3 / Adapted Interactive Digital Content for Learners with Visual Impairment (VI) / Music Special Needs Education / Grade 3 / Adapted Interactive Digital Content for Learners with Visual Impairment (VI) / Mathematics Special Needs Education / Grade 3 / Adapted Interactive Digital Content for Learners with Visual Impairment (VI) / Visual Arts Special Needs Education / Grade 3 / Adapted Interactive Digital Content for Learners with Visual Impairment (VI) / Kiswahili Special Needs Education / Grade 3 / Adapted Interactive Digital Content for Learners with Visual Impairment (VI) / Hygiene and Nutrition Special Needs Education / Grade 3 / Adapted Interactive Digital Content for Learners with Visual Impairment (VI) / Environmental Special Needs Education / Grade 3 / Adapted Interactive Digital Content for Learners with Visual Impairment (VI) / English Special Needs Education / Grade 3 / Adapted Interactive Digital Content for Learners with Visual Impairment (VI) / CRE Special Needs Education / Grade 4 Special Needs Education / Grade 4 / Adapted Interactive Digital Content for Learners with Hearing Impairment (HI) Special Needs Education / Grade 4 / Adapted Interactive Digital Content for Learners with Hearing Impairment (HI) / Mathematics Special Needs Education / Grade 4 / Adapted Interactive Digital Content for Learners with Hearing Impairment (HI) / English Special Needs Education / Grade 4 / Adapted Interactive Digital Content for Learners with Hearing Impairment (HI) / Science and Technology Special Needs Education / Grade 4 / Adapted Interactive Digital Content for Learners with Hearing Impairment (HI) / Agriculture Special Needs Education / Grade 4 / Adapted Interactive Digital Content for Learners with Hearing Impairment (HI) / Social Studies Special Needs Education / Grade 4 / Adapted Interactive Digital Content for Learners with Hearing Impairment (HI) / Home Science Special Needs Education / Grade 4 / Adapted Interactive Digital Content for Learners with Hearing Impairment (HI) / Art and Craft Special Needs Education / Grade 4 / Adapted Interactive Digital Content for Learners with Hearing Impairment (HI) / Music Special Needs Education / Grade 4 / Adapted Interactive Digital Content for Learners with Hearing Impairment (HI) / Christian Religious Education (CRE) Special Needs Education / Grade 4 / Adapted Interactive Digital Content for Learners with Visual Impairment (VI) Special Needs Education / Grade 4 / Adapted Interactive Digital Content for Learners with Visual Impairment (VI) / Mathematics Special Needs Education / Grade 4 / Adapted Interactive Digital Content for Learners with Visual Impairment (VI) / English Special Needs Education / Grade 4 / Adapted Interactive Digital Content for Learners with Visual Impairment (VI) / Kiswahili Special Needs Education / Grade 4 / Adapted Interactive Digital Content for Learners with Visual Impairment (VI) / Science and Technology Special Needs Education / Grade 4 / Adapted Interactive Digital Content for Learners with Visual Impairment (VI) / Agriculture Special Needs Education / Grade 4 / Adapted Interactive Digital Content for Learners with Visual Impairment (VI) / Social Studies Special Needs Education / Grade 4 / Adapted Interactive Digital Content for Learners with Visual Impairment (VI) / Home Science Special Needs Education / Grade 4 / Adapted Interactive Digital Content for Learners with Visual Impairment (VI) / Art and Craft Special Needs Education / Grade 4 / Adapted Interactive Digital Content for Learners with Visual Impairment (VI) / Christian Religious Education (CRE) Special Needs Education / Grade 4 / Adapted Interactive Digital Content for Learners with Visual Impairment (VI) / Music Special Needs Education / Grade 5 Special Needs Education / Grade 5 / Adapted Interactive Digital Content for Learners with Hearing Impairment (HI) Special Needs Education / Grade 5 / Adapted Interactive Digital Content for Learners with Hearing Impairment (HI) / English Special Needs Education / Grade 5 / Adapted Interactive Digital Content for Learners with Hearing Impairment (HI) / Christian Religious Education Special Needs Education / Grade 5 / Adapted Interactive Digital Content for Learners with Hearing Impairment (HI) / Social Studies Special Needs Education / Grade 5 / Adapted Interactive Digital Content for Learners with Hearing Impairment (HI) / Agriculture and Nutrition Special Needs Education / Grade 5 / Adapted Interactive Digital Content for Learners with Hearing Impairment (HI) / Creative Arts Special Needs Education / Grade 5 / Adapted Interactive Digital Content for Learners with Hearing Impairment (HI) / Mathematics Special Needs Education / Grade 5 / Adapted Interactive Digital Content for Learners with Hearing Impairment (HI) / Science and Technology Special Needs Education / Grade 5 / Adapted Interactive Digital Content for Learners with Hearing Impairment (HI) / Islamic Religious Education Special Needs Education / Grade 5 / Adapted Interactive Digital Content for Learners with Visual Impairment (VI) Special Needs Education / Grade 5 / Adapted Interactive Digital Content for Learners with Visual Impairment (VI) / Creative Arts Special Needs Education / Grade 5 / Adapted Interactive Digital Content for Learners with Visual Impairment (VI) / Social Studies Special Needs Education / Grade 5 / Adapted Interactive Digital Content for Learners with Visual Impairment (VI) / Kiswahili Special Needs Education / Grade 5 / Adapted Interactive Digital Content for Learners with Visual Impairment (VI) / Christian Religious Education Special Needs Education / Grade 5 / Adapted Interactive Digital Content for Learners with Visual Impairment (VI) / Science and Technology Special Needs Education / Grade 5 / Adapted Interactive Digital Content for Learners with Visual Impairment (VI) / Agriculture and Nutrition Special Needs Education / Grade 5 / Adapted Interactive Digital Content for Learners with Visual Impairment (VI) / Islamic Religious Education Special Needs Education / Grade 5 / Adapted Interactive Digital Content for Learners with Visual Impairment (VI) / Mathematics Special Needs Education / Grade 5 / Adapted Interactive Digital Content for Learners with Visual Impairment (VI) / English Special Needs Education / Grade 6 Special Needs Education / Grade 6 / Adapted Interactive Digital Content for Learners with Hearing Impairment (HI) Special Needs Education / Grade 6 / Adapted Interactive Digital Content for Learners with Hearing Impairment (HI) / Science and Technology Special Needs Education / Grade 6 / Adapted Interactive Digital Content for Learners with Hearing Impairment (HI) / Christian Religious Education Special Needs Education / Grade 6 / Adapted Interactive Digital Content for Learners with Hearing Impairment (HI) / Creative Arts Special Needs Education / Grade 6 / Adapted Interactive Digital Content for Learners with Hearing Impairment (HI) / Islamic Religious Education Special Needs Education / Grade 6 / Adapted Interactive Digital Content for Learners with Hearing Impairment (HI) / English Special Needs Education / Grade 6 / Adapted Interactive Digital Content for Learners with Hearing Impairment (HI) / Social Studies Special Needs Education / Grade 6 / Adapted Interactive Digital Content for Learners with Hearing Impairment (HI) / Agriculture Special Needs Education / Grade 6 / Adapted Interactive Digital Content for Learners with Hearing Impairment (HI) / Mathematics Special Needs Education / Grade 6 / Adapted Interactive Digital Content for Learners with Visual Impairment (VI) Special Needs Education / Grade 6 / Adapted Interactive Digital Content for Learners with Visual Impairment (VI) / Christian Religious Education Special Needs Education / Grade 6 / Adapted Interactive Digital Content for Learners with Visual Impairment (VI) / Kiswahili Special Needs Education / Grade 6 / Adapted Interactive Digital Content for Learners with Visual Impairment (VI) / English Special Needs Education / Grade 6 / Adapted Interactive Digital Content for Learners with Visual Impairment (VI) / Creative Arts Special Needs Education / Grade 6 / Adapted Interactive Digital Content for Learners with Visual Impairment (VI) / Mathematics Special Needs Education / Grade 6 / Adapted Interactive Digital Content for Learners with Visual Impairment (VI) / Science and Technology Special Needs Education / Grade 6 / Adapted Interactive Digital Content for Learners with Visual Impairment (VI) / Islamic Religious Education Special Needs Education / Grade 6 / Adapted Interactive Digital Content for Learners with Visual Impairment (VI) / Social Studies Special Needs Education / Grade 6 / Adapted Interactive Digital Content for Learners with Visual Impairment (VI) / Agriculture and Nutrition Special Needs Education / Ebooks Special Needs Education / Videos Special Needs Education / Foundational and Stage-Based Special Needs Education / Prevocational Level Special Needs Education / Prevocational Level / Music Special Needs Education / Prevocational Level / Hindu Religious Education Special Needs Education / Prevocational Level / Christian Religious Education Special Needs Education / Prevocational Level / Physical Education Special Needs Education / Prevocational Level / Islamic Religious Education Special Needs Education / Prevocational Level / Social Studies Special Needs Education / Prevocational Level / Prevocational Skills 1 Special Needs Education / Prevocational Level / Prevocational Skills 2 Special Needs Education / Prevocational Level / Prevocational Skills 3 Accessible Digital Textbooks Interactive Simulations for Sciences and Mathematics Interactive Simulations for Sciences and Mathematics / Physics Interactive Simulations for Sciences and Mathematics / Chemistry Interactive Simulations for Sciences and Mathematics / Mathematics Information, Education and Communication(IEC) Materials Information, Education and Communication(IEC) Materials / Child Online Safety Information, Education and Communication(IEC) Materials / Child Road Safety Information, Education and Communication(IEC) Materials / Child Road Safety / Integration Matrices Information, Education and Communication(IEC) Materials / Child Road Safety / Integration Matrices / Early Years Education Information, Education and Communication(IEC) Materials / Child Road Safety / Integration Matrices / Upper Primary Information, Education and Communication(IEC) Materials / Child Road Safety / Integration Matrices / Junior School Information, Education and Communication(IEC) Materials / Child Road Safety / Integration Matrices / Senior School Information, Education and Communication(IEC) Materials / Child Road Safety / Information, Education and Communication(IEC) Materials on Child Road Safety Information, Education and Communication(IEC) Materials / Child Road Safety / Information, Education and Communication(IEC) Materials on Child Road Safety / Early Years Education Information, Education and Communication(IEC) Materials / Child Road Safety / Information, Education and Communication(IEC) Materials on Child Road Safety / Upper Primary Information, Education and Communication(IEC) Materials / Child Road Safety / Information, Education and Communication(IEC) Materials on Child Road Safety / Junior School Information, Education and Communication(IEC) Materials / Child Road Safety / Information, Education and Communication(IEC) Materials on Child Road Safety / Senior School Information, Education and Communication(IEC) Materials / Child Road Safety / Teacher's Handbook Information, Education and Communication(IEC) Materials / Financial Literacy Learners’ Toolkit Teacher Resources Teacher Resources / Educational Resources Materials Development Teacher Resources / Educational Resources Materials Development / CRE Teacher Resources / Educational Resources Materials Development / English Teacher Resources / Educational Resources Materials Development / Environment Teacher Resources / Educational Resources Materials Development / Foundations Teacher Resources / Educational Resources Materials Development / H.R.E Teacher Resources / Educational Resources Materials Development / Hygiene and Nutrition Teacher Resources / Educational Resources Materials Development / I.R.E Teacher Resources / Educational Resources Materials Development / Kiswahili Teacher Resources / Educational Resources Materials Development / Language Activities Teacher Resources / Educational Resources Materials Development / Literacy Skills Teacher Resources / Educational Resources Materials Development / Mathematics Teacher Resources / Educational Resources Materials Development / Movements and Arts Teacher Resources / Pre-Primary Teacher Radio Programmes Teacher Resources / CBC Courses Teacher Resources / Special Needs Educations Teacher Resources / Interactive Digital Content for Teacher Education Teacher Resources / Interactive Digital Content for Teacher Education / English Teacher Resources / Interactive Digital Content for Teacher Education / Music Teacher Resources / Interactive Digital Content for Teacher Education / Christian Religious Education Teacher Resources / Interactive Digital Content for Teacher Education / Art and Craft Teacher Resources / Interactive Digital Content for Teacher Education / Indigenous Languages Teacher Resources / Interactive Digital Content for Teacher Education / Home science Teacher Resources / Interactive Digital Content for Teacher Education / Science and Technology Teacher Resources / Interactive Digital Content for Teacher Education / Islamic Religious Education Teacher Resources / Interactive Digital Content for Teacher Education / Mandarin Teacher Resources / Interactive Digital Content for Teacher Education / Agriculture Teacher Resources / Interactive Digital Content for Teacher Education / Mathematics Teacher Resources / Interactive Digital Content for Teacher Education / French Teacher Resources / Interactive Digital Content for Teacher Education / Hindu Religious Education Teacher Resources / Interactive Digital Content for Teacher Education / Social Studies Teacher Resources / Interactive Digital Content for Teacher Education / Kiswahili Teacher Resources / Interactive Digital Content for Teacher Education / Physical Education Teacher Resources / Interactive Digital Content for Teacher Education / Arabic Parental Resources Financial Literacy Financial Literacy / Financial Literacy for Junior School Financial Literacy / Financial Literacy for Junior School / Taxation Financial Literacy / Financial Literacy for Senior School Financial Literacy / Financial Literacy for Senior School / Taxation Search lessons Search Expand allChild Online SafetyChild Road SafetyFinancial Literacy Learners’ Toolkit Child Online SafetyChild Road SafetyFinancial Literacy Learners’ Toolkit Digital Content | Kenya Education Cloud | Unlimited Learning Experiences Skip to main content (Login) Information, Education and Communication(IEC) Materials Home Lessons Information, Education and Communication(IEC) Materials Lesson categories: Pre-Primary Pre-Primary / Radio Lessons Pre-Primary / Educhannel Video Lessons Pre-Primary / Educhannel Video Lessons / Language Activities Pre-Primary / Educhannel Video Lessons / Mathematics Pre-Primary / Educhannel Video Lessons / Our School Pre-Primary / Educhannel Video Lessons / Picture Making Pre-Primary / Educhannel Video Lessons / Social Environment Pre-Primary / Educhannel Video Lessons / Pre-Primary 1 Pre-Primary / Educhannel Video Lessons / Pre-Primary 2 Pre-Primary / Interactive digital Content Pre-Primary / Ebooks Primary Education Primary Education / Grade 1 Primary Education / Grade 1 / Educhannel TV Lessons Primary Education / Grade 1 / Educhannel TV Lessons / English Primary Education / Grade 1 / Educhannel TV Lessons / Mathematics Primary Education / Grade 1 / Educhannel TV Lessons / Kiswahili Primary Education / Grade 1 / Educhannel TV Lessons / Kenya Sign Language(KSL) Primary Education / Grade 1 / Educhannel TV Lessons / Hygiene and nutrition Primary Education / Grade 1 / Educhannel TV Lessons / Environmental Activities Primary Education / Grade 1 / Interactive Digital Content Primary Education / Grade 1 / Radio Lessons Primary Education / Grade 1 / Radio Lessons / Mathematics Primary Education / Grade 1 / Radio Lessons / Mathematics / Grade 1 Term 2 Primary Education / Grade 1 / Radio Lessons / Mathematics / Grade 1 Term 3 Primary Education / Grade 1 / Radio Lessons / Kiswahili Primary Education / Grade 1 / Radio Lessons / Kiswahili / Grade 1 Term 2 Primary Education / Grade 1 / Radio Lessons / Kiswahili / Grade 1 Term 3 Primary Education / Grade 1 / Radio Lessons / English Primary Education / Grade 1 / Radio Lessons / English / Grade 1 Term 2 Primary Education / Grade 1 / Radio Lessons / English / Grade 1 Term 3 Primary Education / Grade 1 / Ebooks Primary Education / Grade 1 / Ebooks / Tusome readers Primary Education / Grade 1 / Ebooks / Indigenous Languages Primary Education / Grade 2 Primary Education / Grade 2 / Interactive Digital Content Primary Education / Grade 2 / Educhannel Tv Lessons Primary Education / Grade 2 / Educhannel Tv Lessons / Mathematics Primary Education / Grade 2 / Educhannel Tv Lessons / English Primary Education / Grade 2 / Radio Lessons Primary Education / Grade 2 / Radio Lessons / Mathematics Primary Education / Grade 2 / Radio Lessons / Mathematics / Grade 2 Term 2 Primary Education / Grade 2 / Radio Lessons / English Primary Education / Grade 2 / Radio Lessons / English / Grade 2 Term 2 Primary Education / Grade 2 / Radio Lessons / English / Grade 2 Term 3 Primary Education / Grade 2 / Radio Lessons / Kiswahili Primary Education / Grade 2 / Radio Lessons / Kiswahili / Grade 2 Term 3 Primary Education / Grade 2 / Hygiene and Nutrition Primary Education / Grade 2 / Hygiene and Nutrition / Grade 2 Term 2 Primary Education / Grade 2 / E-books Primary Education / Grade 2 / E-books / Tusome Readers Primary Education / Grade 3 Primary Education / Grade 3 / Radio Lessons Primary Education / Grade 3 / Radio Lessons / Mathematics Primary Education / Grade 3 / Radio Lessons / Mathematics / Grade 3 Term 2 Primary Education / Grade 3 / Radio Lessons / Mathematics / Grade 3 Term 3 Primary Education / Grade 3 / Radio Lessons / English Primary Education / Grade 3 / Radio Lessons / English / Grade 3 Term 2 Primary Education / Grade 3 / Radio Lessons / English / Grade 3 Term 3 Primary Education / Grade 3 / Radio Lessons / Environmental Activities Primary Education / Grade 3 / Radio Lessons / Environmental Activities / Grade 3 Term 2 Primary Education / Grade 3 / Radio Lessons / Kiswahili Primary Education / Grade 3 / Radio Lessons / Kiswahili / Grade 3 Term 3 Primary Education / Grade 3 / Educhannel TV Lessons Primary Education / Grade 3 / Educhannel TV Lessons / Mathematics Primary Education / Grade 3 / Educhannel TV Lessons / English Primary Education / Grade 3 / Educhannel TV Lessons / Kiswahili Primary Education / Grade 3 / Educhannel TV Lessons / Hygiene and Nutrition Primary Education / Grade 3 / Educhannel TV Lessons / Environmental Activities Primary Education / Grade 3 / Interactive Digital Content Primary Education / Grade 3 / EBooks Primary Education / Grade 3 / Tusome English Video Lessons Primary Education / Grade 3 / Tusome English Video Lessons / Tusome English Grade 3 Lessons Primary Education / Grade 4 Primary Education / Grade 4 / Educhannel Tv Lessons Primary Education / Grade 4 / Educhannel Tv Lessons / Home Science Primary Education / Grade 4 / Educhannel Tv Lessons / Agriculture Primary Education / Grade 4 / Educhannel Tv Lessons / Music Primary Education / Grade 4 / Educhannel Tv Lessons / Physical Education Primary Education / Grade 4 / Educhannel Tv Lessons / Art and Craft Primary Education / Grade 4 / Educhannel Tv Lessons / Kenya Sign Language Primary Education / Grade 4 / Educhannel Tv Lessons / Mathematics Primary Education / Grade 4 / Educhannel Tv Lessons / Science and Technology Primary Education / Grade 4 / Educhannel Tv Lessons / Social Studies Primary Education / Grade 4 / Educhannel Tv Lessons / English Primary Education / Grade 4 / Educhannel Tv Lessons / Kiswahili Primary Education / Grade 4 / Educhannel Tv Lessons / Environmental Activity Primary Education / Grade 4 / Radio lessons Primary Education / Grade 4 / Radio lessons / Social Studies Primary Education / Grade 4 / Radio lessons / Social Studies / Grade 4 Term 2 Primary Education / Grade 4 / Radio lessons / Social Studies / Grade 4 Term 3 Primary Education / Grade 4 / Radio lessons / CRE Primary Education / Grade 4 / Radio lessons / CRE / Grade 4 Term 2 Primary Education / Grade 4 / Radio lessons / English Primary Education / Grade 4 / Radio lessons / English / Grade 4 Term 2 Primary Education / Grade 4 / Radio lessons / English / Grade 4 Term 3 Primary Education / Grade 4 / Radio lessons / Hygiene and Nutrition Primary Education / Grade 4 / Radio lessons / Hygiene and Nutrition / Grade 4 Term 1 Primary Education / Grade 4 / Radio lessons / IRE Primary Education / Grade 4 / Radio lessons / IRE / Grade 4 Term 2 Primary Education / Grade 4 / Radio lessons / Science and Technology Primary Education / Grade 4 / Radio lessons / Science and Technology / Grade 4 Term 3 Primary Education / Grade 4 / Radio lessons / Agriculture Primary Education / Grade 4 / Radio lessons / Agriculture / Grade 4 Term 3 Primary Education / Grade 4 / Radio lessons / Mathematics Primary Education / Grade 4 / Radio lessons / Mathematics / Grade 4 Term 3 Primary Education / Grade 4 / SNE Primary Education / Grade 4 / Interactive Digital Content Primary Education / Grade 5 Primary Education / Grade 5 / Educhannel Tv Lessons Primary Education / Grade 5 / Educhannel Tv Lessons / English Primary Education / Grade 5 / Educhannel Tv Lessons / Kiswahili Primary Education / Grade 5 / Educhannel Tv Lessons / Mathematics Primary Education / Grade 5 / Radio Lessons Primary Education / Grade 5 / Radio Lessons / English Primary Education / Grade 5 / Radio Lessons / Science and Technology Primary Education / Grade 5 / Radio Lessons / Agriculture Primary Education / Grade 5 / Radio Lessons / Social studies Primary Education / Grade 5 / Radio Lessons / Christian Religious Education Primary Education / Grade 5 / Radio Lessons / Mathematics Primary Education / Grade 5 / Interactive Digital Content Primary Education / Grade 6 Primary Education / Grade 6 / Radio Lessons Primary Education / Grade 6 / Radio Lessons / CRE Primary Education / Grade 6 / Radio Lessons / Social Studies Primary Education / Grade 6 / Radio Lessons / Science Primary Education / Grade 6 / Radio Lessons / Kiswahili Primary Education / Grade 6 / Radio Lessons / English Primary Education / Grade 6 / Radio Lessons / Mathematics Primary Education / Grade 6 / Educhannel TV Lessons Primary Education / Grade 6 / Educhannel TV Lessons / Kiswahili Primary Education / Grade 6 / Educhannel TV Lessons / Agriculture Primary Education / Grade 6 / Educhannel TV Lessons / Art and Craft Primary Education / Grade 6 / Educhannel TV Lessons / English Primary Education / Grade 6 / Educhannel TV Lessons / Home Science Primary Education / Grade 6 / Educhannel TV Lessons / Music Primary Education / Grade 6 / Educhannel TV Lessons / Science and technology Primary Education / Grade 6 / Educhannel TV Lessons / Physical health education Primary Education / Grade 6 / Interactive Digital Content Junior School Junior School / Grade 8 Junior School / Grade 8 / Educhannel Tv Lessons Junior School / Grade 8 / Radio Lessons Junior School / Grade 8 / Interactive Digital Content Junior School / Grade 7 Junior School / Grade 7 / Educhannel TV lessons Junior School / Grade 7 / Radio Lessons Junior School / Grade 7 / Radio Lessons / Mathematics Junior School / Grade 7 / Radio Lessons / Kiswahili Junior School / Grade 7 / Radio Lessons / English Junior School / Grade 7 / Radio Lessons / Christian Religious Education Junior School / Grade 7 / Radio Lessons / Integrated Science Junior School / Grade 7 / Radio Lessons / Social Studies Junior School / Grade 7 / Radio Lessons / Pre-Technical Studies Junior School / Grade 7 / Interactive Digital Content Secondary Education Secondary Education / Form 1 Secondary Education / Form 1 / Interactive Digital Content Secondary Education / Form 1 / Educhannel Tv Lessons Secondary Education / Form 1 / Educhannel Tv Lessons / Mathematics Secondary Education / Form 1 / Educhannel Tv Lessons / English Secondary Education / Form 1 / Educhannel Tv Lessons / Physics Secondary Education / Form 1 / Educhannel Tv Lessons / Biology Secondary Education / Form 1 / Educhannel Tv Lessons / Chemistry Secondary Education / Form 1 / Educhannel Tv Lessons / Kiswahili Secondary Education / Form 1 / Educhannel Tv Lessons / History and Government Secondary Education / Form 1 / Educhannel Tv Lessons / Business Studies Secondary Education / Form 1 / Radio Lessons Secondary Education / Form 1 / Ebooks Secondary Education / Form 2 Secondary Education / Form 2 / Interactive Digital Content Secondary Education / Form 2 / Educhannel Tv Lessons Secondary Education / Form 2 / Educhannel Tv Lessons / Physics Secondary Education / Form 2 / Radio Lessons Secondary Education / Form 2 / Radio Lessons / Biology Secondary Education / Form 3 Secondary Education / Form 3 / Interactive Digital Content Secondary Education / Form 3 / Educhannel Tv Lessons Secondary Education / Form 3 / Educhannel Tv Lessons / Mathematics Secondary Education / Form 3 / Educhannel Tv Lessons / English Secondary Education / Form 3 / Educhannel Tv Lessons / Kiswahili Secondary Education / Form 3 / Educhannel Tv Lessons / Biology Secondary Education / Form 3 / Educhannel Tv Lessons / Chemistry Secondary Education / Form 3 / Educhannel Tv Lessons / Physics Secondary Education / Form 3 / Educhannel Tv Lessons / Business Studies Secondary Education / Form 3 / Educhannel Tv Lessons / History and Government Secondary Education / Form 3 / Radio Lessons Secondary Education / Form 4 Secondary Education / Form 4 / Interactive Digital Content Secondary Education / Form 4 / Educhannel Tv Lessons Secondary Education / Form 4 / Educhannel Tv Lessons / Form 4 Mathematics Secondary Education / Form 4 / Educhannel Tv Lessons / Form 4 English Secondary Education / Form 4 / Educhannel Tv Lessons / Form 4 Physics Secondary Education / Form 4 / Educhannel Tv Lessons / Form 4 Biology Secondary Education / Form 4 / Educhannel Tv Lessons / Form 4 Kiswahili Secondary Education / Form 4 / Educhannel Tv Lessons / Form 4 Chemistry Secondary Education / Form 4 / Educhannel Tv Lessons / Form 4 History and Government Secondary Education / Form 4 / Educhannel Tv Lessons / Form 4 Business Studies Secondary Education / Form 4 / Radio Lessons Secondary Education / Form 4 / Radio Lessons / Mathematics Secondary Education / Form 4 / Radio Lessons / Mathematics / Form 4 Term 1 Secondary Education / Form 4 / Radio Lessons / Mathematics / Form 4 Term 2 Secondary Education / Form 4 / Radio Lessons / Mathematics / Form 4 Term 3 General Knowledge General Knowledge / VOA Connect General Knowledge / Ask the expert General Knowledge / Citizenship and Democracy General Knowledge / Digital Story General Knowledge / Impacted Educhannel Lessons Educhannel Lessons / English Educhannel Lessons / English / Transport and travel Educhannel Lessons / English / Pronunciation skills Educhannel Lessons / English / Listening and speaking Educhannel Lessons / English / Family Educhannel Lessons / English / Environment Educhannel Lessons / English / Drug and Substance Educhannel Lessons / Agriculture Educhannel Lessons / Biology Educhannel Lessons / Biology / Living Things Educhannel Lessons / Biology / Secretion and homeostasis Educhannel Lessons / Biology / Support and movement Educhannel Lessons / Business Studies Educhannel Lessons / Chemistry Educhannel Lessons / Earth Movement and Volcanicity Educhannel Lessons / Environmental Activities Educhannel Lessons / Geograpghy Educhannel Lessons / History Educhannel Lessons / History / Kenyan History Educhannel Lessons / Homescience Educhannel Lessons / Homescience / Basic care clothing Educhannel Lessons / Kiswahili Educhannel Lessons / Kiswahili / Primary Educhannel Lessons / Kiswahili / Primary / Darasa 4-5 Educhannel Lessons / Kiswahili / Secondary Educhannel Lessons / Kiswahili / Secondary / Isimu Jamii Educhannel Lessons / Kiswahili / Secondary / Sarufi Educhannel Lessons / Mathematics Educhannel Lessons / Mathematics / Secondary Educhannel Lessons / Mathematics / Secondary / Commercial Arithmetics Educhannel Lessons / Mathematics / Primary Educhannel Lessons / Mathematics / Primary / Class 5-8 Educhannel Lessons / Mathematics / Primary / Class 5-8 / Practical uses of Money Educhannel Lessons / Mathematics / Primary / Class 5-8 / Measurement Educhannel Lessons / Organic Chemistry Educhannel Lessons / Performing Music Educhannel Lessons / Homescience Educhannel Lessons / Homescience / Basic care of clothing Educhannel Lessons / Art and Craft Educhannel Lessons / Physics Educhannel Lessons / Physics / Thermodynamics Educhannel Lessons / Physics / Mechanics Educhannel Lessons / Physics / Electricity and Magnetism Educhannel Lessons / The Doyen Exposition Educhannel Lessons / Science Educhannel Lessons / Science / Making work easier Educhannel Lessons / Science / Living Things Educhannel Lessons / Science / Energy conservation Educhannel Lessons / Physical and Health Education Educhannel Lessons / Physical and Health Education / Grade 1-4 Open Education Resourses(OERs) Open Education Resourses(OERs) / Movement and Creative Activities Open Education Resourses(OERs) / 	Religious Education Activities Open Education Resourses(OERs) / Mathematical Activities Open Education Resourses(OERs) / Environmental Activities Open Education Resourses(OERs) / Kiswahili Language Open Education Resourses(OERs) / LTK | Concordia University Open Education Resourses(OERs) / Hygiene and Nutrition Open Education Resourses(OERs) / ENGLISH LANGUAGE ACTIVITIES Open Education Resourses(OERs) / Casio Materials Open Education Resourses(OERs) / Health Education Open Education Resourses(OERs) / Carbon Literacy Special Needs Education Special Needs Education / Grade 1 Special Needs Education / Grade 1 / Adapted Interactive Digital Content for Hearing Impaired(HI) Special Needs Education / Grade 1 / Adapted Interactive Digital Content for Hearing Impaired(HI) / English Activities Special Needs Education / Grade 1 / Adapted Interactive Digital Content for Hearing Impaired(HI) / Environmental Activities Special Needs Education / Grade 1 / Adapted Interactive Digital Content for Hearing Impaired(HI) / Creative Activities Special Needs Education / Grade 1 / Adapted Interactive Digital Content for Visual Impaired(VI) Special Needs Education / Grade 2 Special Needs Education / Grade 2 / Adapted Interactive Digital Content for Hearing Impaired(HI) Special Needs Education / Grade 2 / Adapted Interactive Digital Content for Hearing Impaired(HI) / Mathematics Grade 2 Special Needs Education / Grade 2 / Adapted Interactive Digital Content for Hearing Impaired(HI) / Environmental Activities Grade 2 Special Needs Education / Grade 2 / Adapted Interactive Digital Content for Hearing Impaired(HI) / Hygiene and Nutrition Grade 2 Special Needs Education / Grade 2 / Adapted Interactive Digital Content for Hearing Impaired(HI) / Christian Religious Education Grade 2 (HI) Special Needs Education / Grade 2 / Adapted Interactive Digital Content for Hearing Impaired(HI) / Literacy Activities Grade2 (HI) Special Needs Education / Grade 2 / Adapted Interactive Digital Content for Hearing Impaired(HI) / English Activities Grad2 H.I Special Needs Education / Grade 2 / Adapted Interactive Digital Content for Hearing Impaired(HI) / Creative Activities Grade2 -H.I Special Needs Education / Grade 2 / Adapted Interactive Digital Content for Visual Impaired(VI) Special Needs Education / Grade 2 / Adapted Interactive Digital Content for Visual Impaired(VI) / Mathematics Special Needs Education / Grade 2 / Adapted Interactive Digital Content for Visual Impaired(VI) / Kiswahili Special Needs Education / Grade 2 / Adapted Interactive Digital Content for Visual Impaired(VI) / English Special Needs Education / Grade 2 / Adapted Interactive Digital Content for Visual Impaired(VI) / Creative Activities Special Needs Education / Grade 2 / Adapted Interactive Digital Content for Visual Impaired(VI) / CRE Special Needs Education / Grade 3 Special Needs Education / Grade 3 / Adapted Interactive Digital Content for Learners with Hearing Impairment (HI) Special Needs Education / Grade 3 / Adapted Interactive Digital Content for Learners with Hearing Impairment (HI) / Visual Arts Special Needs Education / Grade 3 / Adapted Interactive Digital Content for Learners with Hearing Impairment (HI) / English Special Needs Education / Grade 3 / Adapted Interactive Digital Content for Learners with Hearing Impairment (HI) / Hygiene and Nutrition Special Needs Education / Grade 3 / Adapted Interactive Digital Content for Learners with Hearing Impairment (HI) / Music Special Needs Education / Grade 3 / Adapted Interactive Digital Content for Learners with Hearing Impairment (HI) / Mathematics Special Needs Education / Grade 3 / Adapted Interactive Digital Content for Learners with Hearing Impairment (HI) / Environmental Special Needs Education / Grade 3 / Adapted Interactive Digital Content for Learners with Hearing Impairment (HI) / CRE Special Needs Education / Grade 3 / Adapted Interactive Digital Content for Learners with Visual Impairment (VI) Special Needs Education / Grade 3 / Adapted Interactive Digital Content for Learners with Visual Impairment (VI) / Music Special Needs Education / Grade 3 / Adapted Interactive Digital Content for Learners with Visual Impairment (VI) / Mathematics Special Needs Education / Grade 3 / Adapted Interactive Digital Content for Learners with Visual Impairment (VI) / Visual Arts Special Needs Education / Grade 3 / Adapted Interactive Digital Content for Learners with Visual Impairment (VI) / Kiswahili Special Needs Education / Grade 3 / Adapted Interactive Digital Content for Learners with Visual Impairment (VI) / Hygiene and Nutrition Special Needs Education / Grade 3 / Adapted Interactive Digital Content for Learners with Visual Impairment (VI) / Environmental Special Needs Education / Grade 3 / Adapted Interactive Digital Content for Learners with Visual Impairment (VI) / English Special Needs Education / Grade 3 / Adapted Interactive Digital Content for Learners with Visual Impairment (VI) / CRE Special Needs Education / Grade 4 Special Needs Education / Grade 4 / Adapted Interactive Digital Content for Learners with Hearing Impairment (HI) Special Needs Education / Grade 4 / Adapted Interactive Digital Content for Learners with Hearing Impairment (HI) / Mathematics Special Needs Education / Grade 4 / Adapted Interactive Digital Content for Learners with Hearing Impairment (HI) / English Special Needs Education / Grade 4 / Adapted Interactive Digital Content for Learners with Hearing Impairment (HI) / Science and Technology Special Needs Education / Grade 4 / Adapted Interactive Digital Content for Learners with Hearing Impairment (HI) / Agriculture Special Needs Education / Grade 4 / Adapted Interactive Digital Content for Learners with Hearing Impairment (HI) / Social Studies Special Needs Education / Grade 4 / Adapted Interactive Digital Content for Learners with Hearing Impairment (HI) / Home Science Special Needs Education / Grade 4 / Adapted Interactive Digital Content for Learners with Hearing Impairment (HI) / Art and Craft Special Needs Education / Grade 4 / Adapted Interactive Digital Content for Learners with Hearing Impairment (HI) / Music Special Needs Education / Grade 4 / Adapted Interactive Digital Content for Learners with Hearing Impairment (HI) / Christian Religious Education (CRE) Special Needs Education / Grade 4 / Adapted Interactive Digital Content for Learners with Visual Impairment (VI) Special Needs Education / Grade 4 / Adapted Interactive Digital Content for Learners with Visual Impairment (VI) / Mathematics Special Needs Education / Grade 4 / Adapted Interactive Digital Content for Learners with Visual Impairment (VI) / English Special Needs Education / Grade 4 / Adapted Interactive Digital Content for Learners with Visual Impairment (VI) / Kiswahili Special Needs Education / Grade 4 / Adapted Interactive Digital Content for Learners with Visual Impairment (VI) / Science and Technology Special Needs Education / Grade 4 / Adapted Interactive Digital Content for Learners with Visual Impairment (VI) / Agriculture Special Needs Education / Grade 4 / Adapted Interactive Digital Content for Learners with Visual Impairment (VI) / Social Studies Special Needs Education / Grade 4 / Adapted Interactive Digital Content for Learners with Visual Impairment (VI) / Home Science Special Needs Education / Grade 4 / Adapted Interactive Digital Content for Learners with Visual Impairment (VI) / Art and Craft Special Needs Education / Grade 4 / Adapted Interactive Digital Content for Learners with Visual Impairment (VI) / Christian Religious Education (CRE) Special Needs Education / Grade 4 / Adapted Interactive Digital Content for Learners with Visual Impairment (VI) / Music Special Needs Education / Grade 5 Special Needs Education / Grade 5 / Adapted Interactive Digital Content for Learners with Hearing Impairment (HI) Special Needs Education / Grade 5 / Adapted Interactive Digital Content for Learners with Hearing Impairment (HI) / English Special Needs Education / Grade 5 / Adapted Interactive Digital Content for Learners with Hearing Impairment (HI) / Christian Religious Education Special Needs Education / Grade 5 / Adapted Interactive Digital Content for Learners with Hearing Impairment (HI) / Social Studies Special Needs Education / Grade 5 / Adapted Interactive Digital Content for Learners with Hearing Impairment (HI) / Agriculture and Nutrition Special Needs Education / Grade 5 / Adapted Interactive Digital Content for Learners with Hearing Impairment (HI) / Creative Arts Special Needs Education / Grade 5 / Adapted Interactive Digital Content for Learners with Hearing Impairment (HI) / Mathematics Special Needs Education / Grade 5 / Adapted Interactive Digital Content for Learners with Hearing Impairment (HI) / Science and Technology Special Needs Education / Grade 5 / Adapted Interactive Digital Content for Learners with Hearing Impairment (HI) / Islamic Religious Education Special Needs Education / Grade 5 / Adapted Interactive Digital Content for Learners with Visual Impairment (VI) Special Needs Education / Grade 5 / Adapted Interactive Digital Content for Learners with Visual Impairment (VI) / Creative Arts Special Needs Education / Grade 5 / Adapted Interactive Digital Content for Learners with Visual Impairment (VI) / Social Studies Special Needs Education / Grade 5 / Adapted Interactive Digital Content for Learners with Visual Impairment (VI) / Kiswahili Special Needs Education / Grade 5 / Adapted Interactive Digital Content for Learners with Visual Impairment (VI) / Christian Religious Education Special Needs Education / Grade 5 / Adapted Interactive Digital Content for Learners with Visual Impairment (VI) / Science and Technology Special Needs Education / Grade 5 / Adapted Interactive Digital Content for Learners with Visual Impairment (VI) / Agriculture and Nutrition Special Needs Education / Grade 5 / Adapted Interactive Digital Content for Learners with Visual Impairment (VI) / Islamic Religious Education Special Needs Education / Grade 5 / Adapted Interactive Digital Content for Learners with Visual Impairment (VI) / Mathematics Special Needs Education / Grade 5 / Adapted Interactive Digital Content for Learners with Visual Impairment (VI) / English Special Needs Education / Grade 6 Special Needs Education / Grade 6 / Adapted Interactive Digital Content for Learners with Hearing Impairment (HI) Special Needs Education / Grade 6 / Adapted Interactive Digital Content for Learners with Hearing Impairment (HI) / Science and Technology Special Needs Education / Grade 6 / Adapted Interactive Digital Content for Learners with Hearing Impairment (HI) / Christian Religious Education Special Needs Education / Grade 6 / Adapted Interactive Digital Content for Learners with Hearing Impairment (HI) / Creative Arts Special Needs Education / Grade 6 / Adapted Interactive Digital Content for Learners with Hearing Impairment (HI) / Islamic Religious Education Special Needs Education / Grade 6 / Adapted Interactive Digital Content for Learners with Hearing Impairment (HI) / English Special Needs Education / Grade 6 / Adapted Interactive Digital Content for Learners with Hearing Impairment (HI) / Social Studies Special Needs Education / Grade 6 / Adapted Interactive Digital Content for Learners with Hearing Impairment (HI) / Agriculture Special Needs Education / Grade 6 / Adapted Interactive Digital Content for Learners with Hearing Impairment (HI) / Mathematics Special Needs Education / Grade 6 / Adapted Interactive Digital Content for Learners with Visual Impairment (VI) Special Needs Education / Grade 6 / Adapted Interactive Digital Content for Learners with Visual Impairment (VI) / Christian Religious Education Special Needs Education / Grade 6 / Adapted Interactive Digital Content for Learners with Visual Impairment (VI) / Kiswahili Special Needs Education / Grade 6 / Adapted Interactive Digital Content for Learners with Visual Impairment (VI) / English Special Needs Education / Grade 6 / Adapted Interactive Digital Content for Learners with Visual Impairment (VI) / Creative Arts Special Needs Education / Grade 6 / Adapted Interactive Digital Content for Learners with Visual Impairment (VI) / Mathematics Special Needs Education / Grade 6 / Adapted Interactive Digital Content for Learners with Visual Impairment (VI) / Science and Technology Special Needs Education / Grade 6 / Adapted Interactive Digital Content for Learners with Visual Impairment (VI) / Islamic Religious Education Special Needs Education / Grade 6 / Adapted Interactive Digital Content for Learners with Visual Impairment (VI) / Social Studies Special Needs Education / Grade 6 / Adapted Interactive Digital Content for Learners with Visual Impairment (VI) / Agriculture and Nutrition Special Needs Education / Ebooks Special Needs Education / Videos Special Needs Education / Foundational and Stage-Based Special Needs Education / Prevocational Level Special Needs Education / Prevocational Level / Music Special Needs Education / Prevocational Level / Hindu Religious Education Special Needs Education / Prevocational Level / Christian Religious Education Special Needs Education / Prevocational Level / Physical Education Special Needs Education / Prevocational Level / Islamic Religious Education Special Needs Education / Prevocational Level / Social Studies Special Needs Education / Prevocational Level / Prevocational Skills 1 Special Needs Education / Prevocational Level / Prevocational Skills 2 Special Needs Education / Prevocational Level / Prevocational Skills 3 Accessible Digital Textbooks Interactive Simulations for Sciences and Mathematics Interactive Simulations for Sciences and Mathematics / Physics Interactive Simulations for Sciences and Mathematics / Chemistry Interactive Simulations for Sciences and Mathematics / Mathematics Information, Education and Communication(IEC) Materials Information, Education and Communication(IEC) Materials / Child Online Safety Information, Education and Communication(IEC) Materials / Child Road Safety Information, Education and Communication(IEC) Materials / Child Road Safety / Integration Matrices Information, Education and Communication(IEC) Materials / Child Road Safety / Integration Matrices / Early Years Education Information, Education and Communication(IEC) Materials / Child Road Safety / Integration Matrices / Upper Primary Information, Education and Communication(IEC) Materials / Child Road Safety / Integration Matrices / Junior School Information, Education and Communication(IEC) Materials / Child Road Safety / Integration Matrices / Senior School Information, Education and Communication(IEC) Materials / Child Road Safety / Information, Education and Communication(IEC) Materials on Child Road Safety Information, Education and Communication(IEC) Materials / Child Road Safety / Information, Education and Communication(IEC) Materials on Child Road Safety / Early Years Education Information, Education and Communication(IEC) Materials / Child Road Safety / Information, Education and Communication(IEC) Materials on Child Road Safety / Upper Primary Information, Education and Communication(IEC) Materials / Child Road Safety / Information, Education and Communication(IEC) Materials on Child Road Safety / Junior School Information, Education and Communication(IEC) Materials / Child Road Safety / Information, Education and Communication(IEC) Materials on Child Road Safety / Senior School Information, Education and Communication(IEC) Materials / Child Road Safety / Teacher's Handbook Information, Education and Communication(IEC) Materials / Financial Literacy Learners’ Toolkit Teacher Resources Teacher Resources / Educational Resources Materials Development Teacher Resources / Educational Resources Materials Development / CRE Teacher Resources / Educational Resources Materials Development / English Teacher Resources / Educational Resources Materials Development / Environment Teacher Resources / Educational Resources Materials Development / Foundations Teacher Resources / Educational Resources Materials Development / H.R.E Teacher Resources / Educational Resources Materials Development / Hygiene and Nutrition Teacher Resources / Educational Resources Materials Development / I.R.E Teacher Resources / Educational Resources Materials Development / Kiswahili Teacher Resources / Educational Resources Materials Development / Language Activities Teacher Resources / Educational Resources Materials Development / Literacy Skills Teacher Resources / Educational Resources Materials Development / Mathematics Teacher Resources / Educational Resources Materials Development / Movements and Arts Teacher Resources / Pre-Primary Teacher Radio Programmes Teacher Resources / CBC Courses Teacher Resources / Special Needs Educations Teacher Resources / Interactive Digital Content for Teacher Education Teacher Resources / Interactive Digital Content for Teacher Education / English Teacher Resources / Interactive Digital Content for Teacher Education / Music Teacher Resources / Interactive Digital Content for Teacher Education / Christian Religious Education Teacher Resources / Interactive Digital Content for Teacher Education / Art and Craft Teacher Resources / Interactive Digital Content for Teacher Education / Indigenous Languages Teacher Resources / Interactive Digital Content for Teacher Education / Home science Teacher Resources / Interactive Digital Content for Teacher Education / Science and Technology Teacher Resources / Interactive Digital Content for Teacher Education / Islamic Religious Education Teacher Resources / Interactive Digital Content for Teacher Education / Mandarin Teacher Resources / Interactive Digital Content for Teacher Education / Agriculture Teacher Resources / Interactive Digital Content for Teacher Education / Mathematics Teacher Resources / Interactive Digital Content for Teacher Education / French Teacher Resources / Interactive Digital Content for Teacher Education / Hindu Religious Education Teacher Resources / Interactive Digital Content for Teacher Education / Social Studies Teacher Resources / Interactive Digital Content for Teacher Education / Kiswahili Teacher Resources / Interactive Digital Content for Teacher Education / Physical Education Teacher Resources / Interactive Digital Content for Teacher Education / Arabic Parental Resources Financial Literacy Financial Literacy / Financial Literacy for Junior School Financial Literacy / Financial Literacy for Junior School / Taxation Financial Literacy / Financial Literacy for Senior School Financial Literacy / Financial Literacy for Senior School / Taxation Search lessons Search Expand allChild Online SafetyChild Road SafetyFinancial Literacy Learners’ Toolkit Home Calendar Pre-primary Pre-Primary 1 Pre-Primary 2 Primary Grade 1 Grade 2 Grade 3 Grade 4 Grade 5 Grade 6 Secondary Grade 7 Grade 8 Form 1 Form 2 Form 3 Form 4 OER's SNE The Kenya Education Cloud (KEC) is a digital platform designed to enhance teaching and learning in Kenya by providing a wide range of digital educational resources. Serving as a centralized hub for e-learning, it promotes access to interactive content, supports modern pedagogical methods, and fosters collaboration among educators and learners. External Links Ministry of Education Kenya National Examinations Council Teachers Service Commission Kenya Kenya Institute of Special Education (KISE) ICT Authority TVET Authority Elimika Additional Resources Accessible Digital Textbook (ADT) Curriculum Reports Parental Resources Child Online Protection Guidelines Our Contacts Kenya Institute of Curriculum DevelopmentDesai Rd, Off Muranga Rd,Nairobi, Kenya. Telephone Contacts+254 729327331 +254 729327334 Email Addressinfo@kicd.ac.ke Kenya Education Cloud © 2024. All rights reserved. Privacy Policy Terms & Conditions (Login) Data retention summary","['mathematics', 'english', 'kiswahili', 'biology', 'chemistry', 'physics', 'geography', 'history', 'business', 'computer', 'agriculture', 'home_science', 'art', 'music', 'physical_education', 'religious_education']",form_1,cbc,[],2025-09-08T00:49:54.978206,unknown,,,,
https://lms.kec.ac.ke/admin/tool/dataprivacy/summary.php,Digital Content Portal,"Kenya Education Cloud is your ultimate digital learning hub, providing access to curated e-learning resources, educational tools, and innovative content for students, teachers, and institutions.","Digital Content Portal Home Registry configuration summary Data retention summary This summary shows the default categories and purposes for retaining user data. Certain areas may have more specific categories and purposes than those listed here. Site Purpose Retention period No retention period was defined Users Purpose Retention period No retention period was defined Course categories Purpose Retention period No retention period was defined Courses Purpose Retention period No retention period was defined Activity modules Purpose Retention period No retention period was defined Blocks Purpose Retention period No retention period was defined Purpose Retention period No retention period was defined Purpose Retention period No retention period was defined Purpose Retention period No retention period was defined Purpose Retention period No retention period was defined Purpose Retention period No retention period was defined Purpose Retention period No retention period was defined Digital Content | Kenya Education Cloud | Unlimited Learning Experiences Skip to main content (Login) Digital Content Portal Home Registry configuration summary Data retention summary This summary shows the default categories and purposes for retaining user data. Certain areas may have more specific categories and purposes than those listed here. Site Purpose Retention period No retention period was defined Users Purpose Retention period No retention period was defined Course categories Purpose Retention period No retention period was defined Courses Purpose Retention period No retention period was defined Activity modules Purpose Retention period No retention period was defined Blocks Purpose Retention period No retention period was defined Home Calendar Pre-primary Pre-Primary 1 Pre-Primary 2 Primary Grade 1 Grade 2 Grade 3 Grade 4 Grade 5 Grade 6 Secondary Grade 7 Grade 8 Form 1 Form 2 Form 3 Form 4 OER's SNE The Kenya Education Cloud (KEC) is a digital platform designed to enhance teaching and learning in Kenya by providing a wide range of digital educational resources. Serving as a centralized hub for e-learning, it promotes access to interactive content, supports modern pedagogical methods, and fosters collaboration among educators and learners. External Links Ministry of Education Kenya National Examinations Council Teachers Service Commission Kenya Kenya Institute of Special Education (KISE) ICT Authority TVET Authority Elimika Additional Resources Accessible Digital Textbook (ADT) Curriculum Reports Parental Resources Child Online Protection Guidelines Our Contacts Kenya Institute of Curriculum DevelopmentDesai Rd, Off Muranga Rd,Nairobi, Kenya. Telephone Contacts+254 729327331 +254 729327334 Email Addressinfo@kicd.ac.ke Kenya Education Cloud © 2024. All rights reserved. Privacy Policy Terms & Conditions (Login) Data retention summary","['computer', 'art']",form_1,unknown,[],2025-09-08T00:49:55.816792,unknown,,,,
https://lms.kec.ac.ke/course/index.php?categoryid=527,Mathematics,"Kenya Education Cloud is your ultimate digital learning hub, providing access to curated e-learning resources, educational tools, and innovative content for students, teachers, and institutions.","Mathematics Home Lessons Interactive Simulations for Sciences and Mathematics Mathematics Lesson categories: Pre-Primary Pre-Primary / Radio Lessons Pre-Primary / Educhannel Video Lessons Pre-Primary / Educhannel Video Lessons / Language Activities Pre-Primary / Educhannel Video Lessons / Mathematics Pre-Primary / Educhannel Video Lessons / Our School Pre-Primary / Educhannel Video Lessons / Picture Making Pre-Primary / Educhannel Video Lessons / Social Environment Pre-Primary / Educhannel Video Lessons / Pre-Primary 1 Pre-Primary / Educhannel Video Lessons / Pre-Primary 2 Pre-Primary / Interactive digital Content Pre-Primary / Ebooks Primary Education Primary Education / Grade 1 Primary Education / Grade 1 / Educhannel TV Lessons Primary Education / Grade 1 / Educhannel TV Lessons / English Primary Education / Grade 1 / Educhannel TV Lessons / Mathematics Primary Education / Grade 1 / Educhannel TV Lessons / Kiswahili Primary Education / Grade 1 / Educhannel TV Lessons / Kenya Sign Language(KSL) Primary Education / Grade 1 / Educhannel TV Lessons / Hygiene and nutrition Primary Education / Grade 1 / Educhannel TV Lessons / Environmental Activities Primary Education / Grade 1 / Interactive Digital Content Primary Education / Grade 1 / Radio Lessons Primary Education / Grade 1 / Radio Lessons / Mathematics Primary Education / Grade 1 / Radio Lessons / Mathematics / Grade 1 Term 2 Primary Education / Grade 1 / Radio Lessons / Mathematics / Grade 1 Term 3 Primary Education / Grade 1 / Radio Lessons / Kiswahili Primary Education / Grade 1 / Radio Lessons / Kiswahili / Grade 1 Term 2 Primary Education / Grade 1 / Radio Lessons / Kiswahili / Grade 1 Term 3 Primary Education / Grade 1 / Radio Lessons / English Primary Education / Grade 1 / Radio Lessons / English / Grade 1 Term 2 Primary Education / Grade 1 / Radio Lessons / English / Grade 1 Term 3 Primary Education / Grade 1 / Ebooks Primary Education / Grade 1 / Ebooks / Tusome readers Primary Education / Grade 1 / Ebooks / Indigenous Languages Primary Education / Grade 2 Primary Education / Grade 2 / Interactive Digital Content Primary Education / Grade 2 / Educhannel Tv Lessons Primary Education / Grade 2 / Educhannel Tv Lessons / Mathematics Primary Education / Grade 2 / Educhannel Tv Lessons / English Primary Education / Grade 2 / Radio Lessons Primary Education / Grade 2 / Radio Lessons / Mathematics Primary Education / Grade 2 / Radio Lessons / Mathematics / Grade 2 Term 2 Primary Education / Grade 2 / Radio Lessons / English Primary Education / Grade 2 / Radio Lessons / English / Grade 2 Term 2 Primary Education / Grade 2 / Radio Lessons / English / Grade 2 Term 3 Primary Education / Grade 2 / Radio Lessons / Kiswahili Primary Education / Grade 2 / Radio Lessons / Kiswahili / Grade 2 Term 3 Primary Education / Grade 2 / Hygiene and Nutrition Primary Education / Grade 2 / Hygiene and Nutrition / Grade 2 Term 2 Primary Education / Grade 2 / E-books Primary Education / Grade 2 / E-books / Tusome Readers Primary Education / Grade 3 Primary Education / Grade 3 / Radio Lessons Primary Education / Grade 3 / Radio Lessons / Mathematics Primary Education / Grade 3 / Radio Lessons / Mathematics / Grade 3 Term 2 Primary Education / Grade 3 / Radio Lessons / Mathematics / Grade 3 Term 3 Primary Education / Grade 3 / Radio Lessons / English Primary Education / Grade 3 / Radio Lessons / English / Grade 3 Term 2 Primary Education / Grade 3 / Radio Lessons / English / Grade 3 Term 3 Primary Education / Grade 3 / Radio Lessons / Environmental Activities Primary Education / Grade 3 / Radio Lessons / Environmental Activities / Grade 3 Term 2 Primary Education / Grade 3 / Radio Lessons / Kiswahili Primary Education / Grade 3 / Radio Lessons / Kiswahili / Grade 3 Term 3 Primary Education / Grade 3 / Educhannel TV Lessons Primary Education / Grade 3 / Educhannel TV Lessons / Mathematics Primary Education / Grade 3 / Educhannel TV Lessons / English Primary Education / Grade 3 / Educhannel TV Lessons / Kiswahili Primary Education / Grade 3 / Educhannel TV Lessons / Hygiene and Nutrition Primary Education / Grade 3 / Educhannel TV Lessons / Environmental Activities Primary Education / Grade 3 / Interactive Digital Content Primary Education / Grade 3 / EBooks Primary Education / Grade 3 / Tusome English Video Lessons Primary Education / Grade 3 / Tusome English Video Lessons / Tusome English Grade 3 Lessons Primary Education / Grade 4 Primary Education / Grade 4 / Educhannel Tv Lessons Primary Education / Grade 4 / Educhannel Tv Lessons / Home Science Primary Education / Grade 4 / Educhannel Tv Lessons / Agriculture Primary Education / Grade 4 / Educhannel Tv Lessons / Music Primary Education / Grade 4 / Educhannel Tv Lessons / Physical Education Primary Education / Grade 4 / Educhannel Tv Lessons / Art and Craft Primary Education / Grade 4 / Educhannel Tv Lessons / Kenya Sign Language Primary Education / Grade 4 / Educhannel Tv Lessons / Mathematics Primary Education / Grade 4 / Educhannel Tv Lessons / Science and Technology Primary Education / Grade 4 / Educhannel Tv Lessons / Social Studies Primary Education / Grade 4 / Educhannel Tv Lessons / English Primary Education / Grade 4 / Educhannel Tv Lessons / Kiswahili Primary Education / Grade 4 / Educhannel Tv Lessons / Environmental Activity Primary Education / Grade 4 / Radio lessons Primary Education / Grade 4 / Radio lessons / Social Studies Primary Education / Grade 4 / Radio lessons / Social Studies / Grade 4 Term 2 Primary Education / Grade 4 / Radio lessons / Social Studies / Grade 4 Term 3 Primary Education / Grade 4 / Radio lessons / CRE Primary Education / Grade 4 / Radio lessons / CRE / Grade 4 Term 2 Primary Education / Grade 4 / Radio lessons / English Primary Education / Grade 4 / Radio lessons / English / Grade 4 Term 2 Primary Education / Grade 4 / Radio lessons / English / Grade 4 Term 3 Primary Education / Grade 4 / Radio lessons / Hygiene and Nutrition Primary Education / Grade 4 / Radio lessons / Hygiene and Nutrition / Grade 4 Term 1 Primary Education / Grade 4 / Radio lessons / IRE Primary Education / Grade 4 / Radio lessons / IRE / Grade 4 Term 2 Primary Education / Grade 4 / Radio lessons / Science and Technology Primary Education / Grade 4 / Radio lessons / Science and Technology / Grade 4 Term 3 Primary Education / Grade 4 / Radio lessons / Agriculture Primary Education / Grade 4 / Radio lessons / Agriculture / Grade 4 Term 3 Primary Education / Grade 4 / Radio lessons / Mathematics Primary Education / Grade 4 / Radio lessons / Mathematics / Grade 4 Term 3 Primary Education / Grade 4 / SNE Primary Education / Grade 4 / Interactive Digital Content Primary Education / Grade 5 Primary Education / Grade 5 / Educhannel Tv Lessons Primary Education / Grade 5 / Educhannel Tv Lessons / English Primary Education / Grade 5 / Educhannel Tv Lessons / Kiswahili Primary Education / Grade 5 / Educhannel Tv Lessons / Mathematics Primary Education / Grade 5 / Radio Lessons Primary Education / Grade 5 / Radio Lessons / English Primary Education / Grade 5 / Radio Lessons / Science and Technology Primary Education / Grade 5 / Radio Lessons / Agriculture Primary Education / Grade 5 / Radio Lessons / Social studies Primary Education / Grade 5 / Radio Lessons / Christian Religious Education Primary Education / Grade 5 / Radio Lessons / Mathematics Primary Education / Grade 5 / Interactive Digital Content Primary Education / Grade 6 Primary Education / Grade 6 / Radio Lessons Primary Education / Grade 6 / Radio Lessons / CRE Primary Education / Grade 6 / Radio Lessons / Social Studies Primary Education / Grade 6 / Radio Lessons / Science Primary Education / Grade 6 / Radio Lessons / Kiswahili Primary Education / Grade 6 / Radio Lessons / English Primary Education / Grade 6 / Radio Lessons / Mathematics Primary Education / Grade 6 / Educhannel TV Lessons Primary Education / Grade 6 / Educhannel TV Lessons / Kiswahili Primary Education / Grade 6 / Educhannel TV Lessons / Agriculture Primary Education / Grade 6 / Educhannel TV Lessons / Art and Craft Primary Education / Grade 6 / Educhannel TV Lessons / English Primary Education / Grade 6 / Educhannel TV Lessons / Home Science Primary Education / Grade 6 / Educhannel TV Lessons / Music Primary Education / Grade 6 / Educhannel TV Lessons / Science and technology Primary Education / Grade 6 / Educhannel TV Lessons / Physical health education Primary Education / Grade 6 / Interactive Digital Content Junior School Junior School / Grade 8 Junior School / Grade 8 / Educhannel Tv Lessons Junior School / Grade 8 / Radio Lessons Junior School / Grade 8 / Interactive Digital Content Junior School / Grade 7 Junior School / Grade 7 / Educhannel TV lessons Junior School / Grade 7 / Radio Lessons Junior School / Grade 7 / Radio Lessons / Mathematics Junior School / Grade 7 / Radio Lessons / Kiswahili Junior School / Grade 7 / Radio Lessons / English Junior School / Grade 7 / Radio Lessons / Christian Religious Education Junior School / Grade 7 / Radio Lessons / Integrated Science Junior School / Grade 7 / Radio Lessons / Social Studies Junior School / Grade 7 / Radio Lessons / Pre-Technical Studies Junior School / Grade 7 / Interactive Digital Content Secondary Education Secondary Education / Form 1 Secondary Education / Form 1 / Interactive Digital Content Secondary Education / Form 1 / Educhannel Tv Lessons Secondary Education / Form 1 / Educhannel Tv Lessons / Mathematics Secondary Education / Form 1 / Educhannel Tv Lessons / English Secondary Education / Form 1 / Educhannel Tv Lessons / Physics Secondary Education / Form 1 / Educhannel Tv Lessons / Biology Secondary Education / Form 1 / Educhannel Tv Lessons / Chemistry Secondary Education / Form 1 / Educhannel Tv Lessons / Kiswahili Secondary Education / Form 1 / Educhannel Tv Lessons / History and Government Secondary Education / Form 1 / Educhannel Tv Lessons / Business Studies Secondary Education / Form 1 / Radio Lessons Secondary Education / Form 1 / Ebooks Secondary Education / Form 2 Secondary Education / Form 2 / Interactive Digital Content Secondary Education / Form 2 / Educhannel Tv Lessons Secondary Education / Form 2 / Educhannel Tv Lessons / Physics Secondary Education / Form 2 / Radio Lessons Secondary Education / Form 2 / Radio Lessons / Biology Secondary Education / Form 3 Secondary Education / Form 3 / Interactive Digital Content Secondary Education / Form 3 / Educhannel Tv Lessons Secondary Education / Form 3 / Educhannel Tv Lessons / Mathematics Secondary Education / Form 3 / Educhannel Tv Lessons / English Secondary Education / Form 3 / Educhannel Tv Lessons / Kiswahili Secondary Education / Form 3 / Educhannel Tv Lessons / Biology Secondary Education / Form 3 / Educhannel Tv Lessons / Chemistry Secondary Education / Form 3 / Educhannel Tv Lessons / Physics Secondary Education / Form 3 / Educhannel Tv Lessons / Business Studies Secondary Education / Form 3 / Educhannel Tv Lessons / History and Government Secondary Education / Form 3 / Radio Lessons Secondary Education / Form 4 Secondary Education / Form 4 / Interactive Digital Content Secondary Education / Form 4 / Educhannel Tv Lessons Secondary Education / Form 4 / Educhannel Tv Lessons / Form 4 Mathematics Secondary Education / Form 4 / Educhannel Tv Lessons / Form 4 English Secondary Education / Form 4 / Educhannel Tv Lessons / Form 4 Physics Secondary Education / Form 4 / Educhannel Tv Lessons / Form 4 Biology Secondary Education / Form 4 / Educhannel Tv Lessons / Form 4 Kiswahili Secondary Education / Form 4 / Educhannel Tv Lessons / Form 4 Chemistry Secondary Education / Form 4 / Educhannel Tv Lessons / Form 4 History and Government Secondary Education / Form 4 / Educhannel Tv Lessons / Form 4 Business Studies Secondary Education / Form 4 / Radio Lessons Secondary Education / Form 4 / Radio Lessons / Mathematics Secondary Education / Form 4 / Radio Lessons / Mathematics / Form 4 Term 1 Secondary Education / Form 4 / Radio Lessons / Mathematics / Form 4 Term 2 Secondary Education / Form 4 / Radio Lessons / Mathematics / Form 4 Term 3 General Knowledge General Knowledge / VOA Connect General Knowledge / Ask the expert General Knowledge / Citizenship and Democracy General Knowledge / Digital Story General Knowledge / Impacted Educhannel Lessons Educhannel Lessons / English Educhannel Lessons / English / Transport and travel Educhannel Lessons / English / Pronunciation skills Educhannel Lessons / English / Listening and speaking Educhannel Lessons / English / Family Educhannel Lessons / English / Environment Educhannel Lessons / English / Drug and Substance Educhannel Lessons / Agriculture Educhannel Lessons / Biology Educhannel Lessons / Biology / Living Things Educhannel Lessons / Biology / Secretion and homeostasis Educhannel Lessons / Biology / Support and movement Educhannel Lessons / Business Studies Educhannel Lessons / Chemistry Educhannel Lessons / Earth Movement and Volcanicity Educhannel Lessons / Environmental Activities Educhannel Lessons / Geograpghy Educhannel Lessons / History Educhannel Lessons / History / Kenyan History Educhannel Lessons / Homescience Educhannel Lessons / Homescience / Basic care clothing Educhannel Lessons / Kiswahili Educhannel Lessons / Kiswahili / Primary Educhannel Lessons / Kiswahili / Primary / Darasa 4-5 Educhannel Lessons / Kiswahili / Secondary Educhannel Lessons / Kiswahili / Secondary / Isimu Jamii Educhannel Lessons / Kiswahili / Secondary / Sarufi Educhannel Lessons / Mathematics Educhannel Lessons / Mathematics / Secondary Educhannel Lessons / Mathematics / Secondary / Commercial Arithmetics Educhannel Lessons / Mathematics / Primary Educhannel Lessons / Mathematics / Primary / Class 5-8 Educhannel Lessons / Mathematics / Primary / Class 5-8 / Practical uses of Money Educhannel Lessons / Mathematics / Primary / Class 5-8 / Measurement Educhannel Lessons / Organic Chemistry Educhannel Lessons / Performing Music Educhannel Lessons / Homescience Educhannel Lessons / Homescience / Basic care of clothing Educhannel Lessons / Art and Craft Educhannel Lessons / Physics Educhannel Lessons / Physics / Thermodynamics Educhannel Lessons / Physics / Mechanics Educhannel Lessons / Physics / Electricity and Magnetism Educhannel Lessons / The Doyen Exposition Educhannel Lessons / Science Educhannel Lessons / Science / Making work easier Educhannel Lessons / Science / Living Things Educhannel Lessons / Science / Energy conservation Educhannel Lessons / Physical and Health Education Educhannel Lessons / Physical and Health Education / Grade 1-4 Open Education Resourses(OERs) Open Education Resourses(OERs) / Movement and Creative Activities Open Education Resourses(OERs) / 	Religious Education Activities Open Education Resourses(OERs) / Mathematical Activities Open Education Resourses(OERs) / Environmental Activities Open Education Resourses(OERs) / Kiswahili Language Open Education Resourses(OERs) / LTK | Concordia University Open Education Resourses(OERs) / Hygiene and Nutrition Open Education Resourses(OERs) / ENGLISH LANGUAGE ACTIVITIES Open Education Resourses(OERs) / Casio Materials Open Education Resourses(OERs) / Health Education Open Education Resourses(OERs) / Carbon Literacy Special Needs Education Special Needs Education / Grade 1 Special Needs Education / Grade 1 / Adapted Interactive Digital Content for Hearing Impaired(HI) Special Needs Education / Grade 1 / Adapted Interactive Digital Content for Hearing Impaired(HI) / English Activities Special Needs Education / Grade 1 / Adapted Interactive Digital Content for Hearing Impaired(HI) / Environmental Activities Special Needs Education / Grade 1 / Adapted Interactive Digital Content for Hearing Impaired(HI) / Creative Activities Special Needs Education / Grade 1 / Adapted Interactive Digital Content for Visual Impaired(VI) Special Needs Education / Grade 2 Special Needs Education / Grade 2 / Adapted Interactive Digital Content for Hearing Impaired(HI) Special Needs Education / Grade 2 / Adapted Interactive Digital Content for Hearing Impaired(HI) / Mathematics Grade 2 Special Needs Education / Grade 2 / Adapted Interactive Digital Content for Hearing Impaired(HI) / Environmental Activities Grade 2 Special Needs Education / Grade 2 / Adapted Interactive Digital Content for Hearing Impaired(HI) / Hygiene and Nutrition Grade 2 Special Needs Education / Grade 2 / Adapted Interactive Digital Content for Hearing Impaired(HI) / Christian Religious Education Grade 2 (HI) Special Needs Education / Grade 2 / Adapted Interactive Digital Content for Hearing Impaired(HI) / Literacy Activities Grade2 (HI) Special Needs Education / Grade 2 / Adapted Interactive Digital Content for Hearing Impaired(HI) / English Activities Grad2 H.I Special Needs Education / Grade 2 / Adapted Interactive Digital Content for Hearing Impaired(HI) / Creative Activities Grade2 -H.I Special Needs Education / Grade 2 / Adapted Interactive Digital Content for Visual Impaired(VI) Special Needs Education / Grade 2 / Adapted Interactive Digital Content for Visual Impaired(VI) / Mathematics Special Needs Education / Grade 2 / Adapted Interactive Digital Content for Visual Impaired(VI) / Kiswahili Special Needs Education / Grade 2 / Adapted Interactive Digital Content for Visual Impaired(VI) / English Special Needs Education / Grade 2 / Adapted Interactive Digital Content for Visual Impaired(VI) / Creative Activities Special Needs Education / Grade 2 / Adapted Interactive Digital Content for Visual Impaired(VI) / CRE Special Needs Education / Grade 3 Special Needs Education / Grade 3 / Adapted Interactive Digital Content for Learners with Hearing Impairment (HI) Special Needs Education / Grade 3 / Adapted Interactive Digital Content for Learners with Hearing Impairment (HI) / Visual Arts Special Needs Education / Grade 3 / Adapted Interactive Digital Content for Learners with Hearing Impairment (HI) / English Special Needs Education / Grade 3 / Adapted Interactive Digital Content for Learners with Hearing Impairment (HI) / Hygiene and Nutrition Special Needs Education / Grade 3 / Adapted Interactive Digital Content for Learners with Hearing Impairment (HI) / Music Special Needs Education / Grade 3 / Adapted Interactive Digital Content for Learners with Hearing Impairment (HI) / Mathematics Special Needs Education / Grade 3 / Adapted Interactive Digital Content for Learners with Hearing Impairment (HI) / Environmental Special Needs Education / Grade 3 / Adapted Interactive Digital Content for Learners with Hearing Impairment (HI) / CRE Special Needs Education / Grade 3 / Adapted Interactive Digital Content for Learners with Visual Impairment (VI) Special Needs Education / Grade 3 / Adapted Interactive Digital Content for Learners with Visual Impairment (VI) / Music Special Needs Education / Grade 3 / Adapted Interactive Digital Content for Learners with Visual Impairment (VI) / Mathematics Special Needs Education / Grade 3 / Adapted Interactive Digital Content for Learners with Visual Impairment (VI) / Visual Arts Special Needs Education / Grade 3 / Adapted Interactive Digital Content for Learners with Visual Impairment (VI) / Kiswahili Special Needs Education / Grade 3 / Adapted Interactive Digital Content for Learners with Visual Impairment (VI) / Hygiene and Nutrition Special Needs Education / Grade 3 / Adapted Interactive Digital Content for Learners with Visual Impairment (VI) / Environmental Special Needs Education / Grade 3 / Adapted Interactive Digital Content for Learners with Visual Impairment (VI) / English Special Needs Education / Grade 3 / Adapted Interactive Digital Content for Learners with Visual Impairment (VI) / CRE Special Needs Education / Grade 4 Special Needs Education / Grade 4 / Adapted Interactive Digital Content for Learners with Hearing Impairment (HI) Special Needs Education / Grade 4 / Adapted Interactive Digital Content for Learners with Hearing Impairment (HI) / Mathematics Special Needs Education / Grade 4 / Adapted Interactive Digital Content for Learners with Hearing Impairment (HI) / English Special Needs Education / Grade 4 / Adapted Interactive Digital Content for Learners with Hearing Impairment (HI) / Science and Technology Special Needs Education / Grade 4 / Adapted Interactive Digital Content for Learners with Hearing Impairment (HI) / Agriculture Special Needs Education / Grade 4 / Adapted Interactive Digital Content for Learners with Hearing Impairment (HI) / Social Studies Special Needs Education / Grade 4 / Adapted Interactive Digital Content for Learners with Hearing Impairment (HI) / Home Science Special Needs Education / Grade 4 / Adapted Interactive Digital Content for Learners with Hearing Impairment (HI) / Art and Craft Special Needs Education / Grade 4 / Adapted Interactive Digital Content for Learners with Hearing Impairment (HI) / Music Special Needs Education / Grade 4 / Adapted Interactive Digital Content for Learners with Hearing Impairment (HI) / Christian Religious Education (CRE) Special Needs Education / Grade 4 / Adapted Interactive Digital Content for Learners with Visual Impairment (VI) Special Needs Education / Grade 4 / Adapted Interactive Digital Content for Learners with Visual Impairment (VI) / Mathematics Special Needs Education / Grade 4 / Adapted Interactive Digital Content for Learners with Visual Impairment (VI) / English Special Needs Education / Grade 4 / Adapted Interactive Digital Content for Learners with Visual Impairment (VI) / Kiswahili Special Needs Education / Grade 4 / Adapted Interactive Digital Content for Learners with Visual Impairment (VI) / Science and Technology Special Needs Education / Grade 4 / Adapted Interactive Digital Content for Learners with Visual Impairment (VI) / Agriculture Special Needs Education / Grade 4 / Adapted Interactive Digital Content for Learners with Visual Impairment (VI) / Social Studies Special Needs Education / Grade 4 / Adapted Interactive Digital Content for Learners with Visual Impairment (VI) / Home Science Special Needs Education / Grade 4 / Adapted Interactive Digital Content for Learners with Visual Impairment (VI) / Art and Craft Special Needs Education / Grade 4 / Adapted Interactive Digital Content for Learners with Visual Impairment (VI) / Christian Religious Education (CRE) Special Needs Education / Grade 4 / Adapted Interactive Digital Content for Learners with Visual Impairment (VI) / Music Special Needs Education / Grade 5 Special Needs Education / Grade 5 / Adapted Interactive Digital Content for Learners with Hearing Impairment (HI) Special Needs Education / Grade 5 / Adapted Interactive Digital Content for Learners with Hearing Impairment (HI) / English Special Needs Education / Grade 5 / Adapted Interactive Digital Content for Learners with Hearing Impairment (HI) / Christian Religious Education Special Needs Education / Grade 5 / Adapted Interactive Digital Content for Learners with Hearing Impairment (HI) / Social Studies Special Needs Education / Grade 5 / Adapted Interactive Digital Content for Learners with Hearing Impairment (HI) / Agriculture and Nutrition Special Needs Education / Grade 5 / Adapted Interactive Digital Content for Learners with Hearing Impairment (HI) / Creative Arts Special Needs Education / Grade 5 / Adapted Interactive Digital Content for Learners with Hearing Impairment (HI) / Mathematics Special Needs Education / Grade 5 / Adapted Interactive Digital Content for Learners with Hearing Impairment (HI) / Science and Technology Special Needs Education / Grade 5 / Adapted Interactive Digital Content for Learners with Hearing Impairment (HI) / Islamic Religious Education Special Needs Education / Grade 5 / Adapted Interactive Digital Content for Learners with Visual Impairment (VI) Special Needs Education / Grade 5 / Adapted Interactive Digital Content for Learners with Visual Impairment (VI) / Creative Arts Special Needs Education / Grade 5 / Adapted Interactive Digital Content for Learners with Visual Impairment (VI) / Social Studies Special Needs Education / Grade 5 / Adapted Interactive Digital Content for Learners with Visual Impairment (VI) / Kiswahili Special Needs Education / Grade 5 / Adapted Interactive Digital Content for Learners with Visual Impairment (VI) / Christian Religious Education Special Needs Education / Grade 5 / Adapted Interactive Digital Content for Learners with Visual Impairment (VI) / Science and Technology Special Needs Education / Grade 5 / Adapted Interactive Digital Content for Learners with Visual Impairment (VI) / Agriculture and Nutrition Special Needs Education / Grade 5 / Adapted Interactive Digital Content for Learners with Visual Impairment (VI) / Islamic Religious Education Special Needs Education / Grade 5 / Adapted Interactive Digital Content for Learners with Visual Impairment (VI) / Mathematics Special Needs Education / Grade 5 / Adapted Interactive Digital Content for Learners with Visual Impairment (VI) / English Special Needs Education / Grade 6 Special Needs Education / Grade 6 / Adapted Interactive Digital Content for Learners with Hearing Impairment (HI) Special Needs Education / Grade 6 / Adapted Interactive Digital Content for Learners with Hearing Impairment (HI) / Science and Technology Special Needs Education / Grade 6 / Adapted Interactive Digital Content for Learners with Hearing Impairment (HI) / Christian Religious Education Special Needs Education / Grade 6 / Adapted Interactive Digital Content for Learners with Hearing Impairment (HI) / Creative Arts Special Needs Education / Grade 6 / Adapted Interactive Digital Content for Learners with Hearing Impairment (HI) / Islamic Religious Education Special Needs Education / Grade 6 / Adapted Interactive Digital Content for Learners with Hearing Impairment (HI) / English Special Needs Education / Grade 6 / Adapted Interactive Digital Content for Learners with Hearing Impairment (HI) / Social Studies Special Needs Education / Grade 6 / Adapted Interactive Digital Content for Learners with Hearing Impairment (HI) / Agriculture Special Needs Education / Grade 6 / Adapted Interactive Digital Content for Learners with Hearing Impairment (HI) / Mathematics Special Needs Education / Grade 6 / Adapted Interactive Digital Content for Learners with Visual Impairment (VI) Special Needs Education / Grade 6 / Adapted Interactive Digital Content for Learners with Visual Impairment (VI) / Christian Religious Education Special Needs Education / Grade 6 / Adapted Interactive Digital Content for Learners with Visual Impairment (VI) / Kiswahili Special Needs Education / Grade 6 / Adapted Interactive Digital Content for Learners with Visual Impairment (VI) / English Special Needs Education / Grade 6 / Adapted Interactive Digital Content for Learners with Visual Impairment (VI) / Creative Arts Special Needs Education / Grade 6 / Adapted Interactive Digital Content for Learners with Visual Impairment (VI) / Mathematics Special Needs Education / Grade 6 / Adapted Interactive Digital Content for Learners with Visual Impairment (VI) / Science and Technology Special Needs Education / Grade 6 / Adapted Interactive Digital Content for Learners with Visual Impairment (VI) / Islamic Religious Education Special Needs Education / Grade 6 / Adapted Interactive Digital Content for Learners with Visual Impairment (VI) / Social Studies Special Needs Education / Grade 6 / Adapted Interactive Digital Content for Learners with Visual Impairment (VI) / Agriculture and Nutrition Special Needs Education / Ebooks Special Needs Education / Videos Special Needs Education / Foundational and Stage-Based Special Needs Education / Prevocational Level Special Needs Education / Prevocational Level / Music Special Needs Education / Prevocational Level / Hindu Religious Education Special Needs Education / Prevocational Level / Christian Religious Education Special Needs Education / Prevocational Level / Physical Education Special Needs Education / Prevocational Level / Islamic Religious Education Special Needs Education / Prevocational Level / Social Studies Special Needs Education / Prevocational Level / Prevocational Skills 1 Special Needs Education / Prevocational Level / Prevocational Skills 2 Special Needs Education / Prevocational Level / Prevocational Skills 3 Accessible Digital Textbooks Interactive Simulations for Sciences and Mathematics Interactive Simulations for Sciences and Mathematics / Physics Interactive Simulations for Sciences and Mathematics / Chemistry Interactive Simulations for Sciences and Mathematics / Mathematics Information, Education and Communication(IEC) Materials Information, Education and Communication(IEC) Materials / Child Online Safety Information, Education and Communication(IEC) Materials / Child Road Safety Information, Education and Communication(IEC) Materials / Child Road Safety / Integration Matrices Information, Education and Communication(IEC) Materials / Child Road Safety / Integration Matrices / Early Years Education Information, Education and Communication(IEC) Materials / Child Road Safety / Integration Matrices / Upper Primary Information, Education and Communication(IEC) Materials / Child Road Safety / Integration Matrices / Junior School Information, Education and Communication(IEC) Materials / Child Road Safety / Integration Matrices / Senior School Information, Education and Communication(IEC) Materials / Child Road Safety / Information, Education and Communication(IEC) Materials on Child Road Safety Information, Education and Communication(IEC) Materials / Child Road Safety / Information, Education and Communication(IEC) Materials on Child Road Safety / Early Years Education Information, Education and Communication(IEC) Materials / Child Road Safety / Information, Education and Communication(IEC) Materials on Child Road Safety / Upper Primary Information, Education and Communication(IEC) Materials / Child Road Safety / Information, Education and Communication(IEC) Materials on Child Road Safety / Junior School Information, Education and Communication(IEC) Materials / Child Road Safety / Information, Education and Communication(IEC) Materials on Child Road Safety / Senior School Information, Education and Communication(IEC) Materials / Child Road Safety / Teacher's Handbook Information, Education and Communication(IEC) Materials / Financial Literacy Learners’ Toolkit Teacher Resources Teacher Resources / Educational Resources Materials Development Teacher Resources / Educational Resources Materials Development / CRE Teacher Resources / Educational Resources Materials Development / English Teacher Resources / Educational Resources Materials Development / Environment Teacher Resources / Educational Resources Materials Development / Foundations Teacher Resources / Educational Resources Materials Development / H.R.E Teacher Resources / Educational Resources Materials Development / Hygiene and Nutrition Teacher Resources / Educational Resources Materials Development / I.R.E Teacher Resources / Educational Resources Materials Development / Kiswahili Teacher Resources / Educational Resources Materials Development / Language Activities Teacher Resources / Educational Resources Materials Development / Literacy Skills Teacher Resources / Educational Resources Materials Development / Mathematics Teacher Resources / Educational Resources Materials Development / Movements and Arts Teacher Resources / Pre-Primary Teacher Radio Programmes Teacher Resources / CBC Courses Teacher Resources / Special Needs Educations Teacher Resources / Interactive Digital Content for Teacher Education Teacher Resources / Interactive Digital Content for Teacher Education / English Teacher Resources / Interactive Digital Content for Teacher Education / Music Teacher Resources / Interactive Digital Content for Teacher Education / Christian Religious Education Teacher Resources / Interactive Digital Content for Teacher Education / Art and Craft Teacher Resources / Interactive Digital Content for Teacher Education / Indigenous Languages Teacher Resources / Interactive Digital Content for Teacher Education / Home science Teacher Resources / Interactive Digital Content for Teacher Education / Science and Technology Teacher Resources / Interactive Digital Content for Teacher Education / Islamic Religious Education Teacher Resources / Interactive Digital Content for Teacher Education / Mandarin Teacher Resources / Interactive Digital Content for Teacher Education / Agriculture Teacher Resources / Interactive Digital Content for Teacher Education / Mathematics Teacher Resources / Interactive Digital Content for Teacher Education / French Teacher Resources / Interactive Digital Content for Teacher Education / Hindu Religious Education Teacher Resources / Interactive Digital Content for Teacher Education / Social Studies Teacher Resources / Interactive Digital Content for Teacher Education / Kiswahili Teacher Resources / Interactive Digital Content for Teacher Education / Physical Education Teacher Resources / Interactive Digital Content for Teacher Education / Arabic Parental Resources Financial Literacy Financial Literacy / Financial Literacy for Junior School Financial Literacy / Financial Literacy for Junior School / Taxation Financial Literacy / Financial Literacy for Senior School Financial Literacy / Financial Literacy for Senior School / Taxation Search lessons Search Vector Addition: EquationsSee moreFractions introductionsSee moreBuild a fractionSee moreGraphing quadraticsSee moreNumber Line DistanceSee moreQuadrilateralSee more Vector Addition: EquationsSee moreFractions introductionsSee moreBuild a fractionSee moreGraphing quadraticsSee moreNumber Line DistanceSee moreQuadrilateralSee more Vector Addition: Equations Fractions introductions Build a fraction Graphing quadratics Number Line Distance Quadrilateral Digital Content | Kenya Education Cloud | Unlimited Learning Experiences Skip to main content (Login) Mathematics Home Lessons Interactive Simulations for Sciences and Mathematics Mathematics Lesson categories: Pre-Primary Pre-Primary / Radio Lessons Pre-Primary / Educhannel Video Lessons Pre-Primary / Educhannel Video Lessons / Language Activities Pre-Primary / Educhannel Video Lessons / Mathematics Pre-Primary / Educhannel Video Lessons / Our School Pre-Primary / Educhannel Video Lessons / Picture Making Pre-Primary / Educhannel Video Lessons / Social Environment Pre-Primary / Educhannel Video Lessons / Pre-Primary 1 Pre-Primary / Educhannel Video Lessons / Pre-Primary 2 Pre-Primary / Interactive digital Content Pre-Primary / Ebooks Primary Education Primary Education / Grade 1 Primary Education / Grade 1 / Educhannel TV Lessons Primary Education / Grade 1 / Educhannel TV Lessons / English Primary Education / Grade 1 / Educhannel TV Lessons / Mathematics Primary Education / Grade 1 / Educhannel TV Lessons / Kiswahili Primary Education / Grade 1 / Educhannel TV Lessons / Kenya Sign Language(KSL) Primary Education / Grade 1 / Educhannel TV Lessons / Hygiene and nutrition Primary Education / Grade 1 / Educhannel TV Lessons / Environmental Activities Primary Education / Grade 1 / Interactive Digital Content Primary Education / Grade 1 / Radio Lessons Primary Education / Grade 1 / Radio Lessons / Mathematics Primary Education / Grade 1 / Radio Lessons / Mathematics / Grade 1 Term 2 Primary Education / Grade 1 / Radio Lessons / Mathematics / Grade 1 Term 3 Primary Education / Grade 1 / Radio Lessons / Kiswahili Primary Education / Grade 1 / Radio Lessons / Kiswahili / Grade 1 Term 2 Primary Education / Grade 1 / Radio Lessons / Kiswahili / Grade 1 Term 3 Primary Education / Grade 1 / Radio Lessons / English Primary Education / Grade 1 / Radio Lessons / English / Grade 1 Term 2 Primary Education / Grade 1 / Radio Lessons / English / Grade 1 Term 3 Primary Education / Grade 1 / Ebooks Primary Education / Grade 1 / Ebooks / Tusome readers Primary Education / Grade 1 / Ebooks / Indigenous Languages Primary Education / Grade 2 Primary Education / Grade 2 / Interactive Digital Content Primary Education / Grade 2 / Educhannel Tv Lessons Primary Education / Grade 2 / Educhannel Tv Lessons / Mathematics Primary Education / Grade 2 / Educhannel Tv Lessons / English Primary Education / Grade 2 / Radio Lessons Primary Education / Grade 2 / Radio Lessons / Mathematics Primary Education / Grade 2 / Radio Lessons / Mathematics / Grade 2 Term 2 Primary Education / Grade 2 / Radio Lessons / English Primary Education / Grade 2 / Radio Lessons / English / Grade 2 Term 2 Primary Education / Grade 2 / Radio Lessons / English / Grade 2 Term 3 Primary Education / Grade 2 / Radio Lessons / Kiswahili Primary Education / Grade 2 / Radio Lessons / Kiswahili / Grade 2 Term 3 Primary Education / Grade 2 / Hygiene and Nutrition Primary Education / Grade 2 / Hygiene and Nutrition / Grade 2 Term 2 Primary Education / Grade 2 / E-books Primary Education / Grade 2 / E-books / Tusome Readers Primary Education / Grade 3 Primary Education / Grade 3 / Radio Lessons Primary Education / Grade 3 / Radio Lessons / Mathematics Primary Education / Grade 3 / Radio Lessons / Mathematics / Grade 3 Term 2 Primary Education / Grade 3 / Radio Lessons / Mathematics / Grade 3 Term 3 Primary Education / Grade 3 / Radio Lessons / English Primary Education / Grade 3 / Radio Lessons / English / Grade 3 Term 2 Primary Education / Grade 3 / Radio Lessons / English / Grade 3 Term 3 Primary Education / Grade 3 / Radio Lessons / Environmental Activities Primary Education / Grade 3 / Radio Lessons / Environmental Activities / Grade 3 Term 2 Primary Education / Grade 3 / Radio Lessons / Kiswahili Primary Education / Grade 3 / Radio Lessons / Kiswahili / Grade 3 Term 3 Primary Education / Grade 3 / Educhannel TV Lessons Primary Education / Grade 3 / Educhannel TV Lessons / Mathematics Primary Education / Grade 3 / Educhannel TV Lessons / English Primary Education / Grade 3 / Educhannel TV Lessons / Kiswahili Primary Education / Grade 3 / Educhannel TV Lessons / Hygiene and Nutrition Primary Education / Grade 3 / Educhannel TV Lessons / Environmental Activities Primary Education / Grade 3 / Interactive Digital Content Primary Education / Grade 3 / EBooks Primary Education / Grade 3 / Tusome English Video Lessons Primary Education / Grade 3 / Tusome English Video Lessons / Tusome English Grade 3 Lessons Primary Education / Grade 4 Primary Education / Grade 4 / Educhannel Tv Lessons Primary Education / Grade 4 / Educhannel Tv Lessons / Home Science Primary Education / Grade 4 / Educhannel Tv Lessons / Agriculture Primary Education / Grade 4 / Educhannel Tv Lessons / Music Primary Education / Grade 4 / Educhannel Tv Lessons / Physical Education Primary Education / Grade 4 / Educhannel Tv Lessons / Art and Craft Primary Education / Grade 4 / Educhannel Tv Lessons / Kenya Sign Language Primary Education / Grade 4 / Educhannel Tv Lessons / Mathematics Primary Education / Grade 4 / Educhannel Tv Lessons / Science and Technology Primary Education / Grade 4 / Educhannel Tv Lessons / Social Studies Primary Education / Grade 4 / Educhannel Tv Lessons / English Primary Education / Grade 4 / Educhannel Tv Lessons / Kiswahili Primary Education / Grade 4 / Educhannel Tv Lessons / Environmental Activity Primary Education / Grade 4 / Radio lessons Primary Education / Grade 4 / Radio lessons / Social Studies Primary Education / Grade 4 / Radio lessons / Social Studies / Grade 4 Term 2 Primary Education / Grade 4 / Radio lessons / Social Studies / Grade 4 Term 3 Primary Education / Grade 4 / Radio lessons / CRE Primary Education / Grade 4 / Radio lessons / CRE / Grade 4 Term 2 Primary Education / Grade 4 / Radio lessons / English Primary Education / Grade 4 / Radio lessons / English / Grade 4 Term 2 Primary Education / Grade 4 / Radio lessons / English / Grade 4 Term 3 Primary Education / Grade 4 / Radio lessons / Hygiene and Nutrition Primary Education / Grade 4 / Radio lessons / Hygiene and Nutrition / Grade 4 Term 1 Primary Education / Grade 4 / Radio lessons / IRE Primary Education / Grade 4 / Radio lessons / IRE / Grade 4 Term 2 Primary Education / Grade 4 / Radio lessons / Science and Technology Primary Education / Grade 4 / Radio lessons / Science and Technology / Grade 4 Term 3 Primary Education / Grade 4 / Radio lessons / Agriculture Primary Education / Grade 4 / Radio lessons / Agriculture / Grade 4 Term 3 Primary Education / Grade 4 / Radio lessons / Mathematics Primary Education / Grade 4 / Radio lessons / Mathematics / Grade 4 Term 3 Primary Education / Grade 4 / SNE Primary Education / Grade 4 / Interactive Digital Content Primary Education / Grade 5 Primary Education / Grade 5 / Educhannel Tv Lessons Primary Education / Grade 5 / Educhannel Tv Lessons / English Primary Education / Grade 5 / Educhannel Tv Lessons / Kiswahili Primary Education / Grade 5 / Educhannel Tv Lessons / Mathematics Primary Education / Grade 5 / Radio Lessons Primary Education / Grade 5 / Radio Lessons / English Primary Education / Grade 5 / Radio Lessons / Science and Technology Primary Education / Grade 5 / Radio Lessons / Agriculture Primary Education / Grade 5 / Radio Lessons / Social studies Primary Education / Grade 5 / Radio Lessons / Christian Religious Education Primary Education / Grade 5 / Radio Lessons / Mathematics Primary Education / Grade 5 / Interactive Digital Content Primary Education / Grade 6 Primary Education / Grade 6 / Radio Lessons Primary Education / Grade 6 / Radio Lessons / CRE Primary Education / Grade 6 / Radio Lessons / Social Studies Primary Education / Grade 6 / Radio Lessons / Science Primary Education / Grade 6 / Radio Lessons / Kiswahili Primary Education / Grade 6 / Radio Lessons / English Primary Education / Grade 6 / Radio Lessons / Mathematics Primary Education / Grade 6 / Educhannel TV Lessons Primary Education / Grade 6 / Educhannel TV Lessons / Kiswahili Primary Education / Grade 6 / Educhannel TV Lessons / Agriculture Primary Education / Grade 6 / Educhannel TV Lessons / Art and Craft Primary Education / Grade 6 / Educhannel TV Lessons / English Primary Education / Grade 6 / Educhannel TV Lessons / Home Science Primary Education / Grade 6 / Educhannel TV Lessons / Music Primary Education / Grade 6 / Educhannel TV Lessons / Science and technology Primary Education / Grade 6 / Educhannel TV Lessons / Physical health education Primary Education / Grade 6 / Interactive Digital Content Junior School Junior School / Grade 8 Junior School / Grade 8 / Educhannel Tv Lessons Junior School / Grade 8 / Radio Lessons Junior School / Grade 8 / Interactive Digital Content Junior School / Grade 7 Junior School / Grade 7 / Educhannel TV lessons Junior School / Grade 7 / Radio Lessons Junior School / Grade 7 / Radio Lessons / Mathematics Junior School / Grade 7 / Radio Lessons / Kiswahili Junior School / Grade 7 / Radio Lessons / English Junior School / Grade 7 / Radio Lessons / Christian Religious Education Junior School / Grade 7 / Radio Lessons / Integrated Science Junior School / Grade 7 / Radio Lessons / Social Studies Junior School / Grade 7 / Radio Lessons / Pre-Technical Studies Junior School / Grade 7 / Interactive Digital Content Secondary Education Secondary Education / Form 1 Secondary Education / Form 1 / Interactive Digital Content Secondary Education / Form 1 / Educhannel Tv Lessons Secondary Education / Form 1 / Educhannel Tv Lessons / Mathematics Secondary Education / Form 1 / Educhannel Tv Lessons / English Secondary Education / Form 1 / Educhannel Tv Lessons / Physics Secondary Education / Form 1 / Educhannel Tv Lessons / Biology Secondary Education / Form 1 / Educhannel Tv Lessons / Chemistry Secondary Education / Form 1 / Educhannel Tv Lessons / Kiswahili Secondary Education / Form 1 / Educhannel Tv Lessons / History and Government Secondary Education / Form 1 / Educhannel Tv Lessons / Business Studies Secondary Education / Form 1 / Radio Lessons Secondary Education / Form 1 / Ebooks Secondary Education / Form 2 Secondary Education / Form 2 / Interactive Digital Content Secondary Education / Form 2 / Educhannel Tv Lessons Secondary Education / Form 2 / Educhannel Tv Lessons / Physics Secondary Education / Form 2 / Radio Lessons Secondary Education / Form 2 / Radio Lessons / Biology Secondary Education / Form 3 Secondary Education / Form 3 / Interactive Digital Content Secondary Education / Form 3 / Educhannel Tv Lessons Secondary Education / Form 3 / Educhannel Tv Lessons / Mathematics Secondary Education / Form 3 / Educhannel Tv Lessons / English Secondary Education / Form 3 / Educhannel Tv Lessons / Kiswahili Secondary Education / Form 3 / Educhannel Tv Lessons / Biology Secondary Education / Form 3 / Educhannel Tv Lessons / Chemistry Secondary Education / Form 3 / Educhannel Tv Lessons / Physics Secondary Education / Form 3 / Educhannel Tv Lessons / Business Studies Secondary Education / Form 3 / Educhannel Tv Lessons / History and Government Secondary Education / Form 3 / Radio Lessons Secondary Education / Form 4 Secondary Education / Form 4 / Interactive Digital Content Secondary Education / Form 4 / Educhannel Tv Lessons Secondary Education / Form 4 / Educhannel Tv Lessons / Form 4 Mathematics Secondary Education / Form 4 / Educhannel Tv Lessons / Form 4 English Secondary Education / Form 4 / Educhannel Tv Lessons / Form 4 Physics Secondary Education / Form 4 / Educhannel Tv Lessons / Form 4 Biology Secondary Education / Form 4 / Educhannel Tv Lessons / Form 4 Kiswahili Secondary Education / Form 4 / Educhannel Tv Lessons / Form 4 Chemistry Secondary Education / Form 4 / Educhannel Tv Lessons / Form 4 History and Government Secondary Education / Form 4 / Educhannel Tv Lessons / Form 4 Business Studies Secondary Education / Form 4 / Radio Lessons Secondary Education / Form 4 / Radio Lessons / Mathematics Secondary Education / Form 4 / Radio Lessons / Mathematics / Form 4 Term 1 Secondary Education / Form 4 / Radio Lessons / Mathematics / Form 4 Term 2 Secondary Education / Form 4 / Radio Lessons / Mathematics / Form 4 Term 3 General Knowledge General Knowledge / VOA Connect General Knowledge / Ask the expert General Knowledge / Citizenship and Democracy General Knowledge / Digital Story General Knowledge / Impacted Educhannel Lessons Educhannel Lessons / English Educhannel Lessons / English / Transport and travel Educhannel Lessons / English / Pronunciation skills Educhannel Lessons / English / Listening and speaking Educhannel Lessons / English / Family Educhannel Lessons / English / Environment Educhannel Lessons / English / Drug and Substance Educhannel Lessons / Agriculture Educhannel Lessons / Biology Educhannel Lessons / Biology / Living Things Educhannel Lessons / Biology / Secretion and homeostasis Educhannel Lessons / Biology / Support and movement Educhannel Lessons / Business Studies Educhannel Lessons / Chemistry Educhannel Lessons / Earth Movement and Volcanicity Educhannel Lessons / Environmental Activities Educhannel Lessons / Geograpghy Educhannel Lessons / History Educhannel Lessons / History / Kenyan History Educhannel Lessons / Homescience Educhannel Lessons / Homescience / Basic care clothing Educhannel Lessons / Kiswahili Educhannel Lessons / Kiswahili / Primary Educhannel Lessons / Kiswahili / Primary / Darasa 4-5 Educhannel Lessons / Kiswahili / Secondary Educhannel Lessons / Kiswahili / Secondary / Isimu Jamii Educhannel Lessons / Kiswahili / Secondary / Sarufi Educhannel Lessons / Mathematics Educhannel Lessons / Mathematics / Secondary Educhannel Lessons / Mathematics / Secondary / Commercial Arithmetics Educhannel Lessons / Mathematics / Primary Educhannel Lessons / Mathematics / Primary / Class 5-8 Educhannel Lessons / Mathematics / Primary / Class 5-8 / Practical uses of Money Educhannel Lessons / Mathematics / Primary / Class 5-8 / Measurement Educhannel Lessons / Organic Chemistry Educhannel Lessons / Performing Music Educhannel Lessons / Homescience Educhannel Lessons / Homescience / Basic care of clothing Educhannel Lessons / Art and Craft Educhannel Lessons / Physics Educhannel Lessons / Physics / Thermodynamics Educhannel Lessons / Physics / Mechanics Educhannel Lessons / Physics / Electricity and Magnetism Educhannel Lessons / The Doyen Exposition Educhannel Lessons / Science Educhannel Lessons / Science / Making work easier Educhannel Lessons / Science / Living Things Educhannel Lessons / Science / Energy conservation Educhannel Lessons / Physical and Health Education Educhannel Lessons / Physical and Health Education / Grade 1-4 Open Education Resourses(OERs) Open Education Resourses(OERs) / Movement and Creative Activities Open Education Resourses(OERs) / 	Religious Education Activities Open Education Resourses(OERs) / Mathematical Activities Open Education Resourses(OERs) / Environmental Activities Open Education Resourses(OERs) / Kiswahili Language Open Education Resourses(OERs) / LTK | Concordia University Open Education Resourses(OERs) / Hygiene and Nutrition Open Education Resourses(OERs) / ENGLISH LANGUAGE ACTIVITIES Open Education Resourses(OERs) / Casio Materials Open Education Resourses(OERs) / Health Education Open Education Resourses(OERs) / Carbon Literacy Special Needs Education Special Needs Education / Grade 1 Special Needs Education / Grade 1 / Adapted Interactive Digital Content for Hearing Impaired(HI) Special Needs Education / Grade 1 / Adapted Interactive Digital Content for Hearing Impaired(HI) / English Activities Special Needs Education / Grade 1 / Adapted Interactive Digital Content for Hearing Impaired(HI) / Environmental Activities Special Needs Education / Grade 1 / Adapted Interactive Digital Content for Hearing Impaired(HI) / Creative Activities Special Needs Education / Grade 1 / Adapted Interactive Digital Content for Visual Impaired(VI) Special Needs Education / Grade 2 Special Needs Education / Grade 2 / Adapted Interactive Digital Content for Hearing Impaired(HI) Special Needs Education / Grade 2 / Adapted Interactive Digital Content for Hearing Impaired(HI) / Mathematics Grade 2 Special Needs Education / Grade 2 / Adapted Interactive Digital Content for Hearing Impaired(HI) / Environmental Activities Grade 2 Special Needs Education / Grade 2 / Adapted Interactive Digital Content for Hearing Impaired(HI) / Hygiene and Nutrition Grade 2 Special Needs Education / Grade 2 / Adapted Interactive Digital Content for Hearing Impaired(HI) / Christian Religious Education Grade 2 (HI) Special Needs Education / Grade 2 / Adapted Interactive Digital Content for Hearing Impaired(HI) / Literacy Activities Grade2 (HI) Special Needs Education / Grade 2 / Adapted Interactive Digital Content for Hearing Impaired(HI) / English Activities Grad2 H.I Special Needs Education / Grade 2 / Adapted Interactive Digital Content for Hearing Impaired(HI) / Creative Activities Grade2 -H.I Special Needs Education / Grade 2 / Adapted Interactive Digital Content for Visual Impaired(VI) Special Needs Education / Grade 2 / Adapted Interactive Digital Content for Visual Impaired(VI) / Mathematics Special Needs Education / Grade 2 / Adapted Interactive Digital Content for Visual Impaired(VI) / Kiswahili Special Needs Education / Grade 2 / Adapted Interactive Digital Content for Visual Impaired(VI) / English Special Needs Education / Grade 2 / Adapted Interactive Digital Content for Visual Impaired(VI) / Creative Activities Special Needs Education / Grade 2 / Adapted Interactive Digital Content for Visual Impaired(VI) / CRE Special Needs Education / Grade 3 Special Needs Education / Grade 3 / Adapted Interactive Digital Content for Learners with Hearing Impairment (HI) Special Needs Education / Grade 3 / Adapted Interactive Digital Content for Learners with Hearing Impairment (HI) / Visual Arts Special Needs Education / Grade 3 / Adapted Interactive Digital Content for Learners with Hearing Impairment (HI) / English Special Needs Education / Grade 3 / Adapted Interactive Digital Content for Learners with Hearing Impairment (HI) / Hygiene and Nutrition Special Needs Education / Grade 3 / Adapted Interactive Digital Content for Learners with Hearing Impairment (HI) / Music Special Needs Education / Grade 3 / Adapted Interactive Digital Content for Learners with Hearing Impairment (HI) / Mathematics Special Needs Education / Grade 3 / Adapted Interactive Digital Content for Learners with Hearing Impairment (HI) / Environmental Special Needs Education / Grade 3 / Adapted Interactive Digital Content for Learners with Hearing Impairment (HI) / CRE Special Needs Education / Grade 3 / Adapted Interactive Digital Content for Learners with Visual Impairment (VI) Special Needs Education / Grade 3 / Adapted Interactive Digital Content for Learners with Visual Impairment (VI) / Music Special Needs Education / Grade 3 / Adapted Interactive Digital Content for Learners with Visual Impairment (VI) / Mathematics Special Needs Education / Grade 3 / Adapted Interactive Digital Content for Learners with Visual Impairment (VI) / Visual Arts Special Needs Education / Grade 3 / Adapted Interactive Digital Content for Learners with Visual Impairment (VI) / Kiswahili Special Needs Education / Grade 3 / Adapted Interactive Digital Content for Learners with Visual Impairment (VI) / Hygiene and Nutrition Special Needs Education / Grade 3 / Adapted Interactive Digital Content for Learners with Visual Impairment (VI) / Environmental Special Needs Education / Grade 3 / Adapted Interactive Digital Content for Learners with Visual Impairment (VI) / English Special Needs Education / Grade 3 / Adapted Interactive Digital Content for Learners with Visual Impairment (VI) / CRE Special Needs Education / Grade 4 Special Needs Education / Grade 4 / Adapted Interactive Digital Content for Learners with Hearing Impairment (HI) Special Needs Education / Grade 4 / Adapted Interactive Digital Content for Learners with Hearing Impairment (HI) / Mathematics Special Needs Education / Grade 4 / Adapted Interactive Digital Content for Learners with Hearing Impairment (HI) / English Special Needs Education / Grade 4 / Adapted Interactive Digital Content for Learners with Hearing Impairment (HI) / Science and Technology Special Needs Education / Grade 4 / Adapted Interactive Digital Content for Learners with Hearing Impairment (HI) / Agriculture Special Needs Education / Grade 4 / Adapted Interactive Digital Content for Learners with Hearing Impairment (HI) / Social Studies Special Needs Education / Grade 4 / Adapted Interactive Digital Content for Learners with Hearing Impairment (HI) / Home Science Special Needs Education / Grade 4 / Adapted Interactive Digital Content for Learners with Hearing Impairment (HI) / Art and Craft Special Needs Education / Grade 4 / Adapted Interactive Digital Content for Learners with Hearing Impairment (HI) / Music Special Needs Education / Grade 4 / Adapted Interactive Digital Content for Learners with Hearing Impairment (HI) / Christian Religious Education (CRE) Special Needs Education / Grade 4 / Adapted Interactive Digital Content for Learners with Visual Impairment (VI) Special Needs Education / Grade 4 / Adapted Interactive Digital Content for Learners with Visual Impairment (VI) / Mathematics Special Needs Education / Grade 4 / Adapted Interactive Digital Content for Learners with Visual Impairment (VI) / English Special Needs Education / Grade 4 / Adapted Interactive Digital Content for Learners with Visual Impairment (VI) / Kiswahili Special Needs Education / Grade 4 / Adapted Interactive Digital Content for Learners with Visual Impairment (VI) / Science and Technology Special Needs Education / Grade 4 / Adapted Interactive Digital Content for Learners with Visual Impairment (VI) / Agriculture Special Needs Education / Grade 4 / Adapted Interactive Digital Content for Learners with Visual Impairment (VI) / Social Studies Special Needs Education / Grade 4 / Adapted Interactive Digital Content for Learners with Visual Impairment (VI) / Home Science Special Needs Education / Grade 4 / Adapted Interactive Digital Content for Learners with Visual Impairment (VI) / Art and Craft Special Needs Education / Grade 4 / Adapted Interactive Digital Content for Learners with Visual Impairment (VI) / Christian Religious Education (CRE) Special Needs Education / Grade 4 / Adapted Interactive Digital Content for Learners with Visual Impairment (VI) / Music Special Needs Education / Grade 5 Special Needs Education / Grade 5 / Adapted Interactive Digital Content for Learners with Hearing Impairment (HI) Special Needs Education / Grade 5 / Adapted Interactive Digital Content for Learners with Hearing Impairment (HI) / English Special Needs Education / Grade 5 / Adapted Interactive Digital Content for Learners with Hearing Impairment (HI) / Christian Religious Education Special Needs Education / Grade 5 / Adapted Interactive Digital Content for Learners with Hearing Impairment (HI) / Social Studies Special Needs Education / Grade 5 / Adapted Interactive Digital Content for Learners with Hearing Impairment (HI) / Agriculture and Nutrition Special Needs Education / Grade 5 / Adapted Interactive Digital Content for Learners with Hearing Impairment (HI) / Creative Arts Special Needs Education / Grade 5 / Adapted Interactive Digital Content for Learners with Hearing Impairment (HI) / Mathematics Special Needs Education / Grade 5 / Adapted Interactive Digital Content for Learners with Hearing Impairment (HI) / Science and Technology Special Needs Education / Grade 5 / Adapted Interactive Digital Content for Learners with Hearing Impairment (HI) / Islamic Religious Education Special Needs Education / Grade 5 / Adapted Interactive Digital Content for Learners with Visual Impairment (VI) Special Needs Education / Grade 5 / Adapted Interactive Digital Content for Learners with Visual Impairment (VI) / Creative Arts Special Needs Education / Grade 5 / Adapted Interactive Digital Content for Learners with Visual Impairment (VI) / Social Studies Special Needs Education / Grade 5 / Adapted Interactive Digital Content for Learners with Visual Impairment (VI) / Kiswahili Special Needs Education / Grade 5 / Adapted Interactive Digital Content for Learners with Visual Impairment (VI) / Christian Religious Education Special Needs Education / Grade 5 / Adapted Interactive Digital Content for Learners with Visual Impairment (VI) / Science and Technology Special Needs Education / Grade 5 / Adapted Interactive Digital Content for Learners with Visual Impairment (VI) / Agriculture and Nutrition Special Needs Education / Grade 5 / Adapted Interactive Digital Content for Learners with Visual Impairment (VI) / Islamic Religious Education Special Needs Education / Grade 5 / Adapted Interactive Digital Content for Learners with Visual Impairment (VI) / Mathematics Special Needs Education / Grade 5 / Adapted Interactive Digital Content for Learners with Visual Impairment (VI) / English Special Needs Education / Grade 6 Special Needs Education / Grade 6 / Adapted Interactive Digital Content for Learners with Hearing Impairment (HI) Special Needs Education / Grade 6 / Adapted Interactive Digital Content for Learners with Hearing Impairment (HI) / Science and Technology Special Needs Education / Grade 6 / Adapted Interactive Digital Content for Learners with Hearing Impairment (HI) / Christian Religious Education Special Needs Education / Grade 6 / Adapted Interactive Digital Content for Learners with Hearing Impairment (HI) / Creative Arts Special Needs Education / Grade 6 / Adapted Interactive Digital Content for Learners with Hearing Impairment (HI) / Islamic Religious Education Special Needs Education / Grade 6 / Adapted Interactive Digital Content for Learners with Hearing Impairment (HI) / English Special Needs Education / Grade 6 / Adapted Interactive Digital Content for Learners with Hearing Impairment (HI) / Social Studies Special Needs Education / Grade 6 / Adapted Interactive Digital Content for Learners with Hearing Impairment (HI) / Agriculture Special Needs Education / Grade 6 / Adapted Interactive Digital Content for Learners with Hearing Impairment (HI) / Mathematics Special Needs Education / Grade 6 / Adapted Interactive Digital Content for Learners with Visual Impairment (VI) Special Needs Education / Grade 6 / Adapted Interactive Digital Content for Learners with Visual Impairment (VI) / Christian Religious Education Special Needs Education / Grade 6 / Adapted Interactive Digital Content for Learners with Visual Impairment (VI) / Kiswahili Special Needs Education / Grade 6 / Adapted Interactive Digital Content for Learners with Visual Impairment (VI) / English Special Needs Education / Grade 6 / Adapted Interactive Digital Content for Learners with Visual Impairment (VI) / Creative Arts Special Needs Education / Grade 6 / Adapted Interactive Digital Content for Learners with Visual Impairment (VI) / Mathematics Special Needs Education / Grade 6 / Adapted Interactive Digital Content for Learners with Visual Impairment (VI) / Science and Technology Special Needs Education / Grade 6 / Adapted Interactive Digital Content for Learners with Visual Impairment (VI) / Islamic Religious Education Special Needs Education / Grade 6 / Adapted Interactive Digital Content for Learners with Visual Impairment (VI) / Social Studies Special Needs Education / Grade 6 / Adapted Interactive Digital Content for Learners with Visual Impairment (VI) / Agriculture and Nutrition Special Needs Education / Ebooks Special Needs Education / Videos Special Needs Education / Foundational and Stage-Based Special Needs Education / Prevocational Level Special Needs Education / Prevocational Level / Music Special Needs Education / Prevocational Level / Hindu Religious Education Special Needs Education / Prevocational Level / Christian Religious Education Special Needs Education / Prevocational Level / Physical Education Special Needs Education / Prevocational Level / Islamic Religious Education Special Needs Education / Prevocational Level / Social Studies Special Needs Education / Prevocational Level / Prevocational Skills 1 Special Needs Education / Prevocational Level / Prevocational Skills 2 Special Needs Education / Prevocational Level / Prevocational Skills 3 Accessible Digital Textbooks Interactive Simulations for Sciences and Mathematics Interactive Simulations for Sciences and Mathematics / Physics Interactive Simulations for Sciences and Mathematics / Chemistry Interactive Simulations for Sciences and Mathematics / Mathematics Information, Education and Communication(IEC) Materials Information, Education and Communication(IEC) Materials / Child Online Safety Information, Education and Communication(IEC) Materials / Child Road Safety Information, Education and Communication(IEC) Materials / Child Road Safety / Integration Matrices Information, Education and Communication(IEC) Materials / Child Road Safety / Integration Matrices / Early Years Education Information, Education and Communication(IEC) Materials / Child Road Safety / Integration Matrices / Upper Primary Information, Education and Communication(IEC) Materials / Child Road Safety / Integration Matrices / Junior School Information, Education and Communication(IEC) Materials / Child Road Safety / Integration Matrices / Senior School Information, Education and Communication(IEC) Materials / Child Road Safety / Information, Education and Communication(IEC) Materials on Child Road Safety Information, Education and Communication(IEC) Materials / Child Road Safety / Information, Education and Communication(IEC) Materials on Child Road Safety / Early Years Education Information, Education and Communication(IEC) Materials / Child Road Safety / Information, Education and Communication(IEC) Materials on Child Road Safety / Upper Primary Information, Education and Communication(IEC) Materials / Child Road Safety / Information, Education and Communication(IEC) Materials on Child Road Safety / Junior School Information, Education and Communication(IEC) Materials / Child Road Safety / Information, Education and Communication(IEC) Materials on Child Road Safety / Senior School Information, Education and Communication(IEC) Materials / Child Road Safety / Teacher's Handbook Information, Education and Communication(IEC) Materials / Financial Literacy Learners’ Toolkit Teacher Resources Teacher Resources / Educational Resources Materials Development Teacher Resources / Educational Resources Materials Development / CRE Teacher Resources / Educational Resources Materials Development / English Teacher Resources / Educational Resources Materials Development / Environment Teacher Resources / Educational Resources Materials Development / Foundations Teacher Resources / Educational Resources Materials Development / H.R.E Teacher Resources / Educational Resources Materials Development / Hygiene and Nutrition Teacher Resources / Educational Resources Materials Development / I.R.E Teacher Resources / Educational Resources Materials Development / Kiswahili Teacher Resources / Educational Resources Materials Development / Language Activities Teacher Resources / Educational Resources Materials Development / Literacy Skills Teacher Resources / Educational Resources Materials Development / Mathematics Teacher Resources / Educational Resources Materials Development / Movements and Arts Teacher Resources / Pre-Primary Teacher Radio Programmes Teacher Resources / CBC Courses Teacher Resources / Special Needs Educations Teacher Resources / Interactive Digital Content for Teacher Education Teacher Resources / Interactive Digital Content for Teacher Education / English Teacher Resources / Interactive Digital Content for Teacher Education / Music Teacher Resources / Interactive Digital Content for Teacher Education / Christian Religious Education Teacher Resources / Interactive Digital Content for Teacher Education / Art and Craft Teacher Resources / Interactive Digital Content for Teacher Education / Indigenous Languages Teacher Resources / Interactive Digital Content for Teacher Education / Home science Teacher Resources / Interactive Digital Content for Teacher Education / Science and Technology Teacher Resources / Interactive Digital Content for Teacher Education / Islamic Religious Education Teacher Resources / Interactive Digital Content for Teacher Education / Mandarin Teacher Resources / Interactive Digital Content for Teacher Education / Agriculture Teacher Resources / Interactive Digital Content for Teacher Education / Mathematics Teacher Resources / Interactive Digital Content for Teacher Education / French Teacher Resources / Interactive Digital Content for Teacher Education / Hindu Religious Education Teacher Resources / Interactive Digital Content for Teacher Education / Social Studies Teacher Resources / Interactive Digital Content for Teacher Education / Kiswahili Teacher Resources / Interactive Digital Content for Teacher Education / Physical Education Teacher Resources / Interactive Digital Content for Teacher Education / Arabic Parental Resources Financial Literacy Financial Literacy / Financial Literacy for Junior School Financial Literacy / Financial Literacy for Junior School / Taxation Financial Literacy / Financial Literacy for Senior School Financial Literacy / Financial Literacy for Senior School / Taxation Search lessons Search Vector Addition: EquationsSee moreFractions introductionsSee moreBuild a fractionSee moreGraphing quadraticsSee moreNumber Line DistanceSee moreQuadrilateralSee more Home Calendar Pre-primary Pre-Primary 1 Pre-Primary 2 Primary Grade 1 Grade 2 Grade 3 Grade 4 Grade 5 Grade 6 Secondary Grade 7 Grade 8 Form 1 Form 2 Form 3 Form 4 OER's SNE The Kenya Education Cloud (KEC) is a digital platform designed to enhance teaching and learning in Kenya by providing a wide range of digital educational resources. Serving as a centralized hub for e-learning, it promotes access to interactive content, supports modern pedagogical methods, and fosters collaboration among educators and learners. External Links Ministry of Education Kenya National Examinations Council Teachers Service Commission Kenya Kenya Institute of Special Education (KISE) ICT Authority TVET Authority Elimika Additional Resources Accessible Digital Textbook (ADT) Curriculum Reports Parental Resources Child Online Protection Guidelines Our Contacts Kenya Institute of Curriculum DevelopmentDesai Rd, Off Muranga Rd,Nairobi, Kenya. Telephone Contacts+254 729327331 +254 729327334 Email Addressinfo@kicd.ac.ke Kenya Education Cloud © 2024. All rights reserved. Privacy Policy Terms & Conditions (Login) Data retention summary","['mathematics', 'english', 'kiswahili', 'biology', 'chemistry', 'physics', 'geography', 'history', 'business', 'computer', 'agriculture', 'home_science', 'art', 'music', 'physical_education', 'religious_education']",form_1,cbc,[],2025-09-08T00:49:56.930321,unknown,,,,
https://elimika.kec.ac.ke/#carouselSlidesOnly_15,Elimika Platform | Kenya Education Cloud | Unlimited Learning Experinces,Elimika,"Elimika Platform | Kenya Education Cloud | Unlimited Learning Experinces Elimika home_app_logoSide panel English ‎(en)‎ Afrikaans ‎(af)‎ English ‎(en)‎ Search Close Search Toggle search input Log in Username Password Remember username Forgot Password? Log in Alternatively, you can Log in to the Elimika platform using your account on: Sign up Home frontpageloaded Search Site announcements Courses Skip to main content The Kenya Education Cloud (KEC) is a digital platform designed to enhance teaching and learning in Kenya by providing a wide range of digital educational resources. Serving as a centralized hub for e-learning, it promotes access to interactive content, supports modern pedagogical methods, and fosters collaboration among educators and learners. Follow Us External Links Ministry of Education Kenya National Examinations Council Teachers Service Commission Kenya Kenya Institute of Special Education (KISE) ICT Authority TVET Authority Follow Us External Links Additional Resources Accessible Digital Textbook (ADT) Curriculum Reports OrangeBook - List of Approved materials Child Online Protection Guidelines Parental Resources Follow Us Additional Resources Our Contacts Kenya Institute of Curriculum DevelopmentDesai Rd, Off Muranga Rd,Nairobi, Kenya.Telephone Contacts+254 729327331+254 729327334Email Addressinfo@kicd.ac.ke Follow Us Our Contacts English ‎(en)‎ Afrikaans ‎(af)‎ English ‎(en)‎ Kenya Institute of Curriculum Development Elimika © 2025. All rights reserved. Terms & Conditions Privacy Policy You are not logged in. (Log in)","['english', 'computer', 'art']",unknown,unknown,[],2025-09-08T00:49:56.971318,unknown,,,,
https://elimika.kec.ac.ke/course/index.php,Elimika Platform | Kenya Education Cloud | Unlimited Learning Experinces,"Elimika is an online teacher training platform , offering Competency Based Curriculum (CBC)-aligned courses developed by the Kenya Institute of Curriculum Development (KICD). Learn anytime, anywhere and enhance your skills in ICT integration, assessment, pedagogy, and professional teaching under Kenya’s Competency Based Curriculum.","Elimika Home Courses Elimika Courses (9) Competency Based Curriculum (CBC)This course has been designed to assist curriculum implementers such as Teachers, Head Teachers, Curriculum Support Officers and Quality Assurance Officers to implement the Competency Based Curriculum (CBC) efficiently and effectively. Skill Level: Beginner Skill Level: Beginner Competency Based Curriculum(CBC) Learning AreasThe Competency-Based Curriculum (CBC)  organises content into learning areas, which are equivalent to subjects. These learning areas are designed to equip learners with core competencies, values, and pertinent contemporary issues needed for holistic development. Skill Level: Beginner Skill Level: Beginner ICT Integration This Course will equip  teachers with the required relevant competences to enable them integrate Information and Communications Technology(ICT) in the teaching and learning process in line with the Digital Literacy Co-competence in Competency-Based Curriculum (CBC) Skill Level: Beginner Skill Level: Beginner Health LiteracyHealth education involves imparting knowledge, skills, attitudes and values to the learner that will help them develop appropriate psychosocial responses relevant to the improvement of their general health status. Skill Level: Beginner Skill Level: Beginner Financial Literacy Course - Junior SchoolThe Financial Literacy (FL) online orientation course provides a systematic online orientation course for teachers on FL concepts and skills mainstreamed in the curriculum designs via the cross curricular approach. The course will equip teachers for Junior School with FL knowledge, skills, values and attitudinal competencies to facilitate effective implementation of mainstreamed FL concepts and skills in the curriculum. Skill Level: Beginner Skill Level: Beginner Competency Based Curriculum (CBC) for Special Needs Education - Hearing Impairment Competency Based Curriculum (CBC) for Special Needs Education - Hearing Impairment Skill Level: Beginner Skill Level: Beginner Competency Based Curriculum (CBC) for Special Needs Education - Physical ImpairmentCompetency Based Curriculum (CBC) for Special Needs Education - Physical Impairment Skill Level: Beginner Skill Level: Beginner Competency Based Curriculum (CBC) for Special Needs Education - Staged-Based CurriculumCompetency Based Curriculum (CBC) for Special Needs Education - Staged-Based Curriculum Skill Level: Beginner Skill Level: Beginner Competency Based Curriculum (CBC) for Special Needs Education - Visual ImpairmentCompetency Based Curriculum (CBC) for Special Needs Education - Visual Impairment Skill Level: Beginner Skill Level: Beginner This course has been designed to assist curriculum implementers such as Teachers, Head Teachers, Curriculum Support Officers and Quality Assurance Officers to implement the Competency Based Curriculum (CBC) efficiently and effectively. Skill Level: Beginner Skill Level: Beginner The Competency-Based Curriculum (CBC)  organises content into learning areas, which are equivalent to subjects. These learning areas are designed to equip learners with core competencies, values, and pertinent contemporary issues needed for holistic development. Skill Level: Beginner Skill Level: Beginner This Course will equip  teachers with the required relevant competences to enable them integrate Information and Communications Technology(ICT) in the teaching and learning process in line with the Digital Literacy Co-competence in Competency-Based Curriculum (CBC) Skill Level: Beginner Skill Level: Beginner Health education involves imparting knowledge, skills, attitudes and values to the learner that will help them develop appropriate psychosocial responses relevant to the improvement of their general health status. Skill Level: Beginner Skill Level: Beginner The Financial Literacy (FL) online orientation course provides a systematic online orientation course for teachers on FL concepts and skills mainstreamed in the curriculum designs via the cross curricular approach. The course will equip teachers for Junior School with FL knowledge, skills, values and attitudinal competencies to facilitate effective implementation of mainstreamed FL concepts and skills in the curriculum. Skill Level: Beginner Skill Level: Beginner Competency Based Curriculum (CBC) for Special Needs Education - Hearing Impairment Skill Level: Beginner Skill Level: Beginner Competency Based Curriculum (CBC) for Special Needs Education - Physical Impairment Skill Level: Beginner Skill Level: Beginner Competency Based Curriculum (CBC) for Special Needs Education - Staged-Based Curriculum Skill Level: Beginner Skill Level: Beginner Competency Based Curriculum (CBC) for Special Needs Education - Visual Impairment Skill Level: Beginner Skill Level: Beginner Elimika Platform | Kenya Education Cloud | Unlimited Learning Experinces Elimika home_app_logoSide panel English ‎(en)‎ Afrikaans ‎(af)‎ English ‎(en)‎ Search Close Search Toggle search input Log in Username Password Remember username Forgot Password? Log in Alternatively, you can Log in to the Elimika platform using your account on: Sign up Home frontpageloaded Search Site announcements Courses Skip to main content Elimika Home Courses 0 Courses All categories Elimika Courses Search elimika courses Search elimika courses Category Filter Elimika Courses (9) Tags Search elimika courses Search elimika courses Competency Based Curriculum (CBC)This course has been designed to assist curriculum implementers such as Teachers, Head Teachers, Curriculum Support Officers and Quality Assurance Officers to implement the Competency Based Curriculum (CBC) efficiently and effectively. Skill Level: Beginner Skill Level: Beginner Competency Based Curriculum(CBC) Learning AreasThe Competency-Based Curriculum (CBC)  organises content into learning areas, which are equivalent to subjects. These learning areas are designed to equip learners with core competencies, values, and pertinent contemporary issues needed for holistic development. Skill Level: Beginner Skill Level: Beginner ICT Integration This Course will equip  teachers with the required relevant competences to enable them integrate Information and Communications Technology(ICT) in the teaching and learning process in line with the Digital Literacy Co-competence in Competency-Based Curriculum (CBC) Skill Level: Beginner Skill Level: Beginner Health LiteracyHealth education involves imparting knowledge, skills, attitudes and values to the learner that will help them develop appropriate psychosocial responses relevant to the improvement of their general health status. Skill Level: Beginner Skill Level: Beginner Financial Literacy Course - Junior SchoolThe Financial Literacy (FL) online orientation course provides a systematic online orientation course for teachers on FL concepts and skills mainstreamed in the curriculum designs via the cross curricular approach. The course will equip teachers for Junior School with FL knowledge, skills, values and attitudinal competencies to facilitate effective implementation of mainstreamed FL concepts and skills in the curriculum. Skill Level: Beginner Skill Level: Beginner Competency Based Curriculum (CBC) for Special Needs Education - Hearing Impairment Competency Based Curriculum (CBC) for Special Needs Education - Hearing Impairment Skill Level: Beginner Skill Level: Beginner Competency Based Curriculum (CBC) for Special Needs Education - Physical ImpairmentCompetency Based Curriculum (CBC) for Special Needs Education - Physical Impairment Skill Level: Beginner Skill Level: Beginner Competency Based Curriculum (CBC) for Special Needs Education - Staged-Based CurriculumCompetency Based Curriculum (CBC) for Special Needs Education - Staged-Based Curriculum Skill Level: Beginner Skill Level: Beginner Competency Based Curriculum (CBC) for Special Needs Education - Visual ImpairmentCompetency Based Curriculum (CBC) for Special Needs Education - Visual Impairment Skill Level: Beginner Skill Level: Beginner The Kenya Education Cloud (KEC) is a digital platform designed to enhance teaching and learning in Kenya by providing a wide range of digital educational resources. Serving as a centralized hub for e-learning, it promotes access to interactive content, supports modern pedagogical methods, and fosters collaboration among educators and learners. Follow Us External Links Ministry of Education Kenya National Examinations Council Teachers Service Commission Kenya Kenya Institute of Special Education (KISE) ICT Authority TVET Authority Follow Us External Links Additional Resources Accessible Digital Textbook (ADT) Curriculum Reports OrangeBook - List of Approved materials Child Online Protection Guidelines Parental Resources Follow Us Additional Resources Our Contacts Kenya Institute of Curriculum DevelopmentDesai Rd, Off Muranga Rd,Nairobi, Kenya.Telephone Contacts+254 729327331+254 729327334Email Addressinfo@kicd.ac.ke Follow Us Our Contacts English ‎(en)‎ Afrikaans ‎(af)‎ English ‎(en)‎ Kenya Institute of Curriculum Development Elimika © 2025. All rights reserved. Terms & Conditions Privacy Policy You are not logged in. (Log in)","['english', 'computer', 'art', 'physical_education', 'religious_education']",unknown,cbc,[],2025-09-08T00:49:58.239764,unknown,,,,
https://elimika.kec.ac.ke/login/forgot_password.php,Elimika Platform | Kenya Education Cloud | Unlimited Learning Experinces,"Elimika is an online teacher training platform , offering Competency Based Curriculum (CBC)-aligned courses developed by the Kenya Institute of Curriculum Development (KICD). Learn anytime, anywhere and enhance your skills in ICT integration, assessment, pedagogy, and professional teaching under Kenya’s Competency Based Curriculum.","Elimika Home Log in Forgotten password To reset your password, please enter your username or email address below. If we can find your account in our database, we will send you an email with instructions on how to reset your password.If you need assistance, please contact our support team.E-Mail: elimika@kicd.ac.ke Search by username Username Search by email address Email address Elimika Platform | Kenya Education Cloud | Unlimited Learning Experinces Elimika home_app_logoSide panel English ‎(en)‎ Afrikaans ‎(af)‎ English ‎(en)‎ Search Close Search Toggle search input Sign up Home frontpageloaded Search Site announcements Courses Skip to main content Elimika Home Log in Forgotten password To reset your password, please enter your username or email address below. If we can find your account in our database, we will send you an email with instructions on how to reset your password.If you need assistance, please contact our support team.E-Mail: elimika@kicd.ac.ke Search by username Username Search by email address Email address The Kenya Education Cloud (KEC) is a digital platform designed to enhance teaching and learning in Kenya by providing a wide range of digital educational resources. Serving as a centralized hub for e-learning, it promotes access to interactive content, supports modern pedagogical methods, and fosters collaboration among educators and learners. Follow Us External Links Ministry of Education Kenya National Examinations Council Teachers Service Commission Kenya Kenya Institute of Special Education (KISE) ICT Authority TVET Authority Follow Us External Links Additional Resources Accessible Digital Textbook (ADT) Curriculum Reports OrangeBook - List of Approved materials Child Online Protection Guidelines Parental Resources Follow Us Additional Resources Our Contacts Kenya Institute of Curriculum DevelopmentDesai Rd, Off Muranga Rd,Nairobi, Kenya.Telephone Contacts+254 729327331+254 729327334Email Addressinfo@kicd.ac.ke Follow Us Our Contacts English ‎(en)‎ Afrikaans ‎(af)‎ English ‎(en)‎ Kenya Institute of Curriculum Development Elimika © 2025. All rights reserved. Terms & Conditions Privacy Policy You are not logged in.","['english', 'computer', 'art']",unknown,unknown,[],2025-09-08T00:49:58.773153,unknown,,,,
https://elimika.kec.ac.ke/course/view.php?id=3,Elimika Platform | Kenya Education Cloud | Unlimited Learning Experinces,"Elimika is an online teacher training platform , offering Competency Based Curriculum (CBC)-aligned courses developed by the Kenya Institute of Curriculum Development (KICD). Learn anytime, anywhere and enhance your skills in ICT integration, assessment, pedagogy, and professional teaching under Kenya’s Competency Based Curriculum.","Sign Up and Start Learning!. By signing up, you agree to our Terms of Use and Privacy Policy. Elimika Skip to create new account Sign In Username / email Password Remember username Forgot Password? Log in No Account? Sign up Alternatively, you can Log in to the Elimika platform using your account on: Microsoft Google Skip to create new account Sign In Username / email Password Remember username Forgot Password? Log in No Account? Sign up Alternatively, you can Log in to the Elimika platform using your account on: Microsoft Google Sign In Username / email Password Remember username Forgot Password? Log in No Account? Sign up Alternatively, you can Log in to the Elimika platform using your account on: Microsoft Google Elimika Platform | Kenya Education Cloud | Unlimited Learning Experinces Skip to main content Sign Up and Start Learning!. By signing up, you agree to our Terms of Use and Privacy Policy. Elimika Skip to create new account Sign In Username / email Password Remember username Forgot Password? Log in No Account? Sign up Alternatively, you can Log in to the Elimika platform using your account on: Microsoft Google You are not logged in. Home","['art', 'religious_education']",unknown,unknown,[],2025-09-08T00:50:00.195153,unknown,,,,
https://lms.kec.ac.ke/course/index.php?categoryid=80,Grade 2,"Kenya Education Cloud is your ultimate digital learning hub, providing access to curated e-learning resources, educational tools, and innovative content for students, teachers, and institutions.","Grade 2 Home Lessons Primary Education Grade 2 Lesson categories: Pre-Primary Pre-Primary / Radio Lessons Pre-Primary / Educhannel Video Lessons Pre-Primary / Educhannel Video Lessons / Language Activities Pre-Primary / Educhannel Video Lessons / Mathematics Pre-Primary / Educhannel Video Lessons / Our School Pre-Primary / Educhannel Video Lessons / Picture Making Pre-Primary / Educhannel Video Lessons / Social Environment Pre-Primary / Educhannel Video Lessons / Pre-Primary 1 Pre-Primary / Educhannel Video Lessons / Pre-Primary 2 Pre-Primary / Interactive digital Content Pre-Primary / Ebooks Primary Education Primary Education / Grade 1 Primary Education / Grade 1 / Educhannel TV Lessons Primary Education / Grade 1 / Educhannel TV Lessons / English Primary Education / Grade 1 / Educhannel TV Lessons / Mathematics Primary Education / Grade 1 / Educhannel TV Lessons / Kiswahili Primary Education / Grade 1 / Educhannel TV Lessons / Kenya Sign Language(KSL) Primary Education / Grade 1 / Educhannel TV Lessons / Hygiene and nutrition Primary Education / Grade 1 / Educhannel TV Lessons / Environmental Activities Primary Education / Grade 1 / Interactive Digital Content Primary Education / Grade 1 / Radio Lessons Primary Education / Grade 1 / Radio Lessons / Mathematics Primary Education / Grade 1 / Radio Lessons / Mathematics / Grade 1 Term 2 Primary Education / Grade 1 / Radio Lessons / Mathematics / Grade 1 Term 3 Primary Education / Grade 1 / Radio Lessons / Kiswahili Primary Education / Grade 1 / Radio Lessons / Kiswahili / Grade 1 Term 2 Primary Education / Grade 1 / Radio Lessons / Kiswahili / Grade 1 Term 3 Primary Education / Grade 1 / Radio Lessons / English Primary Education / Grade 1 / Radio Lessons / English / Grade 1 Term 2 Primary Education / Grade 1 / Radio Lessons / English / Grade 1 Term 3 Primary Education / Grade 1 / Ebooks Primary Education / Grade 1 / Ebooks / Tusome readers Primary Education / Grade 1 / Ebooks / Indigenous Languages Primary Education / Grade 2 Primary Education / Grade 2 / Interactive Digital Content Primary Education / Grade 2 / Educhannel Tv Lessons Primary Education / Grade 2 / Educhannel Tv Lessons / Mathematics Primary Education / Grade 2 / Educhannel Tv Lessons / English Primary Education / Grade 2 / Radio Lessons Primary Education / Grade 2 / Radio Lessons / Mathematics Primary Education / Grade 2 / Radio Lessons / Mathematics / Grade 2 Term 2 Primary Education / Grade 2 / Radio Lessons / English Primary Education / Grade 2 / Radio Lessons / English / Grade 2 Term 2 Primary Education / Grade 2 / Radio Lessons / English / Grade 2 Term 3 Primary Education / Grade 2 / Radio Lessons / Kiswahili Primary Education / Grade 2 / Radio Lessons / Kiswahili / Grade 2 Term 3 Primary Education / Grade 2 / Hygiene and Nutrition Primary Education / Grade 2 / Hygiene and Nutrition / Grade 2 Term 2 Primary Education / Grade 2 / E-books Primary Education / Grade 2 / E-books / Tusome Readers Primary Education / Grade 3 Primary Education / Grade 3 / Radio Lessons Primary Education / Grade 3 / Radio Lessons / Mathematics Primary Education / Grade 3 / Radio Lessons / Mathematics / Grade 3 Term 2 Primary Education / Grade 3 / Radio Lessons / Mathematics / Grade 3 Term 3 Primary Education / Grade 3 / Radio Lessons / English Primary Education / Grade 3 / Radio Lessons / English / Grade 3 Term 2 Primary Education / Grade 3 / Radio Lessons / English / Grade 3 Term 3 Primary Education / Grade 3 / Radio Lessons / Environmental Activities Primary Education / Grade 3 / Radio Lessons / Environmental Activities / Grade 3 Term 2 Primary Education / Grade 3 / Radio Lessons / Kiswahili Primary Education / Grade 3 / Radio Lessons / Kiswahili / Grade 3 Term 3 Primary Education / Grade 3 / Educhannel TV Lessons Primary Education / Grade 3 / Educhannel TV Lessons / Mathematics Primary Education / Grade 3 / Educhannel TV Lessons / English Primary Education / Grade 3 / Educhannel TV Lessons / Kiswahili Primary Education / Grade 3 / Educhannel TV Lessons / Hygiene and Nutrition Primary Education / Grade 3 / Educhannel TV Lessons / Environmental Activities Primary Education / Grade 3 / Interactive Digital Content Primary Education / Grade 3 / EBooks Primary Education / Grade 3 / Tusome English Video Lessons Primary Education / Grade 3 / Tusome English Video Lessons / Tusome English Grade 3 Lessons Primary Education / Grade 4 Primary Education / Grade 4 / Educhannel Tv Lessons Primary Education / Grade 4 / Educhannel Tv Lessons / Home Science Primary Education / Grade 4 / Educhannel Tv Lessons / Agriculture Primary Education / Grade 4 / Educhannel Tv Lessons / Music Primary Education / Grade 4 / Educhannel Tv Lessons / Physical Education Primary Education / Grade 4 / Educhannel Tv Lessons / Art and Craft Primary Education / Grade 4 / Educhannel Tv Lessons / Kenya Sign Language Primary Education / Grade 4 / Educhannel Tv Lessons / Mathematics Primary Education / Grade 4 / Educhannel Tv Lessons / Science and Technology Primary Education / Grade 4 / Educhannel Tv Lessons / Social Studies Primary Education / Grade 4 / Educhannel Tv Lessons / English Primary Education / Grade 4 / Educhannel Tv Lessons / Kiswahili Primary Education / Grade 4 / Educhannel Tv Lessons / Environmental Activity Primary Education / Grade 4 / Radio lessons Primary Education / Grade 4 / Radio lessons / Social Studies Primary Education / Grade 4 / Radio lessons / Social Studies / Grade 4 Term 2 Primary Education / Grade 4 / Radio lessons / Social Studies / Grade 4 Term 3 Primary Education / Grade 4 / Radio lessons / CRE Primary Education / Grade 4 / Radio lessons / CRE / Grade 4 Term 2 Primary Education / Grade 4 / Radio lessons / English Primary Education / Grade 4 / Radio lessons / English / Grade 4 Term 2 Primary Education / Grade 4 / Radio lessons / English / Grade 4 Term 3 Primary Education / Grade 4 / Radio lessons / Hygiene and Nutrition Primary Education / Grade 4 / Radio lessons / Hygiene and Nutrition / Grade 4 Term 1 Primary Education / Grade 4 / Radio lessons / IRE Primary Education / Grade 4 / Radio lessons / IRE / Grade 4 Term 2 Primary Education / Grade 4 / Radio lessons / Science and Technology Primary Education / Grade 4 / Radio lessons / Science and Technology / Grade 4 Term 3 Primary Education / Grade 4 / Radio lessons / Agriculture Primary Education / Grade 4 / Radio lessons / Agriculture / Grade 4 Term 3 Primary Education / Grade 4 / Radio lessons / Mathematics Primary Education / Grade 4 / Radio lessons / Mathematics / Grade 4 Term 3 Primary Education / Grade 4 / SNE Primary Education / Grade 4 / Interactive Digital Content Primary Education / Grade 5 Primary Education / Grade 5 / Educhannel Tv Lessons Primary Education / Grade 5 / Educhannel Tv Lessons / English Primary Education / Grade 5 / Educhannel Tv Lessons / Kiswahili Primary Education / Grade 5 / Educhannel Tv Lessons / Mathematics Primary Education / Grade 5 / Radio Lessons Primary Education / Grade 5 / Radio Lessons / English Primary Education / Grade 5 / Radio Lessons / Science and Technology Primary Education / Grade 5 / Radio Lessons / Agriculture Primary Education / Grade 5 / Radio Lessons / Social studies Primary Education / Grade 5 / Radio Lessons / Christian Religious Education Primary Education / Grade 5 / Radio Lessons / Mathematics Primary Education / Grade 5 / Interactive Digital Content Primary Education / Grade 6 Primary Education / Grade 6 / Radio Lessons Primary Education / Grade 6 / Radio Lessons / CRE Primary Education / Grade 6 / Radio Lessons / Social Studies Primary Education / Grade 6 / Radio Lessons / Science Primary Education / Grade 6 / Radio Lessons / Kiswahili Primary Education / Grade 6 / Radio Lessons / English Primary Education / Grade 6 / Radio Lessons / Mathematics Primary Education / Grade 6 / Educhannel TV Lessons Primary Education / Grade 6 / Educhannel TV Lessons / Kiswahili Primary Education / Grade 6 / Educhannel TV Lessons / Agriculture Primary Education / Grade 6 / Educhannel TV Lessons / Art and Craft Primary Education / Grade 6 / Educhannel TV Lessons / English Primary Education / Grade 6 / Educhannel TV Lessons / Home Science Primary Education / Grade 6 / Educhannel TV Lessons / Music Primary Education / Grade 6 / Educhannel TV Lessons / Science and technology Primary Education / Grade 6 / Educhannel TV Lessons / Physical health education Primary Education / Grade 6 / Interactive Digital Content Junior School Junior School / Grade 8 Junior School / Grade 8 / Educhannel Tv Lessons Junior School / Grade 8 / Radio Lessons Junior School / Grade 8 / Interactive Digital Content Junior School / Grade 7 Junior School / Grade 7 / Educhannel TV lessons Junior School / Grade 7 / Radio Lessons Junior School / Grade 7 / Radio Lessons / Mathematics Junior School / Grade 7 / Radio Lessons / Kiswahili Junior School / Grade 7 / Radio Lessons / English Junior School / Grade 7 / Radio Lessons / Christian Religious Education Junior School / Grade 7 / Radio Lessons / Integrated Science Junior School / Grade 7 / Radio Lessons / Social Studies Junior School / Grade 7 / Radio Lessons / Pre-Technical Studies Junior School / Grade 7 / Interactive Digital Content Secondary Education Secondary Education / Form 1 Secondary Education / Form 1 / Interactive Digital Content Secondary Education / Form 1 / Educhannel Tv Lessons Secondary Education / Form 1 / Educhannel Tv Lessons / Mathematics Secondary Education / Form 1 / Educhannel Tv Lessons / English Secondary Education / Form 1 / Educhannel Tv Lessons / Physics Secondary Education / Form 1 / Educhannel Tv Lessons / Biology Secondary Education / Form 1 / Educhannel Tv Lessons / Chemistry Secondary Education / Form 1 / Educhannel Tv Lessons / Kiswahili Secondary Education / Form 1 / Educhannel Tv Lessons / History and Government Secondary Education / Form 1 / Educhannel Tv Lessons / Business Studies Secondary Education / Form 1 / Radio Lessons Secondary Education / Form 1 / Ebooks Secondary Education / Form 2 Secondary Education / Form 2 / Interactive Digital Content Secondary Education / Form 2 / Educhannel Tv Lessons Secondary Education / Form 2 / Educhannel Tv Lessons / Physics Secondary Education / Form 2 / Radio Lessons Secondary Education / Form 2 / Radio Lessons / Biology Secondary Education / Form 3 Secondary Education / Form 3 / Interactive Digital Content Secondary Education / Form 3 / Educhannel Tv Lessons Secondary Education / Form 3 / Educhannel Tv Lessons / Mathematics Secondary Education / Form 3 / Educhannel Tv Lessons / English Secondary Education / Form 3 / Educhannel Tv Lessons / Kiswahili Secondary Education / Form 3 / Educhannel Tv Lessons / Biology Secondary Education / Form 3 / Educhannel Tv Lessons / Chemistry Secondary Education / Form 3 / Educhannel Tv Lessons / Physics Secondary Education / Form 3 / Educhannel Tv Lessons / Business Studies Secondary Education / Form 3 / Educhannel Tv Lessons / History and Government Secondary Education / Form 3 / Radio Lessons Secondary Education / Form 4 Secondary Education / Form 4 / Interactive Digital Content Secondary Education / Form 4 / Educhannel Tv Lessons Secondary Education / Form 4 / Educhannel Tv Lessons / Form 4 Mathematics Secondary Education / Form 4 / Educhannel Tv Lessons / Form 4 English Secondary Education / Form 4 / Educhannel Tv Lessons / Form 4 Physics Secondary Education / Form 4 / Educhannel Tv Lessons / Form 4 Biology Secondary Education / Form 4 / Educhannel Tv Lessons / Form 4 Kiswahili Secondary Education / Form 4 / Educhannel Tv Lessons / Form 4 Chemistry Secondary Education / Form 4 / Educhannel Tv Lessons / Form 4 History and Government Secondary Education / Form 4 / Educhannel Tv Lessons / Form 4 Business Studies Secondary Education / Form 4 / Radio Lessons Secondary Education / Form 4 / Radio Lessons / Mathematics Secondary Education / Form 4 / Radio Lessons / Mathematics / Form 4 Term 1 Secondary Education / Form 4 / Radio Lessons / Mathematics / Form 4 Term 2 Secondary Education / Form 4 / Radio Lessons / Mathematics / Form 4 Term 3 General Knowledge General Knowledge / VOA Connect General Knowledge / Ask the expert General Knowledge / Citizenship and Democracy General Knowledge / Digital Story General Knowledge / Impacted Educhannel Lessons Educhannel Lessons / English Educhannel Lessons / English / Transport and travel Educhannel Lessons / English / Pronunciation skills Educhannel Lessons / English / Listening and speaking Educhannel Lessons / English / Family Educhannel Lessons / English / Environment Educhannel Lessons / English / Drug and Substance Educhannel Lessons / Agriculture Educhannel Lessons / Biology Educhannel Lessons / Biology / Living Things Educhannel Lessons / Biology / Secretion and homeostasis Educhannel Lessons / Biology / Support and movement Educhannel Lessons / Business Studies Educhannel Lessons / Chemistry Educhannel Lessons / Earth Movement and Volcanicity Educhannel Lessons / Environmental Activities Educhannel Lessons / Geograpghy Educhannel Lessons / History Educhannel Lessons / History / Kenyan History Educhannel Lessons / Homescience Educhannel Lessons / Homescience / Basic care clothing Educhannel Lessons / Kiswahili Educhannel Lessons / Kiswahili / Primary Educhannel Lessons / Kiswahili / Primary / Darasa 4-5 Educhannel Lessons / Kiswahili / Secondary Educhannel Lessons / Kiswahili / Secondary / Isimu Jamii Educhannel Lessons / Kiswahili / Secondary / Sarufi Educhannel Lessons / Mathematics Educhannel Lessons / Mathematics / Secondary Educhannel Lessons / Mathematics / Secondary / Commercial Arithmetics Educhannel Lessons / Mathematics / Primary Educhannel Lessons / Mathematics / Primary / Class 5-8 Educhannel Lessons / Mathematics / Primary / Class 5-8 / Practical uses of Money Educhannel Lessons / Mathematics / Primary / Class 5-8 / Measurement Educhannel Lessons / Organic Chemistry Educhannel Lessons / Performing Music Educhannel Lessons / Homescience Educhannel Lessons / Homescience / Basic care of clothing Educhannel Lessons / Art and Craft Educhannel Lessons / Physics Educhannel Lessons / Physics / Thermodynamics Educhannel Lessons / Physics / Mechanics Educhannel Lessons / Physics / Electricity and Magnetism Educhannel Lessons / The Doyen Exposition Educhannel Lessons / Science Educhannel Lessons / Science / Making work easier Educhannel Lessons / Science / Living Things Educhannel Lessons / Science / Energy conservation Educhannel Lessons / Physical and Health Education Educhannel Lessons / Physical and Health Education / Grade 1-4 Open Education Resourses(OERs) Open Education Resourses(OERs) / Movement and Creative Activities Open Education Resourses(OERs) / 	Religious Education Activities Open Education Resourses(OERs) / Mathematical Activities Open Education Resourses(OERs) / Environmental Activities Open Education Resourses(OERs) / Kiswahili Language Open Education Resourses(OERs) / LTK | Concordia University Open Education Resourses(OERs) / Hygiene and Nutrition Open Education Resourses(OERs) / ENGLISH LANGUAGE ACTIVITIES Open Education Resourses(OERs) / Casio Materials Open Education Resourses(OERs) / Health Education Open Education Resourses(OERs) / Carbon Literacy Special Needs Education Special Needs Education / Grade 1 Special Needs Education / Grade 1 / Adapted Interactive Digital Content for Hearing Impaired(HI) Special Needs Education / Grade 1 / Adapted Interactive Digital Content for Hearing Impaired(HI) / English Activities Special Needs Education / Grade 1 / Adapted Interactive Digital Content for Hearing Impaired(HI) / Environmental Activities Special Needs Education / Grade 1 / Adapted Interactive Digital Content for Hearing Impaired(HI) / Creative Activities Special Needs Education / Grade 1 / Adapted Interactive Digital Content for Visual Impaired(VI) Special Needs Education / Grade 2 Special Needs Education / Grade 2 / Adapted Interactive Digital Content for Hearing Impaired(HI) Special Needs Education / Grade 2 / Adapted Interactive Digital Content for Hearing Impaired(HI) / Mathematics Grade 2 Special Needs Education / Grade 2 / Adapted Interactive Digital Content for Hearing Impaired(HI) / Environmental Activities Grade 2 Special Needs Education / Grade 2 / Adapted Interactive Digital Content for Hearing Impaired(HI) / Hygiene and Nutrition Grade 2 Special Needs Education / Grade 2 / Adapted Interactive Digital Content for Hearing Impaired(HI) / Christian Religious Education Grade 2 (HI) Special Needs Education / Grade 2 / Adapted Interactive Digital Content for Hearing Impaired(HI) / Literacy Activities Grade2 (HI) Special Needs Education / Grade 2 / Adapted Interactive Digital Content for Hearing Impaired(HI) / English Activities Grad2 H.I Special Needs Education / Grade 2 / Adapted Interactive Digital Content for Hearing Impaired(HI) / Creative Activities Grade2 -H.I Special Needs Education / Grade 2 / Adapted Interactive Digital Content for Visual Impaired(VI) Special Needs Education / Grade 2 / Adapted Interactive Digital Content for Visual Impaired(VI) / Mathematics Special Needs Education / Grade 2 / Adapted Interactive Digital Content for Visual Impaired(VI) / Kiswahili Special Needs Education / Grade 2 / Adapted Interactive Digital Content for Visual Impaired(VI) / English Special Needs Education / Grade 2 / Adapted Interactive Digital Content for Visual Impaired(VI) / Creative Activities Special Needs Education / Grade 2 / Adapted Interactive Digital Content for Visual Impaired(VI) / CRE Special Needs Education / Grade 3 Special Needs Education / Grade 3 / Adapted Interactive Digital Content for Learners with Hearing Impairment (HI) Special Needs Education / Grade 3 / Adapted Interactive Digital Content for Learners with Hearing Impairment (HI) / Visual Arts Special Needs Education / Grade 3 / Adapted Interactive Digital Content for Learners with Hearing Impairment (HI) / English Special Needs Education / Grade 3 / Adapted Interactive Digital Content for Learners with Hearing Impairment (HI) / Hygiene and Nutrition Special Needs Education / Grade 3 / Adapted Interactive Digital Content for Learners with Hearing Impairment (HI) / Music Special Needs Education / Grade 3 / Adapted Interactive Digital Content for Learners with Hearing Impairment (HI) / Mathematics Special Needs Education / Grade 3 / Adapted Interactive Digital Content for Learners with Hearing Impairment (HI) / Environmental Special Needs Education / Grade 3 / Adapted Interactive Digital Content for Learners with Hearing Impairment (HI) / CRE Special Needs Education / Grade 3 / Adapted Interactive Digital Content for Learners with Visual Impairment (VI) Special Needs Education / Grade 3 / Adapted Interactive Digital Content for Learners with Visual Impairment (VI) / Music Special Needs Education / Grade 3 / Adapted Interactive Digital Content for Learners with Visual Impairment (VI) / Mathematics Special Needs Education / Grade 3 / Adapted Interactive Digital Content for Learners with Visual Impairment (VI) / Visual Arts Special Needs Education / Grade 3 / Adapted Interactive Digital Content for Learners with Visual Impairment (VI) / Kiswahili Special Needs Education / Grade 3 / Adapted Interactive Digital Content for Learners with Visual Impairment (VI) / Hygiene and Nutrition Special Needs Education / Grade 3 / Adapted Interactive Digital Content for Learners with Visual Impairment (VI) / Environmental Special Needs Education / Grade 3 / Adapted Interactive Digital Content for Learners with Visual Impairment (VI) / English Special Needs Education / Grade 3 / Adapted Interactive Digital Content for Learners with Visual Impairment (VI) / CRE Special Needs Education / Grade 4 Special Needs Education / Grade 4 / Adapted Interactive Digital Content for Learners with Hearing Impairment (HI) Special Needs Education / Grade 4 / Adapted Interactive Digital Content for Learners with Hearing Impairment (HI) / Mathematics Special Needs Education / Grade 4 / Adapted Interactive Digital Content for Learners with Hearing Impairment (HI) / English Special Needs Education / Grade 4 / Adapted Interactive Digital Content for Learners with Hearing Impairment (HI) / Science and Technology Special Needs Education / Grade 4 / Adapted Interactive Digital Content for Learners with Hearing Impairment (HI) / Agriculture Special Needs Education / Grade 4 / Adapted Interactive Digital Content for Learners with Hearing Impairment (HI) / Social Studies Special Needs Education / Grade 4 / Adapted Interactive Digital Content for Learners with Hearing Impairment (HI) / Home Science Special Needs Education / Grade 4 / Adapted Interactive Digital Content for Learners with Hearing Impairment (HI) / Art and Craft Special Needs Education / Grade 4 / Adapted Interactive Digital Content for Learners with Hearing Impairment (HI) / Music Special Needs Education / Grade 4 / Adapted Interactive Digital Content for Learners with Hearing Impairment (HI) / Christian Religious Education (CRE) Special Needs Education / Grade 4 / Adapted Interactive Digital Content for Learners with Visual Impairment (VI) Special Needs Education / Grade 4 / Adapted Interactive Digital Content for Learners with Visual Impairment (VI) / Mathematics Special Needs Education / Grade 4 / Adapted Interactive Digital Content for Learners with Visual Impairment (VI) / English Special Needs Education / Grade 4 / Adapted Interactive Digital Content for Learners with Visual Impairment (VI) / Kiswahili Special Needs Education / Grade 4 / Adapted Interactive Digital Content for Learners with Visual Impairment (VI) / Science and Technology Special Needs Education / Grade 4 / Adapted Interactive Digital Content for Learners with Visual Impairment (VI) / Agriculture Special Needs Education / Grade 4 / Adapted Interactive Digital Content for Learners with Visual Impairment (VI) / Social Studies Special Needs Education / Grade 4 / Adapted Interactive Digital Content for Learners with Visual Impairment (VI) / Home Science Special Needs Education / Grade 4 / Adapted Interactive Digital Content for Learners with Visual Impairment (VI) / Art and Craft Special Needs Education / Grade 4 / Adapted Interactive Digital Content for Learners with Visual Impairment (VI) / Christian Religious Education (CRE) Special Needs Education / Grade 4 / Adapted Interactive Digital Content for Learners with Visual Impairment (VI) / Music Special Needs Education / Grade 5 Special Needs Education / Grade 5 / Adapted Interactive Digital Content for Learners with Hearing Impairment (HI) Special Needs Education / Grade 5 / Adapted Interactive Digital Content for Learners with Hearing Impairment (HI) / English Special Needs Education / Grade 5 / Adapted Interactive Digital Content for Learners with Hearing Impairment (HI) / Christian Religious Education Special Needs Education / Grade 5 / Adapted Interactive Digital Content for Learners with Hearing Impairment (HI) / Social Studies Special Needs Education / Grade 5 / Adapted Interactive Digital Content for Learners with Hearing Impairment (HI) / Agriculture and Nutrition Special Needs Education / Grade 5 / Adapted Interactive Digital Content for Learners with Hearing Impairment (HI) / Creative Arts Special Needs Education / Grade 5 / Adapted Interactive Digital Content for Learners with Hearing Impairment (HI) / Mathematics Special Needs Education / Grade 5 / Adapted Interactive Digital Content for Learners with Hearing Impairment (HI) / Science and Technology Special Needs Education / Grade 5 / Adapted Interactive Digital Content for Learners with Hearing Impairment (HI) / Islamic Religious Education Special Needs Education / Grade 5 / Adapted Interactive Digital Content for Learners with Visual Impairment (VI) Special Needs Education / Grade 5 / Adapted Interactive Digital Content for Learners with Visual Impairment (VI) / Creative Arts Special Needs Education / Grade 5 / Adapted Interactive Digital Content for Learners with Visual Impairment (VI) / Social Studies Special Needs Education / Grade 5 / Adapted Interactive Digital Content for Learners with Visual Impairment (VI) / Kiswahili Special Needs Education / Grade 5 / Adapted Interactive Digital Content for Learners with Visual Impairment (VI) / Christian Religious Education Special Needs Education / Grade 5 / Adapted Interactive Digital Content for Learners with Visual Impairment (VI) / Science and Technology Special Needs Education / Grade 5 / Adapted Interactive Digital Content for Learners with Visual Impairment (VI) / Agriculture and Nutrition Special Needs Education / Grade 5 / Adapted Interactive Digital Content for Learners with Visual Impairment (VI) / Islamic Religious Education Special Needs Education / Grade 5 / Adapted Interactive Digital Content for Learners with Visual Impairment (VI) / Mathematics Special Needs Education / Grade 5 / Adapted Interactive Digital Content for Learners with Visual Impairment (VI) / English Special Needs Education / Grade 6 Special Needs Education / Grade 6 / Adapted Interactive Digital Content for Learners with Hearing Impairment (HI) Special Needs Education / Grade 6 / Adapted Interactive Digital Content for Learners with Hearing Impairment (HI) / Science and Technology Special Needs Education / Grade 6 / Adapted Interactive Digital Content for Learners with Hearing Impairment (HI) / Christian Religious Education Special Needs Education / Grade 6 / Adapted Interactive Digital Content for Learners with Hearing Impairment (HI) / Creative Arts Special Needs Education / Grade 6 / Adapted Interactive Digital Content for Learners with Hearing Impairment (HI) / Islamic Religious Education Special Needs Education / Grade 6 / Adapted Interactive Digital Content for Learners with Hearing Impairment (HI) / English Special Needs Education / Grade 6 / Adapted Interactive Digital Content for Learners with Hearing Impairment (HI) / Social Studies Special Needs Education / Grade 6 / Adapted Interactive Digital Content for Learners with Hearing Impairment (HI) / Agriculture Special Needs Education / Grade 6 / Adapted Interactive Digital Content for Learners with Hearing Impairment (HI) / Mathematics Special Needs Education / Grade 6 / Adapted Interactive Digital Content for Learners with Visual Impairment (VI) Special Needs Education / Grade 6 / Adapted Interactive Digital Content for Learners with Visual Impairment (VI) / Christian Religious Education Special Needs Education / Grade 6 / Adapted Interactive Digital Content for Learners with Visual Impairment (VI) / Kiswahili Special Needs Education / Grade 6 / Adapted Interactive Digital Content for Learners with Visual Impairment (VI) / English Special Needs Education / Grade 6 / Adapted Interactive Digital Content for Learners with Visual Impairment (VI) / Creative Arts Special Needs Education / Grade 6 / Adapted Interactive Digital Content for Learners with Visual Impairment (VI) / Mathematics Special Needs Education / Grade 6 / Adapted Interactive Digital Content for Learners with Visual Impairment (VI) / Science and Technology Special Needs Education / Grade 6 / Adapted Interactive Digital Content for Learners with Visual Impairment (VI) / Islamic Religious Education Special Needs Education / Grade 6 / Adapted Interactive Digital Content for Learners with Visual Impairment (VI) / Social Studies Special Needs Education / Grade 6 / Adapted Interactive Digital Content for Learners with Visual Impairment (VI) / Agriculture and Nutrition Special Needs Education / Ebooks Special Needs Education / Videos Special Needs Education / Foundational and Stage-Based Special Needs Education / Prevocational Level Special Needs Education / Prevocational Level / Music Special Needs Education / Prevocational Level / Hindu Religious Education Special Needs Education / Prevocational Level / Christian Religious Education Special Needs Education / Prevocational Level / Physical Education Special Needs Education / Prevocational Level / Islamic Religious Education Special Needs Education / Prevocational Level / Social Studies Special Needs Education / Prevocational Level / Prevocational Skills 1 Special Needs Education / Prevocational Level / Prevocational Skills 2 Special Needs Education / Prevocational Level / Prevocational Skills 3 Accessible Digital Textbooks Interactive Simulations for Sciences and Mathematics Interactive Simulations for Sciences and Mathematics / Physics Interactive Simulations for Sciences and Mathematics / Chemistry Interactive Simulations for Sciences and Mathematics / Mathematics Information, Education and Communication(IEC) Materials Information, Education and Communication(IEC) Materials / Child Online Safety Information, Education and Communication(IEC) Materials / Child Road Safety Information, Education and Communication(IEC) Materials / Child Road Safety / Integration Matrices Information, Education and Communication(IEC) Materials / Child Road Safety / Integration Matrices / Early Years Education Information, Education and Communication(IEC) Materials / Child Road Safety / Integration Matrices / Upper Primary Information, Education and Communication(IEC) Materials / Child Road Safety / Integration Matrices / Junior School Information, Education and Communication(IEC) Materials / Child Road Safety / Integration Matrices / Senior School Information, Education and Communication(IEC) Materials / Child Road Safety / Information, Education and Communication(IEC) Materials on Child Road Safety Information, Education and Communication(IEC) Materials / Child Road Safety / Information, Education and Communication(IEC) Materials on Child Road Safety / Early Years Education Information, Education and Communication(IEC) Materials / Child Road Safety / Information, Education and Communication(IEC) Materials on Child Road Safety / Upper Primary Information, Education and Communication(IEC) Materials / Child Road Safety / Information, Education and Communication(IEC) Materials on Child Road Safety / Junior School Information, Education and Communication(IEC) Materials / Child Road Safety / Information, Education and Communication(IEC) Materials on Child Road Safety / Senior School Information, Education and Communication(IEC) Materials / Child Road Safety / Teacher's Handbook Information, Education and Communication(IEC) Materials / Financial Literacy Learners’ Toolkit Teacher Resources Teacher Resources / Educational Resources Materials Development Teacher Resources / Educational Resources Materials Development / CRE Teacher Resources / Educational Resources Materials Development / English Teacher Resources / Educational Resources Materials Development / Environment Teacher Resources / Educational Resources Materials Development / Foundations Teacher Resources / Educational Resources Materials Development / H.R.E Teacher Resources / Educational Resources Materials Development / Hygiene and Nutrition Teacher Resources / Educational Resources Materials Development / I.R.E Teacher Resources / Educational Resources Materials Development / Kiswahili Teacher Resources / Educational Resources Materials Development / Language Activities Teacher Resources / Educational Resources Materials Development / Literacy Skills Teacher Resources / Educational Resources Materials Development / Mathematics Teacher Resources / Educational Resources Materials Development / Movements and Arts Teacher Resources / Pre-Primary Teacher Radio Programmes Teacher Resources / CBC Courses Teacher Resources / Special Needs Educations Teacher Resources / Interactive Digital Content for Teacher Education Teacher Resources / Interactive Digital Content for Teacher Education / English Teacher Resources / Interactive Digital Content for Teacher Education / Music Teacher Resources / Interactive Digital Content for Teacher Education / Christian Religious Education Teacher Resources / Interactive Digital Content for Teacher Education / Art and Craft Teacher Resources / Interactive Digital Content for Teacher Education / Indigenous Languages Teacher Resources / Interactive Digital Content for Teacher Education / Home science Teacher Resources / Interactive Digital Content for Teacher Education / Science and Technology Teacher Resources / Interactive Digital Content for Teacher Education / Islamic Religious Education Teacher Resources / Interactive Digital Content for Teacher Education / Mandarin Teacher Resources / Interactive Digital Content for Teacher Education / Agriculture Teacher Resources / Interactive Digital Content for Teacher Education / Mathematics Teacher Resources / Interactive Digital Content for Teacher Education / French Teacher Resources / Interactive Digital Content for Teacher Education / Hindu Religious Education Teacher Resources / Interactive Digital Content for Teacher Education / Social Studies Teacher Resources / Interactive Digital Content for Teacher Education / Kiswahili Teacher Resources / Interactive Digital Content for Teacher Education / Physical Education Teacher Resources / Interactive Digital Content for Teacher Education / Arabic Parental Resources Financial Literacy Financial Literacy / Financial Literacy for Junior School Financial Literacy / Financial Literacy for Junior School / Taxation Financial Literacy / Financial Literacy for Senior School Financial Literacy / Financial Literacy for Senior School / Taxation Search lessons Search Expand allInteractive Digital Content Educhannel Tv Lessons Radio Lessons Hygiene and NutritionE-books Interactive Digital Content Educhannel Tv Lessons Radio Lessons Hygiene and NutritionE-books Digital Content | Kenya Education Cloud | Unlimited Learning Experiences Skip to main content (Login) Grade 2 Home Lessons Primary Education Grade 2 Lesson categories: Pre-Primary Pre-Primary / Radio Lessons Pre-Primary / Educhannel Video Lessons Pre-Primary / Educhannel Video Lessons / Language Activities Pre-Primary / Educhannel Video Lessons / Mathematics Pre-Primary / Educhannel Video Lessons / Our School Pre-Primary / Educhannel Video Lessons / Picture Making Pre-Primary / Educhannel Video Lessons / Social Environment Pre-Primary / Educhannel Video Lessons / Pre-Primary 1 Pre-Primary / Educhannel Video Lessons / Pre-Primary 2 Pre-Primary / Interactive digital Content Pre-Primary / Ebooks Primary Education Primary Education / Grade 1 Primary Education / Grade 1 / Educhannel TV Lessons Primary Education / Grade 1 / Educhannel TV Lessons / English Primary Education / Grade 1 / Educhannel TV Lessons / Mathematics Primary Education / Grade 1 / Educhannel TV Lessons / Kiswahili Primary Education / Grade 1 / Educhannel TV Lessons / Kenya Sign Language(KSL) Primary Education / Grade 1 / Educhannel TV Lessons / Hygiene and nutrition Primary Education / Grade 1 / Educhannel TV Lessons / Environmental Activities Primary Education / Grade 1 / Interactive Digital Content Primary Education / Grade 1 / Radio Lessons Primary Education / Grade 1 / Radio Lessons / Mathematics Primary Education / Grade 1 / Radio Lessons / Mathematics / Grade 1 Term 2 Primary Education / Grade 1 / Radio Lessons / Mathematics / Grade 1 Term 3 Primary Education / Grade 1 / Radio Lessons / Kiswahili Primary Education / Grade 1 / Radio Lessons / Kiswahili / Grade 1 Term 2 Primary Education / Grade 1 / Radio Lessons / Kiswahili / Grade 1 Term 3 Primary Education / Grade 1 / Radio Lessons / English Primary Education / Grade 1 / Radio Lessons / English / Grade 1 Term 2 Primary Education / Grade 1 / Radio Lessons / English / Grade 1 Term 3 Primary Education / Grade 1 / Ebooks Primary Education / Grade 1 / Ebooks / Tusome readers Primary Education / Grade 1 / Ebooks / Indigenous Languages Primary Education / Grade 2 Primary Education / Grade 2 / Interactive Digital Content Primary Education / Grade 2 / Educhannel Tv Lessons Primary Education / Grade 2 / Educhannel Tv Lessons / Mathematics Primary Education / Grade 2 / Educhannel Tv Lessons / English Primary Education / Grade 2 / Radio Lessons Primary Education / Grade 2 / Radio Lessons / Mathematics Primary Education / Grade 2 / Radio Lessons / Mathematics / Grade 2 Term 2 Primary Education / Grade 2 / Radio Lessons / English Primary Education / Grade 2 / Radio Lessons / English / Grade 2 Term 2 Primary Education / Grade 2 / Radio Lessons / English / Grade 2 Term 3 Primary Education / Grade 2 / Radio Lessons / Kiswahili Primary Education / Grade 2 / Radio Lessons / Kiswahili / Grade 2 Term 3 Primary Education / Grade 2 / Hygiene and Nutrition Primary Education / Grade 2 / Hygiene and Nutrition / Grade 2 Term 2 Primary Education / Grade 2 / E-books Primary Education / Grade 2 / E-books / Tusome Readers Primary Education / Grade 3 Primary Education / Grade 3 / Radio Lessons Primary Education / Grade 3 / Radio Lessons / Mathematics Primary Education / Grade 3 / Radio Lessons / Mathematics / Grade 3 Term 2 Primary Education / Grade 3 / Radio Lessons / Mathematics / Grade 3 Term 3 Primary Education / Grade 3 / Radio Lessons / English Primary Education / Grade 3 / Radio Lessons / English / Grade 3 Term 2 Primary Education / Grade 3 / Radio Lessons / English / Grade 3 Term 3 Primary Education / Grade 3 / Radio Lessons / Environmental Activities Primary Education / Grade 3 / Radio Lessons / Environmental Activities / Grade 3 Term 2 Primary Education / Grade 3 / Radio Lessons / Kiswahili Primary Education / Grade 3 / Radio Lessons / Kiswahili / Grade 3 Term 3 Primary Education / Grade 3 / Educhannel TV Lessons Primary Education / Grade 3 / Educhannel TV Lessons / Mathematics Primary Education / Grade 3 / Educhannel TV Lessons / English Primary Education / Grade 3 / Educhannel TV Lessons / Kiswahili Primary Education / Grade 3 / Educhannel TV Lessons / Hygiene and Nutrition Primary Education / Grade 3 / Educhannel TV Lessons / Environmental Activities Primary Education / Grade 3 / Interactive Digital Content Primary Education / Grade 3 / EBooks Primary Education / Grade 3 / Tusome English Video Lessons Primary Education / Grade 3 / Tusome English Video Lessons / Tusome English Grade 3 Lessons Primary Education / Grade 4 Primary Education / Grade 4 / Educhannel Tv Lessons Primary Education / Grade 4 / Educhannel Tv Lessons / Home Science Primary Education / Grade 4 / Educhannel Tv Lessons / Agriculture Primary Education / Grade 4 / Educhannel Tv Lessons / Music Primary Education / Grade 4 / Educhannel Tv Lessons / Physical Education Primary Education / Grade 4 / Educhannel Tv Lessons / Art and Craft Primary Education / Grade 4 / Educhannel Tv Lessons / Kenya Sign Language Primary Education / Grade 4 / Educhannel Tv Lessons / Mathematics Primary Education / Grade 4 / Educhannel Tv Lessons / Science and Technology Primary Education / Grade 4 / Educhannel Tv Lessons / Social Studies Primary Education / Grade 4 / Educhannel Tv Lessons / English Primary Education / Grade 4 / Educhannel Tv Lessons / Kiswahili Primary Education / Grade 4 / Educhannel Tv Lessons / Environmental Activity Primary Education / Grade 4 / Radio lessons Primary Education / Grade 4 / Radio lessons / Social Studies Primary Education / Grade 4 / Radio lessons / Social Studies / Grade 4 Term 2 Primary Education / Grade 4 / Radio lessons / Social Studies / Grade 4 Term 3 Primary Education / Grade 4 / Radio lessons / CRE Primary Education / Grade 4 / Radio lessons / CRE / Grade 4 Term 2 Primary Education / Grade 4 / Radio lessons / English Primary Education / Grade 4 / Radio lessons / English / Grade 4 Term 2 Primary Education / Grade 4 / Radio lessons / English / Grade 4 Term 3 Primary Education / Grade 4 / Radio lessons / Hygiene and Nutrition Primary Education / Grade 4 / Radio lessons / Hygiene and Nutrition / Grade 4 Term 1 Primary Education / Grade 4 / Radio lessons / IRE Primary Education / Grade 4 / Radio lessons / IRE / Grade 4 Term 2 Primary Education / Grade 4 / Radio lessons / Science and Technology Primary Education / Grade 4 / Radio lessons / Science and Technology / Grade 4 Term 3 Primary Education / Grade 4 / Radio lessons / Agriculture Primary Education / Grade 4 / Radio lessons / Agriculture / Grade 4 Term 3 Primary Education / Grade 4 / Radio lessons / Mathematics Primary Education / Grade 4 / Radio lessons / Mathematics / Grade 4 Term 3 Primary Education / Grade 4 / SNE Primary Education / Grade 4 / Interactive Digital Content Primary Education / Grade 5 Primary Education / Grade 5 / Educhannel Tv Lessons Primary Education / Grade 5 / Educhannel Tv Lessons / English Primary Education / Grade 5 / Educhannel Tv Lessons / Kiswahili Primary Education / Grade 5 / Educhannel Tv Lessons / Mathematics Primary Education / Grade 5 / Radio Lessons Primary Education / Grade 5 / Radio Lessons / English Primary Education / Grade 5 / Radio Lessons / Science and Technology Primary Education / Grade 5 / Radio Lessons / Agriculture Primary Education / Grade 5 / Radio Lessons / Social studies Primary Education / Grade 5 / Radio Lessons / Christian Religious Education Primary Education / Grade 5 / Radio Lessons / Mathematics Primary Education / Grade 5 / Interactive Digital Content Primary Education / Grade 6 Primary Education / Grade 6 / Radio Lessons Primary Education / Grade 6 / Radio Lessons / CRE Primary Education / Grade 6 / Radio Lessons / Social Studies Primary Education / Grade 6 / Radio Lessons / Science Primary Education / Grade 6 / Radio Lessons / Kiswahili Primary Education / Grade 6 / Radio Lessons / English Primary Education / Grade 6 / Radio Lessons / Mathematics Primary Education / Grade 6 / Educhannel TV Lessons Primary Education / Grade 6 / Educhannel TV Lessons / Kiswahili Primary Education / Grade 6 / Educhannel TV Lessons / Agriculture Primary Education / Grade 6 / Educhannel TV Lessons / Art and Craft Primary Education / Grade 6 / Educhannel TV Lessons / English Primary Education / Grade 6 / Educhannel TV Lessons / Home Science Primary Education / Grade 6 / Educhannel TV Lessons / Music Primary Education / Grade 6 / Educhannel TV Lessons / Science and technology Primary Education / Grade 6 / Educhannel TV Lessons / Physical health education Primary Education / Grade 6 / Interactive Digital Content Junior School Junior School / Grade 8 Junior School / Grade 8 / Educhannel Tv Lessons Junior School / Grade 8 / Radio Lessons Junior School / Grade 8 / Interactive Digital Content Junior School / Grade 7 Junior School / Grade 7 / Educhannel TV lessons Junior School / Grade 7 / Radio Lessons Junior School / Grade 7 / Radio Lessons / Mathematics Junior School / Grade 7 / Radio Lessons / Kiswahili Junior School / Grade 7 / Radio Lessons / English Junior School / Grade 7 / Radio Lessons / Christian Religious Education Junior School / Grade 7 / Radio Lessons / Integrated Science Junior School / Grade 7 / Radio Lessons / Social Studies Junior School / Grade 7 / Radio Lessons / Pre-Technical Studies Junior School / Grade 7 / Interactive Digital Content Secondary Education Secondary Education / Form 1 Secondary Education / Form 1 / Interactive Digital Content Secondary Education / Form 1 / Educhannel Tv Lessons Secondary Education / Form 1 / Educhannel Tv Lessons / Mathematics Secondary Education / Form 1 / Educhannel Tv Lessons / English Secondary Education / Form 1 / Educhannel Tv Lessons / Physics Secondary Education / Form 1 / Educhannel Tv Lessons / Biology Secondary Education / Form 1 / Educhannel Tv Lessons / Chemistry Secondary Education / Form 1 / Educhannel Tv Lessons / Kiswahili Secondary Education / Form 1 / Educhannel Tv Lessons / History and Government Secondary Education / Form 1 / Educhannel Tv Lessons / Business Studies Secondary Education / Form 1 / Radio Lessons Secondary Education / Form 1 / Ebooks Secondary Education / Form 2 Secondary Education / Form 2 / Interactive Digital Content Secondary Education / Form 2 / Educhannel Tv Lessons Secondary Education / Form 2 / Educhannel Tv Lessons / Physics Secondary Education / Form 2 / Radio Lessons Secondary Education / Form 2 / Radio Lessons / Biology Secondary Education / Form 3 Secondary Education / Form 3 / Interactive Digital Content Secondary Education / Form 3 / Educhannel Tv Lessons Secondary Education / Form 3 / Educhannel Tv Lessons / Mathematics Secondary Education / Form 3 / Educhannel Tv Lessons / English Secondary Education / Form 3 / Educhannel Tv Lessons / Kiswahili Secondary Education / Form 3 / Educhannel Tv Lessons / Biology Secondary Education / Form 3 / Educhannel Tv Lessons / Chemistry Secondary Education / Form 3 / Educhannel Tv Lessons / Physics Secondary Education / Form 3 / Educhannel Tv Lessons / Business Studies Secondary Education / Form 3 / Educhannel Tv Lessons / History and Government Secondary Education / Form 3 / Radio Lessons Secondary Education / Form 4 Secondary Education / Form 4 / Interactive Digital Content Secondary Education / Form 4 / Educhannel Tv Lessons Secondary Education / Form 4 / Educhannel Tv Lessons / Form 4 Mathematics Secondary Education / Form 4 / Educhannel Tv Lessons / Form 4 English Secondary Education / Form 4 / Educhannel Tv Lessons / Form 4 Physics Secondary Education / Form 4 / Educhannel Tv Lessons / Form 4 Biology Secondary Education / Form 4 / Educhannel Tv Lessons / Form 4 Kiswahili Secondary Education / Form 4 / Educhannel Tv Lessons / Form 4 Chemistry Secondary Education / Form 4 / Educhannel Tv Lessons / Form 4 History and Government Secondary Education / Form 4 / Educhannel Tv Lessons / Form 4 Business Studies Secondary Education / Form 4 / Radio Lessons Secondary Education / Form 4 / Radio Lessons / Mathematics Secondary Education / Form 4 / Radio Lessons / Mathematics / Form 4 Term 1 Secondary Education / Form 4 / Radio Lessons / Mathematics / Form 4 Term 2 Secondary Education / Form 4 / Radio Lessons / Mathematics / Form 4 Term 3 General Knowledge General Knowledge / VOA Connect General Knowledge / Ask the expert General Knowledge / Citizenship and Democracy General Knowledge / Digital Story General Knowledge / Impacted Educhannel Lessons Educhannel Lessons / English Educhannel Lessons / English / Transport and travel Educhannel Lessons / English / Pronunciation skills Educhannel Lessons / English / Listening and speaking Educhannel Lessons / English / Family Educhannel Lessons / English / Environment Educhannel Lessons / English / Drug and Substance Educhannel Lessons / Agriculture Educhannel Lessons / Biology Educhannel Lessons / Biology / Living Things Educhannel Lessons / Biology / Secretion and homeostasis Educhannel Lessons / Biology / Support and movement Educhannel Lessons / Business Studies Educhannel Lessons / Chemistry Educhannel Lessons / Earth Movement and Volcanicity Educhannel Lessons / Environmental Activities Educhannel Lessons / Geograpghy Educhannel Lessons / History Educhannel Lessons / History / Kenyan History Educhannel Lessons / Homescience Educhannel Lessons / Homescience / Basic care clothing Educhannel Lessons / Kiswahili Educhannel Lessons / Kiswahili / Primary Educhannel Lessons / Kiswahili / Primary / Darasa 4-5 Educhannel Lessons / Kiswahili / Secondary Educhannel Lessons / Kiswahili / Secondary / Isimu Jamii Educhannel Lessons / Kiswahili / Secondary / Sarufi Educhannel Lessons / Mathematics Educhannel Lessons / Mathematics / Secondary Educhannel Lessons / Mathematics / Secondary / Commercial Arithmetics Educhannel Lessons / Mathematics / Primary Educhannel Lessons / Mathematics / Primary / Class 5-8 Educhannel Lessons / Mathematics / Primary / Class 5-8 / Practical uses of Money Educhannel Lessons / Mathematics / Primary / Class 5-8 / Measurement Educhannel Lessons / Organic Chemistry Educhannel Lessons / Performing Music Educhannel Lessons / Homescience Educhannel Lessons / Homescience / Basic care of clothing Educhannel Lessons / Art and Craft Educhannel Lessons / Physics Educhannel Lessons / Physics / Thermodynamics Educhannel Lessons / Physics / Mechanics Educhannel Lessons / Physics / Electricity and Magnetism Educhannel Lessons / The Doyen Exposition Educhannel Lessons / Science Educhannel Lessons / Science / Making work easier Educhannel Lessons / Science / Living Things Educhannel Lessons / Science / Energy conservation Educhannel Lessons / Physical and Health Education Educhannel Lessons / Physical and Health Education / Grade 1-4 Open Education Resourses(OERs) Open Education Resourses(OERs) / Movement and Creative Activities Open Education Resourses(OERs) / 	Religious Education Activities Open Education Resourses(OERs) / Mathematical Activities Open Education Resourses(OERs) / Environmental Activities Open Education Resourses(OERs) / Kiswahili Language Open Education Resourses(OERs) / LTK | Concordia University Open Education Resourses(OERs) / Hygiene and Nutrition Open Education Resourses(OERs) / ENGLISH LANGUAGE ACTIVITIES Open Education Resourses(OERs) / Casio Materials Open Education Resourses(OERs) / Health Education Open Education Resourses(OERs) / Carbon Literacy Special Needs Education Special Needs Education / Grade 1 Special Needs Education / Grade 1 / Adapted Interactive Digital Content for Hearing Impaired(HI) Special Needs Education / Grade 1 / Adapted Interactive Digital Content for Hearing Impaired(HI) / English Activities Special Needs Education / Grade 1 / Adapted Interactive Digital Content for Hearing Impaired(HI) / Environmental Activities Special Needs Education / Grade 1 / Adapted Interactive Digital Content for Hearing Impaired(HI) / Creative Activities Special Needs Education / Grade 1 / Adapted Interactive Digital Content for Visual Impaired(VI) Special Needs Education / Grade 2 Special Needs Education / Grade 2 / Adapted Interactive Digital Content for Hearing Impaired(HI) Special Needs Education / Grade 2 / Adapted Interactive Digital Content for Hearing Impaired(HI) / Mathematics Grade 2 Special Needs Education / Grade 2 / Adapted Interactive Digital Content for Hearing Impaired(HI) / Environmental Activities Grade 2 Special Needs Education / Grade 2 / Adapted Interactive Digital Content for Hearing Impaired(HI) / Hygiene and Nutrition Grade 2 Special Needs Education / Grade 2 / Adapted Interactive Digital Content for Hearing Impaired(HI) / Christian Religious Education Grade 2 (HI) Special Needs Education / Grade 2 / Adapted Interactive Digital Content for Hearing Impaired(HI) / Literacy Activities Grade2 (HI) Special Needs Education / Grade 2 / Adapted Interactive Digital Content for Hearing Impaired(HI) / English Activities Grad2 H.I Special Needs Education / Grade 2 / Adapted Interactive Digital Content for Hearing Impaired(HI) / Creative Activities Grade2 -H.I Special Needs Education / Grade 2 / Adapted Interactive Digital Content for Visual Impaired(VI) Special Needs Education / Grade 2 / Adapted Interactive Digital Content for Visual Impaired(VI) / Mathematics Special Needs Education / Grade 2 / Adapted Interactive Digital Content for Visual Impaired(VI) / Kiswahili Special Needs Education / Grade 2 / Adapted Interactive Digital Content for Visual Impaired(VI) / English Special Needs Education / Grade 2 / Adapted Interactive Digital Content for Visual Impaired(VI) / Creative Activities Special Needs Education / Grade 2 / Adapted Interactive Digital Content for Visual Impaired(VI) / CRE Special Needs Education / Grade 3 Special Needs Education / Grade 3 / Adapted Interactive Digital Content for Learners with Hearing Impairment (HI) Special Needs Education / Grade 3 / Adapted Interactive Digital Content for Learners with Hearing Impairment (HI) / Visual Arts Special Needs Education / Grade 3 / Adapted Interactive Digital Content for Learners with Hearing Impairment (HI) / English Special Needs Education / Grade 3 / Adapted Interactive Digital Content for Learners with Hearing Impairment (HI) / Hygiene and Nutrition Special Needs Education / Grade 3 / Adapted Interactive Digital Content for Learners with Hearing Impairment (HI) / Music Special Needs Education / Grade 3 / Adapted Interactive Digital Content for Learners with Hearing Impairment (HI) / Mathematics Special Needs Education / Grade 3 / Adapted Interactive Digital Content for Learners with Hearing Impairment (HI) / Environmental Special Needs Education / Grade 3 / Adapted Interactive Digital Content for Learners with Hearing Impairment (HI) / CRE Special Needs Education / Grade 3 / Adapted Interactive Digital Content for Learners with Visual Impairment (VI) Special Needs Education / Grade 3 / Adapted Interactive Digital Content for Learners with Visual Impairment (VI) / Music Special Needs Education / Grade 3 / Adapted Interactive Digital Content for Learners with Visual Impairment (VI) / Mathematics Special Needs Education / Grade 3 / Adapted Interactive Digital Content for Learners with Visual Impairment (VI) / Visual Arts Special Needs Education / Grade 3 / Adapted Interactive Digital Content for Learners with Visual Impairment (VI) / Kiswahili Special Needs Education / Grade 3 / Adapted Interactive Digital Content for Learners with Visual Impairment (VI) / Hygiene and Nutrition Special Needs Education / Grade 3 / Adapted Interactive Digital Content for Learners with Visual Impairment (VI) / Environmental Special Needs Education / Grade 3 / Adapted Interactive Digital Content for Learners with Visual Impairment (VI) / English Special Needs Education / Grade 3 / Adapted Interactive Digital Content for Learners with Visual Impairment (VI) / CRE Special Needs Education / Grade 4 Special Needs Education / Grade 4 / Adapted Interactive Digital Content for Learners with Hearing Impairment (HI) Special Needs Education / Grade 4 / Adapted Interactive Digital Content for Learners with Hearing Impairment (HI) / Mathematics Special Needs Education / Grade 4 / Adapted Interactive Digital Content for Learners with Hearing Impairment (HI) / English Special Needs Education / Grade 4 / Adapted Interactive Digital Content for Learners with Hearing Impairment (HI) / Science and Technology Special Needs Education / Grade 4 / Adapted Interactive Digital Content for Learners with Hearing Impairment (HI) / Agriculture Special Needs Education / Grade 4 / Adapted Interactive Digital Content for Learners with Hearing Impairment (HI) / Social Studies Special Needs Education / Grade 4 / Adapted Interactive Digital Content for Learners with Hearing Impairment (HI) / Home Science Special Needs Education / Grade 4 / Adapted Interactive Digital Content for Learners with Hearing Impairment (HI) / Art and Craft Special Needs Education / Grade 4 / Adapted Interactive Digital Content for Learners with Hearing Impairment (HI) / Music Special Needs Education / Grade 4 / Adapted Interactive Digital Content for Learners with Hearing Impairment (HI) / Christian Religious Education (CRE) Special Needs Education / Grade 4 / Adapted Interactive Digital Content for Learners with Visual Impairment (VI) Special Needs Education / Grade 4 / Adapted Interactive Digital Content for Learners with Visual Impairment (VI) / Mathematics Special Needs Education / Grade 4 / Adapted Interactive Digital Content for Learners with Visual Impairment (VI) / English Special Needs Education / Grade 4 / Adapted Interactive Digital Content for Learners with Visual Impairment (VI) / Kiswahili Special Needs Education / Grade 4 / Adapted Interactive Digital Content for Learners with Visual Impairment (VI) / Science and Technology Special Needs Education / Grade 4 / Adapted Interactive Digital Content for Learners with Visual Impairment (VI) / Agriculture Special Needs Education / Grade 4 / Adapted Interactive Digital Content for Learners with Visual Impairment (VI) / Social Studies Special Needs Education / Grade 4 / Adapted Interactive Digital Content for Learners with Visual Impairment (VI) / Home Science Special Needs Education / Grade 4 / Adapted Interactive Digital Content for Learners with Visual Impairment (VI) / Art and Craft Special Needs Education / Grade 4 / Adapted Interactive Digital Content for Learners with Visual Impairment (VI) / Christian Religious Education (CRE) Special Needs Education / Grade 4 / Adapted Interactive Digital Content for Learners with Visual Impairment (VI) / Music Special Needs Education / Grade 5 Special Needs Education / Grade 5 / Adapted Interactive Digital Content for Learners with Hearing Impairment (HI) Special Needs Education / Grade 5 / Adapted Interactive Digital Content for Learners with Hearing Impairment (HI) / English Special Needs Education / Grade 5 / Adapted Interactive Digital Content for Learners with Hearing Impairment (HI) / Christian Religious Education Special Needs Education / Grade 5 / Adapted Interactive Digital Content for Learners with Hearing Impairment (HI) / Social Studies Special Needs Education / Grade 5 / Adapted Interactive Digital Content for Learners with Hearing Impairment (HI) / Agriculture and Nutrition Special Needs Education / Grade 5 / Adapted Interactive Digital Content for Learners with Hearing Impairment (HI) / Creative Arts Special Needs Education / Grade 5 / Adapted Interactive Digital Content for Learners with Hearing Impairment (HI) / Mathematics Special Needs Education / Grade 5 / Adapted Interactive Digital Content for Learners with Hearing Impairment (HI) / Science and Technology Special Needs Education / Grade 5 / Adapted Interactive Digital Content for Learners with Hearing Impairment (HI) / Islamic Religious Education Special Needs Education / Grade 5 / Adapted Interactive Digital Content for Learners with Visual Impairment (VI) Special Needs Education / Grade 5 / Adapted Interactive Digital Content for Learners with Visual Impairment (VI) / Creative Arts Special Needs Education / Grade 5 / Adapted Interactive Digital Content for Learners with Visual Impairment (VI) / Social Studies Special Needs Education / Grade 5 / Adapted Interactive Digital Content for Learners with Visual Impairment (VI) / Kiswahili Special Needs Education / Grade 5 / Adapted Interactive Digital Content for Learners with Visual Impairment (VI) / Christian Religious Education Special Needs Education / Grade 5 / Adapted Interactive Digital Content for Learners with Visual Impairment (VI) / Science and Technology Special Needs Education / Grade 5 / Adapted Interactive Digital Content for Learners with Visual Impairment (VI) / Agriculture and Nutrition Special Needs Education / Grade 5 / Adapted Interactive Digital Content for Learners with Visual Impairment (VI) / Islamic Religious Education Special Needs Education / Grade 5 / Adapted Interactive Digital Content for Learners with Visual Impairment (VI) / Mathematics Special Needs Education / Grade 5 / Adapted Interactive Digital Content for Learners with Visual Impairment (VI) / English Special Needs Education / Grade 6 Special Needs Education / Grade 6 / Adapted Interactive Digital Content for Learners with Hearing Impairment (HI) Special Needs Education / Grade 6 / Adapted Interactive Digital Content for Learners with Hearing Impairment (HI) / Science and Technology Special Needs Education / Grade 6 / Adapted Interactive Digital Content for Learners with Hearing Impairment (HI) / Christian Religious Education Special Needs Education / Grade 6 / Adapted Interactive Digital Content for Learners with Hearing Impairment (HI) / Creative Arts Special Needs Education / Grade 6 / Adapted Interactive Digital Content for Learners with Hearing Impairment (HI) / Islamic Religious Education Special Needs Education / Grade 6 / Adapted Interactive Digital Content for Learners with Hearing Impairment (HI) / English Special Needs Education / Grade 6 / Adapted Interactive Digital Content for Learners with Hearing Impairment (HI) / Social Studies Special Needs Education / Grade 6 / Adapted Interactive Digital Content for Learners with Hearing Impairment (HI) / Agriculture Special Needs Education / Grade 6 / Adapted Interactive Digital Content for Learners with Hearing Impairment (HI) / Mathematics Special Needs Education / Grade 6 / Adapted Interactive Digital Content for Learners with Visual Impairment (VI) Special Needs Education / Grade 6 / Adapted Interactive Digital Content for Learners with Visual Impairment (VI) / Christian Religious Education Special Needs Education / Grade 6 / Adapted Interactive Digital Content for Learners with Visual Impairment (VI) / Kiswahili Special Needs Education / Grade 6 / Adapted Interactive Digital Content for Learners with Visual Impairment (VI) / English Special Needs Education / Grade 6 / Adapted Interactive Digital Content for Learners with Visual Impairment (VI) / Creative Arts Special Needs Education / Grade 6 / Adapted Interactive Digital Content for Learners with Visual Impairment (VI) / Mathematics Special Needs Education / Grade 6 / Adapted Interactive Digital Content for Learners with Visual Impairment (VI) / Science and Technology Special Needs Education / Grade 6 / Adapted Interactive Digital Content for Learners with Visual Impairment (VI) / Islamic Religious Education Special Needs Education / Grade 6 / Adapted Interactive Digital Content for Learners with Visual Impairment (VI) / Social Studies Special Needs Education / Grade 6 / Adapted Interactive Digital Content for Learners with Visual Impairment (VI) / Agriculture and Nutrition Special Needs Education / Ebooks Special Needs Education / Videos Special Needs Education / Foundational and Stage-Based Special Needs Education / Prevocational Level Special Needs Education / Prevocational Level / Music Special Needs Education / Prevocational Level / Hindu Religious Education Special Needs Education / Prevocational Level / Christian Religious Education Special Needs Education / Prevocational Level / Physical Education Special Needs Education / Prevocational Level / Islamic Religious Education Special Needs Education / Prevocational Level / Social Studies Special Needs Education / Prevocational Level / Prevocational Skills 1 Special Needs Education / Prevocational Level / Prevocational Skills 2 Special Needs Education / Prevocational Level / Prevocational Skills 3 Accessible Digital Textbooks Interactive Simulations for Sciences and Mathematics Interactive Simulations for Sciences and Mathematics / Physics Interactive Simulations for Sciences and Mathematics / Chemistry Interactive Simulations for Sciences and Mathematics / Mathematics Information, Education and Communication(IEC) Materials Information, Education and Communication(IEC) Materials / Child Online Safety Information, Education and Communication(IEC) Materials / Child Road Safety Information, Education and Communication(IEC) Materials / Child Road Safety / Integration Matrices Information, Education and Communication(IEC) Materials / Child Road Safety / Integration Matrices / Early Years Education Information, Education and Communication(IEC) Materials / Child Road Safety / Integration Matrices / Upper Primary Information, Education and Communication(IEC) Materials / Child Road Safety / Integration Matrices / Junior School Information, Education and Communication(IEC) Materials / Child Road Safety / Integration Matrices / Senior School Information, Education and Communication(IEC) Materials / Child Road Safety / Information, Education and Communication(IEC) Materials on Child Road Safety Information, Education and Communication(IEC) Materials / Child Road Safety / Information, Education and Communication(IEC) Materials on Child Road Safety / Early Years Education Information, Education and Communication(IEC) Materials / Child Road Safety / Information, Education and Communication(IEC) Materials on Child Road Safety / Upper Primary Information, Education and Communication(IEC) Materials / Child Road Safety / Information, Education and Communication(IEC) Materials on Child Road Safety / Junior School Information, Education and Communication(IEC) Materials / Child Road Safety / Information, Education and Communication(IEC) Materials on Child Road Safety / Senior School Information, Education and Communication(IEC) Materials / Child Road Safety / Teacher's Handbook Information, Education and Communication(IEC) Materials / Financial Literacy Learners’ Toolkit Teacher Resources Teacher Resources / Educational Resources Materials Development Teacher Resources / Educational Resources Materials Development / CRE Teacher Resources / Educational Resources Materials Development / English Teacher Resources / Educational Resources Materials Development / Environment Teacher Resources / Educational Resources Materials Development / Foundations Teacher Resources / Educational Resources Materials Development / H.R.E Teacher Resources / Educational Resources Materials Development / Hygiene and Nutrition Teacher Resources / Educational Resources Materials Development / I.R.E Teacher Resources / Educational Resources Materials Development / Kiswahili Teacher Resources / Educational Resources Materials Development / Language Activities Teacher Resources / Educational Resources Materials Development / Literacy Skills Teacher Resources / Educational Resources Materials Development / Mathematics Teacher Resources / Educational Resources Materials Development / Movements and Arts Teacher Resources / Pre-Primary Teacher Radio Programmes Teacher Resources / CBC Courses Teacher Resources / Special Needs Educations Teacher Resources / Interactive Digital Content for Teacher Education Teacher Resources / Interactive Digital Content for Teacher Education / English Teacher Resources / Interactive Digital Content for Teacher Education / Music Teacher Resources / Interactive Digital Content for Teacher Education / Christian Religious Education Teacher Resources / Interactive Digital Content for Teacher Education / Art and Craft Teacher Resources / Interactive Digital Content for Teacher Education / Indigenous Languages Teacher Resources / Interactive Digital Content for Teacher Education / Home science Teacher Resources / Interactive Digital Content for Teacher Education / Science and Technology Teacher Resources / Interactive Digital Content for Teacher Education / Islamic Religious Education Teacher Resources / Interactive Digital Content for Teacher Education / Mandarin Teacher Resources / Interactive Digital Content for Teacher Education / Agriculture Teacher Resources / Interactive Digital Content for Teacher Education / Mathematics Teacher Resources / Interactive Digital Content for Teacher Education / French Teacher Resources / Interactive Digital Content for Teacher Education / Hindu Religious Education Teacher Resources / Interactive Digital Content for Teacher Education / Social Studies Teacher Resources / Interactive Digital Content for Teacher Education / Kiswahili Teacher Resources / Interactive Digital Content for Teacher Education / Physical Education Teacher Resources / Interactive Digital Content for Teacher Education / Arabic Parental Resources Financial Literacy Financial Literacy / Financial Literacy for Junior School Financial Literacy / Financial Literacy for Junior School / Taxation Financial Literacy / Financial Literacy for Senior School Financial Literacy / Financial Literacy for Senior School / Taxation Search lessons Search Expand allInteractive Digital Content Educhannel Tv Lessons Radio Lessons Hygiene and NutritionE-books Home Calendar Pre-primary Pre-Primary 1 Pre-Primary 2 Primary Grade 1 Grade 2 Grade 3 Grade 4 Grade 5 Grade 6 Secondary Grade 7 Grade 8 Form 1 Form 2 Form 3 Form 4 OER's SNE The Kenya Education Cloud (KEC) is a digital platform designed to enhance teaching and learning in Kenya by providing a wide range of digital educational resources. Serving as a centralized hub for e-learning, it promotes access to interactive content, supports modern pedagogical methods, and fosters collaboration among educators and learners. External Links Ministry of Education Kenya National Examinations Council Teachers Service Commission Kenya Kenya Institute of Special Education (KISE) ICT Authority TVET Authority Elimika Additional Resources Accessible Digital Textbook (ADT) Curriculum Reports Parental Resources Child Online Protection Guidelines Our Contacts Kenya Institute of Curriculum DevelopmentDesai Rd, Off Muranga Rd,Nairobi, Kenya. Telephone Contacts+254 729327331 +254 729327334 Email Addressinfo@kicd.ac.ke Kenya Education Cloud © 2024. All rights reserved. Privacy Policy Terms & Conditions (Login) Data retention summary","['mathematics', 'english', 'kiswahili', 'biology', 'chemistry', 'physics', 'geography', 'history', 'business', 'computer', 'agriculture', 'home_science', 'art', 'music', 'physical_education', 'religious_education']",form_1,cbc,[],2025-09-08T00:50:00.850332,unknown,primary,,grade_2,
https://oer.kec.ac.ke/all-forums/,All Forums – oer.kec.ac.ke,,"Home About Learning Areas Resources Menu Toggle Learning Areas Forums Events Calendar Mobile App Contact Log In Register Home About Learning Areas Resources Menu Toggle Learning Areas Forums Events Calendar Mobile App Contact Log In Register Home About Learning Areas Resources Menu Toggle Learning Areas Forums Events Calendar Mobile App Contact Log In Register Home About Learning Areas Resources Menu Toggle Learning Areas Forums Events Calendar Mobile App Contact Log In Register Home About Learning Areas Resources Menu Toggle Learning Areas Forums Events Calendar Mobile App Contact Log In Register Main Menu Main Menu Home About Learning Areas Resources Menu Toggle Learning Areas Forums Events Calendar Mobile App Contact Log In Register Home About Learning Areas Resources Menu Toggle Learning Areas Forums Events Calendar Mobile App Contact Log In Register Home About Learning Areas Resources Menu Toggle Learning Areas Forums Events Calendar Mobile App Contact Log In Register Home About Learning Areas Resources Menu Toggle Learning Areas Forums Events Calendar Mobile App Contact Log In Register Forums Search for: Main › Forums Forum Topics Posts Last Post Grade 6 Science and Technology This forum is for Grade 6 Science and Technology. You can ask questions and make comments to existing questions. 2 5 1 week, 1 day ago lucas kungu Share on Facebook Share on LinkedIn Email this Page Forums Search for: Main › Forums Forum Topics Posts Last Post Grade 6 Science and Technology This forum is for Grade 6 Science and Technology. You can ask questions and make comments to existing questions. 2 5 1 week, 1 day ago lucas kungu Share on Facebook Share on LinkedIn Email this Page Forums Search for: Main › Forums Forum Topics Posts Last Post Grade 6 Science and Technology This forum is for Grade 6 Science and Technology. You can ask questions and make comments to existing questions. 2 5 1 week, 1 day ago lucas kungu Share on Facebook Share on LinkedIn Email this Page This forum is for Grade 6 Science and Technology. You can ask questions and make comments to existing questions. All Forums – oer.kec.ac.ke Skip to content Home About Learning Areas Resources Menu Toggle Learning Areas Forums Events Calendar Mobile App Contact Log In Register Main Menu Home About Learning Areas Resources Menu Toggle Learning Areas Forums Events Calendar Mobile App Contact Log In Register Forums Search for: Main › Forums Forum Topics Posts Last Post Grade 6 Science and Technology This forum is for Grade 6 Science and Technology. You can ask questions and make comments to existing questions. 2 5 1 week, 1 day ago lucas kungu Share on Facebook Share on LinkedIn Email this Page Kenya Institute ofCurriculum DevelopmentOpen Education Resources“Nurturing Every Learners Potential” The Kenya Institute of Curriculum Development(KICD) is an Institute established through the KICDAct No. 4 of 2013 of the laws of Kenya. © 2025 Kenya Institute of Curriculum Development.All Rights Reserved Our Contacts Kenya Institute of Curriculum Development Desai Rd, Off­ Muranga Rd, Nairobi, Kenya. Telephone Contacts +254 20 3749900-9 +254 20 3749900-3 +254 729 327 334 +254 787 883 311 Email Address info@kicd.ac.ke Developed by Darasa Online, a subsidiary of Mashariki Ltd. (Kenya)",['computer'],grade_6,unknown,[],2025-09-08T00:50:02.720091,unknown,,,,
